Postcode,Sale or Let,Price Qualifier,DESC Council Tax Band,RTD3316_condition1 - Condition Description,# of Enquiry or viewings,# of Apps/Offers,bedroom number,kitchen number,living number,bathroom number,dining number,other number,Allocated,Communal,Covered,Driveway,Garage,Gated,Off Street,On Street,Permit,Private,Rear,Residents,Back Garden,Communal Garden,Enclosed Garden,Front Garden,Patio,Private Garden,Rear Garden,Terrace,Level access,Lift access,Not suitable for wheelchair users,Ramped access,Wet room,Wide doorways,Air Conditioning,Central,Double Glazing,Eco-Friendly,Electric,Gas,Gas Central,Night Storage,Oil,Solar,Solar Water,Under Floor,Predict Price,Actual Price
3610,0,3,1,1,0.0,6.0,2,1,1,1,1,1,0,0,0,0,0,0,0,1,0,0,0,0,1,0,1,1,0,0,0,0,0,0,0,0,0,0,0,1,1,0,0,0,1,0,0,0,0,0,625.7557373046875,600.0
3647,1,7,3,1,0.0,4.0,3,1,0,2,1,0,0,0,0,1,1,0,0,0,0,0,0,0,1,0,0,0,0,0,0,0,0,0,1,0,0,0,0,0,0,0,0,0,1,0,0,0,0,0,389552.875,380000.0
3650,1,7,4,1,0.0,1.0,4,1,0,1,1,3,0,0,0,1,0,0,0,0,0,0,0,0,0,0,0,0,0,1,0,0,0,0,0,0,0,0,0,0,0,0,0,0,1,0,0,0,0,0,474756.71875,475000.0
3620,0,3,0,1,0.0,7.0,2,1,1,1,1,4,0,0,0,1,0,0,1,0,0,0,0,0,1,0,1,0,0,1,0,0,0,0,0,0,0,0,0,0,1,0,0,0,1,0,0,0,0,0,733.2947998046875,625.0
3596,0,3,1,1,0.0,3.0,3,1,1,1,1,1,0,0,0,1,0,0,1,0,0,1,0,0,0,0,1,1,0,1,0,0,0,0,0,0,0,0,0,1,1,0,0,0,1,0,0,0,0,0,880.0926513671875,695.0
3597,1,4,4,1,0.0,1.0,5,1,1,3,1,9,0,0,0,1,0,1,0,0,0,1,0,0,1,0,1,0,0,1,0,0,0,0,0,0,0,0,0,1,1,0,0,0,1,0,0,0,0,0,360698.375,350000.0
3648,1,2,1,1,0.0,5.0,2,1,0,1,0,1,0,0,0,1,0,0,0,1,0,0,0,0,1,0,1,1,0,0,0,0,0,0,1,0,0,0,0,0,0,0,0,0,1,0,0,0,0,0,149550.453125,200000.0
3623,1,6,2,1,0.0,2.0,3,1,0,2,1,2,0,0,0,1,0,0,1,0,0,1,0,0,1,0,0,1,0,1,0,0,0,0,0,0,0,0,0,1,1,0,0,0,1,0,0,0,0,0,335865.59375,155000.0
5400,1,6,2,1,0.0,0.0,3,1,0,1,0,11,0,0,0,1,0,0,1,0,0,0,0,0,0,0,0,1,0,0,1,0,1,0,0,0,0,0,0,0,0,0,1,0,0,0,0,0,0,0,203972.53125,200000.0
3607,1,6,2,1,0.0,6.0,3,1,1,2,1,4,0,0,0,1,0,0,1,0,0,1,0,0,1,0,1,0,0,0,1,0,0,0,0,0,0,0,0,1,1,0,0,0,1,0,0,0,0,0,157601.046875,160000.0
1543,1,6,1,1,0.0,0.0,2,1,0,1,1,4,1,0,0,0,0,0,1,0,0,0,0,0,0,0,0,1,0,0,1,0,1,0,0,0,0,0,0,0,1,0,0,0,1,0,0,0,0,0,172509.40625,170000.0
2920,1,6,2,1,0.0,0.0,3,1,0,2,1,4,1,0,0,0,0,0,0,0,0,0,0,0,0,0,0,1,0,0,1,0,0,0,0,0,0,0,0,0,0,0,0,0,1,0,0,0,0,0,228719.46875,220000.0
2198,1,7,3,1,0.0,0.0,3,1,0,2,1,3,1,0,0,0,0,0,1,0,0,0,0,0,0,0,0,0,0,0,0,0,0,0,1,0,0,0,0,0,1,0,0,0,1,0,0,0,0,0,282464.625,280000.0
2921,0,3,1,1,0.0,1.0,2,1,0,1,1,0,1,0,0,0,0,0,0,0,0,0,0,0,0,1,0,0,0,0,0,0,0,1,0,0,0,0,0,0,0,0,0,0,1,0,0,0,0,0,161.47842407226562,600.0
2921,1,7,2,1,0.0,0.0,3,1,0,2,1,3,0,0,0,1,0,0,1,0,0,0,0,0,1,0,0,0,0,0,0,0,0,0,0,0,0,0,0,0,0,0,0,0,1,0,0,0,0,0,166721.890625,167000.0
5169,1,4,6,1,0.0,0.0,4,1,0,1,1,7,0,0,0,0,1,0,0,0,0,0,0,0,1,0,0,0,0,0,0,0,0,0,0,0,0,0,0,0,1,0,0,0,1,0,0,0,0,0,805771.375,825000.0
3885,0,3,0,1,0.0,4.0,2,1,1,2,1,2,0,0,0,0,0,0,1,0,0,0,0,0,0,0,1,0,0,0,1,0,0,0,0,0,0,0,0,0,1,0,0,0,1,0,0,0,0,0,566.2655029296875,625.0
3908,0,3,1,1,0.0,2.0,2,1,0,1,1,4,0,0,0,1,0,0,0,0,0,0,0,0,0,0,0,0,0,0,1,1,0,0,0,0,0,0,0,0,1,0,0,0,1,0,0,0,0,0,600.6356201171875,625.0
3919,1,6,0,1,0.0,1.0,4,1,0,1,1,2,0,0,0,0,0,1,1,0,0,0,0,0,0,0,1,0,0,1,1,0,0,0,0,0,0,0,0,0,1,0,0,0,1,0,0,0,0,0,131499.234375,130000.0
3918,1,6,0,1,0.0,2.0,2,1,1,1,1,2,0,0,0,0,0,0,1,0,0,0,1,0,0,0,0,1,0,0,0,0,0,0,0,0,0,0,0,0,1,0,0,0,1,0,0,0,0,0,187458.359375,85000.0
3907,1,2,0,3,0.0,0.0,3,1,0,2,0,3,0,0,0,1,1,0,1,0,0,0,0,0,1,0,0,1,0,0,0,0,0,0,0,0,1,0,0,0,1,0,0,0,1,0,0,0,0,0,82093.1796875,83000.0
3904,0,3,0,1,0.0,1.0,3,1,0,1,1,2,0,0,0,0,0,1,1,0,0,0,1,0,1,0,0,0,0,0,0,0,0,0,0,0,0,0,0,0,1,0,0,0,1,0,0,0,0,0,527.0721435546875,475.0
5333,1,6,1,3,0.0,1.0,2,2,1,1,0,6,0,0,0,0,0,0,0,0,0,0,0,0,0,0,1,0,1,0,0,0,0,0,0,0,0,0,0,0,0,0,0,0,1,0,0,0,0,0,92414.8984375,90000.0
3920,1,6,3,1,0.0,0.0,4,1,0,2,1,8,0,0,0,1,1,0,1,0,0,0,0,0,0,0,0,1,1,0,1,0,0,0,0,0,0,0,0,0,1,0,0,0,1,0,0,0,0,0,239395.171875,230000.0
3896,0,3,0,1,0.0,1.0,2,1,1,1,1,2,0,0,0,0,0,0,0,1,0,0,0,0,0,0,1,0,0,0,1,0,0,0,0,0,0,0,0,0,1,0,0,0,1,0,0,0,0,0,340.1014709472656,460.0
3917,0,3,0,1,0.0,2.0,2,1,0,1,0,4,0,0,0,0,0,0,1,0,0,0,0,0,1,0,1,0,0,0,1,0,0,0,0,0,0,0,0,0,1,0,0,0,1,0,0,0,0,0,417.0096740722656,475.0
3916,0,3,1,1,0.0,4.0,3,1,0,1,1,3,0,0,0,1,0,0,1,0,0,0,0,0,1,0,1,1,0,0,0,0,0,0,0,0,0,0,0,0,1,0,0,0,1,0,0,0,0,0,747.1434326171875,650.0
3911,1,6,1,3,0.0,2.0,3,1,0,1,1,4,0,0,0,1,1,0,0,0,0,0,0,0,1,0,1,1,0,0,0,0,0,0,0,0,0,0,0,0,0,0,0,0,1,0,0,0,0,0,152967.0,150000.0
3912,0,3,1,1,0.0,1.0,2,1,0,1,0,3,0,0,0,0,1,0,1,0,0,0,0,1,0,1,0,0,0,0,0,0,1,0,0,0,0,0,0,1,0,0,1,0,0,0,0,0,0,0,0.0,495.0
3910,0,3,1,1,0.0,2.0,2,1,0,1,1,3,1,0,0,0,1,0,0,0,0,0,0,0,0,1,0,0,0,0,0,0,0,0,0,0,0,0,0,0,1,0,0,0,1,0,0,0,0,0,849.9276123046875,475.0
3909,0,3,0,1,0.0,5.0,3,1,1,1,1,2,0,0,0,0,0,0,0,1,0,0,0,0,1,0,1,1,0,0,0,0,0,0,0,0,0,0,0,0,1,0,0,0,1,0,0,0,0,0,0.0,575.0
2561,0,3,1,1,0.0,2.0,2,1,1,1,1,1,0,0,0,0,0,0,0,0,0,0,0,0,1,0,0,1,0,0,0,0,0,0,0,0,0,0,0,0,0,0,0,0,1,0,0,0,0,0,1032.8045654296875,675.0
2491,1,4,0,1,0.0,1.0,2,2,0,2,2,7,0,0,0,1,0,1,0,0,0,1,0,0,1,0,0,0,0,0,0,0,0,0,0,0,0,0,0,0,1,0,0,0,1,0,0,0,0,0,92743.7578125,105000.0
2525,1,4,2,1,0.0,4.0,1,1,1,1,1,2,0,0,0,0,0,0,0,0,0,0,0,0,0,0,0,0,0,0,0,0,0,0,0,0,0,0,0,0,0,0,1,0,0,0,0,0,0,0,108386.0390625,110000.0
5542,0,3,1,1,0.0,0.0,3,1,0,1,0,2,0,0,0,0,0,0,0,0,0,0,0,0,1,0,0,0,0,0,0,0,1,0,0,0,0,0,0,0,0,0,0,0,1,0,0,0,0,0,753.6619873046875,500.0
2494,1,7,1,1,0.0,2.0,2,2,1,1,0,5,1,0,0,0,0,0,1,0,0,1,0,0,0,1,0,0,0,0,0,0,0,0,0,0,0,0,0,1,1,0,0,0,0,0,0,0,0,0,114493.2890625,108000.0
1175,0,3,3,1,0.0,2.0,3,1,0,2,1,3,1,0,0,1,1,0,0,0,0,0,0,0,1,0,1,0,0,0,0,1,1,0,0,0,0,0,0,1,1,0,0,0,1,0,0,0,0,0,802.8065185546875,1250.0
4263,1,7,4,1,0.0,3.0,5,1,2,1,0,7,0,0,0,1,0,1,1,0,0,0,0,0,1,0,1,0,0,0,0,1,1,0,0,0,0,0,0,1,0,0,0,0,0,0,1,0,0,0,652819.625,660000.0
4208,1,7,2,1,0.0,3.0,4,1,0,0,1,6,0,0,0,1,1,0,1,0,0,0,0,0,1,0,1,1,0,0,0,0,0,0,1,0,0,0,0,1,1,0,0,0,0,0,1,0,0,0,398383.9375,395000.0
1176,0,3,3,1,0.0,1.0,3,1,0,1,1,3,1,0,0,0,1,0,0,0,0,0,0,0,1,0,1,0,0,1,0,0,0,0,1,0,0,0,0,1,1,0,0,1,0,0,0,0,0,0,991.8533935546875,1250.0
5158,1,2,4,1,0.0,2.0,3,1,0,1,2,8,0,0,0,1,0,0,1,0,0,0,0,0,1,0,0,0,1,1,0,0,0,0,0,0,0,0,0,0,1,0,0,0,1,0,0,0,0,0,456300.15625,450000.0
5132,1,2,3,1,0.0,1.0,3,1,0,0,1,7,0,0,0,1,1,0,1,0,0,0,0,0,1,0,0,0,0,1,1,0,0,0,0,0,0,0,0,0,1,1,0,0,1,0,0,0,0,0,440475.4375,425000.0
5157,1,2,5,1,0.0,0.0,5,1,1,2,1,6,0,0,0,1,0,0,1,0,0,0,0,0,1,0,0,1,0,1,0,0,0,0,0,0,0,0,0,0,1,0,0,0,1,0,0,0,0,1,600889.6875,600000.0
5154,1,2,3,1,0.0,1.0,2,1,0,1,1,3,0,0,0,0,0,0,0,1,0,0,0,0,1,0,0,0,0,1,1,0,0,0,1,0,0,0,0,0,1,0,0,1,1,0,0,0,0,0,358009.8125,350000.0
5150,1,2,3,1,0.0,2.0,3,1,1,2,0,6,0,0,0,0,0,0,0,1,0,0,0,0,1,0,1,0,0,1,0,0,0,0,0,0,0,0,0,0,1,0,0,1,1,0,0,0,0,0,441259.3125,445000.0
3806,1,7,0,1,0.0,1.0,3,1,0,2,1,4,0,0,0,1,1,0,1,0,0,0,0,0,1,0,1,0,0,0,1,0,0,0,1,0,0,0,0,1,1,0,0,0,1,0,0,0,0,0,228326.5625,117000.0
3779,1,7,2,4,0.0,2.0,3,1,2,1,1,5,0,0,0,1,1,0,1,0,0,0,0,0,1,0,1,1,0,0,0,0,0,0,1,0,0,0,0,1,1,0,0,0,1,0,0,0,0,0,171326.734375,175000.0
3927,1,7,2,1,0.0,2.0,3,1,0,1,1,1,0,0,0,0,1,0,1,0,0,0,0,0,1,0,1,0,0,1,0,0,0,0,0,0,0,0,0,0,1,0,0,0,1,0,0,0,0,0,240205.546875,245000.0
3784,1,6,0,3,0.0,7.0,2,1,1,1,1,2,0,0,0,0,0,0,0,0,0,0,0,0,0,0,0,0,0,0,1,0,0,0,0,0,0,0,0,0,0,0,0,0,1,0,0,0,0,0,83380.2734375,82000.0
3922,1,7,2,1,0.0,1.0,5,1,1,0,1,5,0,0,0,0,0,0,0,1,0,0,0,0,0,0,1,0,1,0,0,0,0,0,0,0,0,0,0,0,1,0,0,0,1,0,0,0,0,0,260956.96875,260000.0
3791,1,7,0,1,0.0,3.0,2,1,1,0,1,5,0,0,1,1,0,0,0,0,0,0,0,0,0,0,0,0,0,0,1,0,0,0,0,0,0,0,0,0,0,0,0,0,1,0,0,0,0,0,134764.171875,130000.0
3780,1,7,2,1,0.0,3.0,2,1,1,1,1,1,0,0,0,0,0,0,0,1,0,0,0,0,1,0,1,0,0,1,0,0,0,0,1,0,0,0,0,1,1,0,0,0,1,0,0,0,0,0,233963.171875,235000.0
3924,1,2,0,1,0.0,6.0,3,1,0,1,1,2,0,0,0,0,0,0,0,1,0,0,0,0,1,0,0,0,0,0,0,0,0,0,0,0,0,0,0,0,1,0,0,0,1,0,0,0,0,0,159524.953125,160000.0
3937,1,7,1,1,0.0,3.0,3,1,1,1,1,2,0,0,0,1,0,0,1,0,0,0,0,0,1,0,1,0,0,0,0,0,0,0,0,0,0,0,0,0,1,0,0,0,1,0,0,0,0,0,212472.84375,220000.0
3802,1,7,2,1,0.0,1.0,3,1,1,1,1,0,0,0,0,1,0,0,1,0,0,0,0,0,1,0,1,1,0,0,0,0,1,0,0,0,0,0,0,0,1,0,0,0,1,0,0,0,0,0,221486.59375,225000.0
3865,1,6,0,3,0.0,2.0,2,1,0,1,0,8,0,0,0,1,1,0,0,0,0,0,0,0,0,0,1,0,0,0,0,0,0,0,0,0,0,0,0,0,0,0,0,0,0,0,0,0,0,0,117351.7265625,115000.0
4018,0,3,1,1,0.0,1.0,1,1,0,1,0,1,0,0,0,0,0,0,1,0,0,0,0,0,0,0,0,1,0,0,0,0,0,0,1,0,0,0,0,0,1,0,0,0,1,0,0,0,0,0,494.6317443847656,595.0
3545,1,4,0,1,0.0,0.0,1,0,0,1,0,0,1,1,0,0,0,0,0,0,0,0,0,0,0,1,0,0,0,0,0,0,1,0,0,0,0,0,0,0,0,0,1,0,0,0,0,0,0,0,67104.2421875,90000.0
3548,1,2,2,1,0.0,0.0,2,1,0,1,0,3,0,0,0,1,1,0,0,0,0,0,0,0,0,0,0,1,0,1,1,0,1,0,0,0,0,0,0,0,0,0,0,0,1,0,0,0,0,0,225785.765625,220000.0
124,0,3,3,1,0.0,1.0,3,1,1,2,1,7,0,0,0,0,1,0,1,0,0,0,1,0,1,0,0,0,0,0,0,0,1,0,1,0,0,0,0,0,1,0,0,0,1,0,0,0,0,0,677.2674560546875,875.0
136,0,3,1,1,0.0,4.0,2,1,1,1,0,5,0,0,0,1,0,0,0,0,0,0,0,0,1,0,1,1,0,0,0,0,0,0,1,0,0,0,0,0,0,0,1,0,0,0,0,0,0,0,583.7127685546875,710.0
5037,1,6,2,1,0.0,8.0,3,1,2,1,1,5,0,0,0,0,1,0,1,0,0,0,0,0,0,0,0,0,0,1,0,0,0,0,1,0,0,0,0,0,1,0,0,0,1,0,0,0,0,0,174217.765625,195000.0
134,0,3,3,1,0.0,2.0,3,1,2,3,0,4,0,0,0,0,1,0,1,0,0,0,0,0,1,0,0,0,0,0,0,0,0,0,1,0,0,0,0,0,0,0,0,0,0,0,1,0,0,0,642.6033935546875,825.0
130,0,3,0,1,0.0,1.0,1,1,1,1,0,2,0,0,0,0,0,0,0,1,0,0,0,0,0,0,0,0,1,0,0,0,0,0,1,0,0,0,0,0,0,0,1,0,0,0,0,0,0,0,467.7401428222656,460.0
2651,0,3,2,1,0.0,6.0,2,0,0,1,1,0,1,0,0,0,0,0,1,0,0,0,0,1,0,0,0,0,0,0,0,0,0,0,1,0,0,0,0,1,0,0,0,1,1,0,0,0,0,0,1402.5213623046875,800.0
2653,1,2,1,1,0.0,2.0,2,1,0,1,1,2,0,0,0,0,0,0,0,1,0,0,0,0,1,0,0,0,0,0,1,0,0,0,0,0,0,0,0,1,1,0,0,0,1,0,0,0,0,0,233745.984375,230000.0
2596,0,3,4,3,0.0,3.0,4,1,0,0,1,2,0,0,0,0,0,0,1,1,0,0,0,0,1,0,1,0,0,1,0,0,0,0,0,0,0,0,0,0,1,0,0,1,1,0,0,0,0,0,816.6737060546875,1500.0
2665,1,6,1,2,0.0,3.0,3,1,0,1,1,1,0,0,0,0,0,0,0,1,0,0,1,0,1,0,0,0,0,0,1,0,0,0,0,0,0,0,0,1,0,0,0,1,0,0,0,0,0,0,183196.859375,180000.0
2633,1,4,2,1,0.0,3.0,3,1,0,0,1,2,0,0,1,0,1,0,1,0,0,0,0,0,1,0,1,0,0,0,1,0,0,0,0,0,0,0,0,1,1,0,0,0,1,0,0,0,0,0,180903.28125,280000.0
2638,1,4,4,1,0.0,4.0,4,1,1,1,1,2,0,0,0,1,0,0,1,0,0,0,0,0,1,0,1,0,0,1,0,0,0,0,0,0,0,0,0,1,1,0,0,0,1,0,0,0,0,0,383523.96875,375000.0
2623,1,4,3,1,0.0,3.0,3,1,0,0,0,1,0,0,0,1,0,0,1,1,0,0,0,0,1,0,1,0,0,1,0,0,0,0,0,0,0,0,0,0,1,0,0,1,1,0,0,0,0,0,320885.96875,325000.0
2596,1,2,4,1,0.0,1.0,4,1,0,2,1,1,0,0,0,0,1,0,1,1,0,0,0,0,0,0,1,0,1,1,0,0,0,0,0,0,0,0,0,1,1,0,0,0,1,0,0,0,0,0,556129.0,420000.0
2646,1,7,3,1,0.0,3.0,4,1,0,2,1,2,0,0,0,1,1,0,1,0,0,0,0,0,1,0,0,0,0,0,0,0,0,0,0,0,0,0,0,0,1,0,0,1,1,0,0,0,0,0,367409.4375,370000.0
2628,1,2,1,1,0.0,3.0,1,1,0,1,0,1,1,0,0,0,0,0,1,0,0,1,0,0,0,1,0,0,0,0,0,0,0,0,0,0,0,0,0,0,0,0,1,0,0,0,0,0,0,0,160474.015625,160000.0
4005,1,7,0,1,0.0,4.0,0,1,0,1,0,1,1,0,0,0,0,0,0,0,0,0,0,0,0,1,0,0,0,0,0,0,1,0,0,0,0,0,0,0,1,0,1,0,0,0,0,0,0,0,78972.6171875,140000.0
2630,1,4,1,1,0.0,4.0,2,1,0,0,1,1,0,1,0,0,0,0,0,0,0,0,0,1,0,1,0,0,0,0,0,0,0,0,0,0,0,0,0,0,0,0,1,0,0,1,0,0,0,0,169509.734375,180000.0
2609,1,2,0,1,0.0,1.0,1,1,0,1,1,0,0,0,0,0,0,0,0,0,0,0,0,0,0,0,0,0,0,0,0,0,0,0,0,0,0,0,0,1,0,0,1,0,0,0,0,0,0,0,138016.171875,145000.0
3996,1,2,5,1,0.0,1.0,5,1,0,0,1,2,0,0,0,1,1,0,1,0,0,0,0,0,0,0,1,1,0,1,0,0,0,0,0,0,0,0,0,1,0,0,0,1,1,0,0,0,0,0,605292.875,585000.0
2657,0,3,2,1,0.0,2.0,3,1,0,1,1,1,0,0,0,1,1,0,1,0,0,0,0,0,0,0,1,0,0,1,1,0,0,0,1,0,0,0,0,1,1,0,0,0,1,0,0,0,0,0,941.6737060546875,1100.0
2656,1,4,1,1,0.0,2.0,2,1,0,0,1,3,0,0,0,0,0,0,0,1,1,0,0,1,0,0,1,0,0,1,0,1,0,0,0,0,0,0,0,1,1,0,0,1,0,0,0,0,0,0,234108.296875,230000.0
2595,1,7,1,1,0.0,1.0,1,1,1,0,1,2,0,0,0,0,0,0,0,1,0,0,0,0,1,0,1,0,0,1,0,0,0,0,0,0,0,0,0,1,0,0,0,1,1,0,0,0,0,0,196995.53125,200000.0
2653,0,3,1,1,0.0,0.0,2,1,0,1,1,1,0,0,0,0,0,0,0,1,0,0,0,0,0,0,1,0,0,1,1,0,0,0,0,0,0,0,0,1,0,0,0,1,1,0,0,0,0,0,1105.4217529296875,900.0
2661,1,7,2,3,0.0,2.0,2,1,1,1,1,0,0,0,0,0,0,0,1,0,0,0,0,0,0,0,1,0,0,0,1,0,0,0,0,0,0,0,0,1,0,0,0,1,1,0,0,0,0,0,186609.734375,220000.0
2653,0,3,1,1,0.0,7.0,2,1,0,1,1,2,0,0,0,0,0,0,0,1,0,0,0,0,1,0,0,0,0,0,1,0,0,0,0,0,0,0,0,1,1,0,0,0,1,0,0,0,0,0,789.6522216796875,900.0
4947,0,3,4,1,0.0,5.0,4,1,1,2,1,5,0,0,0,1,0,0,0,0,0,0,0,0,1,0,0,0,0,0,0,0,0,0,0,0,0,0,0,0,1,0,0,0,1,0,0,0,0,0,1107.2674560546875,900.0
4910,1,4,1,1,0.0,3.0,2,1,1,1,1,4,0,0,0,0,0,0,0,1,0,0,0,0,1,0,1,0,0,0,0,0,0,0,0,0,0,0,0,0,1,0,0,0,1,0,0,0,0,0,168739.8125,130000.0
4767,1,2,4,1,0.0,2.0,4,1,1,2,1,7,0,0,0,1,1,0,0,0,0,0,0,0,0,0,1,0,0,1,1,0,0,0,0,0,0,0,0,0,1,0,0,0,1,0,0,0,0,0,309696.875,300000.0
4804,1,2,3,1,0.0,2.0,4,1,1,2,1,4,0,0,0,1,1,0,1,0,0,0,0,0,0,0,1,1,0,0,1,0,0,0,0,0,0,0,0,0,1,0,0,0,1,0,0,0,0,0,342259.3125,300000.0
4810,1,7,2,1,0.0,1.0,3,1,1,1,1,8,0,0,0,1,1,0,1,0,0,0,0,0,1,0,0,1,0,1,0,0,0,0,0,0,0,0,0,0,1,0,0,0,0,0,1,0,0,0,323346.03125,325000.0
4999,1,4,3,1,0.0,1.0,4,1,1,1,1,6,0,0,0,1,1,0,1,0,0,0,0,0,1,0,0,0,0,1,1,0,0,0,0,0,0,0,0,0,1,0,0,0,1,0,0,0,0,0,373386.5625,300000.0
4899,1,4,1,1,0.0,0.0,1,1,1,1,0,1,0,0,0,0,0,0,0,0,0,1,0,1,0,1,0,0,0,0,0,0,0,1,0,0,0,0,0,0,1,0,1,0,0,0,0,0,0,0,165691.453125,150000.0
4967,1,2,2,1,0.0,1.0,4,1,1,1,2,8,0,0,0,1,1,0,0,0,0,0,0,0,1,0,1,0,0,1,0,0,0,0,0,0,0,0,0,0,1,0,0,0,1,0,0,0,0,0,445037.09375,300000.0
5069,1,2,3,1,0.0,3.0,3,1,1,1,2,7,0,0,0,1,1,0,1,0,0,0,0,0,0,0,1,0,1,1,0,0,0,0,0,0,0,0,0,1,1,0,0,0,0,0,0,0,0,0,301947.03125,300000.0
4871,0,3,5,1,0.0,1.0,4,1,1,1,2,8,0,0,0,1,1,0,0,0,0,0,0,0,1,0,1,0,0,1,0,0,0,0,0,0,0,0,0,0,1,0,0,0,1,0,0,0,0,0,1179.4315185546875,1050.0
4902,1,7,2,1,0.0,1.0,4,1,1,1,1,6,0,0,0,1,1,0,1,0,0,0,0,0,1,0,0,0,0,1,1,0,0,0,0,0,0,0,0,0,1,0,0,0,1,0,0,0,0,0,267232.75,300000.0
4809,1,7,3,1,0.0,1.0,3,1,1,1,1,6,0,0,0,1,1,0,1,0,0,0,0,0,1,0,1,0,0,1,0,0,0,0,0,0,0,0,0,0,1,0,0,0,1,0,0,0,0,0,241026.703125,240000.0
5005,1,7,2,1,0.0,1.0,3,1,1,0,0,7,0,0,0,1,0,0,1,0,0,0,0,0,0,0,1,0,1,1,0,0,0,0,0,0,0,0,0,0,1,0,0,0,0,0,1,0,0,0,418015.875,425000.0
4839,1,7,3,1,0.0,0.0,5,1,1,2,1,6,0,0,0,1,0,0,1,0,0,1,0,0,1,0,1,1,0,0,0,0,0,0,0,0,0,0,0,0,1,0,0,1,0,0,0,0,0,0,276254.0,280000.0
4869,1,7,2,1,0.0,1.0,4,1,1,2,1,6,0,0,0,1,0,0,0,0,0,0,0,0,1,0,1,0,0,0,0,0,0,0,0,0,0,0,0,0,1,0,0,0,1,0,0,0,0,0,318232.125,320000.0
4795,1,7,1,1,0.0,1.0,3,1,1,1,1,3,0,0,0,1,0,0,1,0,0,1,0,0,0,0,1,0,1,1,0,0,0,0,0,0,0,0,0,0,1,0,0,1,0,0,0,0,0,0,163659.453125,165000.0
4763,1,7,1,1,0.0,0.0,2,1,0,1,1,2,1,0,0,0,0,0,1,0,0,0,0,1,0,0,0,0,0,0,0,0,0,0,0,0,0,0,0,0,1,0,1,0,0,0,0,0,0,0,132780.578125,137000.0
4968,1,7,2,1,0.0,1.0,3,1,1,1,1,4,0,0,0,1,1,0,1,0,0,0,0,0,1,0,1,0,1,0,0,0,0,0,0,0,0,0,0,0,1,0,0,0,1,0,0,0,0,0,218129.640625,225000.0
4990,1,7,2,1,0.0,0.0,3,1,1,1,0,4,0,0,0,1,0,0,1,0,0,1,0,0,1,0,1,0,0,1,0,0,0,0,0,0,0,0,0,0,1,0,0,1,1,0,0,0,0,0,318696.9375,178000.0
4947,0,3,1,1,0.0,6.0,4,1,1,1,0,5,0,0,0,1,0,0,1,0,0,0,0,0,1,0,1,0,0,0,0,0,0,0,0,0,0,0,0,0,0,0,0,0,1,0,0,0,0,0,745.7342529296875,900.0
1852,0,3,0,1,0.0,0.0,2,1,0,1,1,2,0,0,0,0,0,0,0,0,0,0,0,0,0,0,0,0,0,0,1,0,0,0,0,0,0,0,0,0,0,0,0,0,1,0,0,0,0,0,613.9744873046875,425.0
889,0,3,0,1,0.0,4.0,2,0,0,1,1,1,0,0,1,0,0,1,1,0,0,0,0,0,0,0,0,0,0,0,0,0,1,0,0,0,0,0,0,0,0,0,1,0,0,0,0,0,0,0,0.0,440.0
887,1,7,3,1,0.0,3.0,4,1,0,1,2,6,0,0,0,1,1,0,0,0,0,0,0,0,0,0,0,1,0,0,1,0,0,0,0,0,0,0,0,0,0,0,0,0,1,0,0,0,0,0,240735.109375,237500.0
879,1,7,2,1,0.0,4.0,3,1,0,1,1,7,0,0,0,1,1,0,0,0,0,0,0,0,1,0,0,1,0,0,0,0,1,0,0,0,0,0,0,0,0,0,0,0,0,0,0,0,0,0,173095.984375,225000.0
1852,0,3,0,1,0.0,0.0,2,1,0,1,1,2,0,0,0,0,0,0,0,0,0,0,0,0,0,0,0,0,0,0,1,0,0,0,0,0,0,0,0,0,0,0,0,0,1,0,0,0,0,0,613.9744873046875,425.0
894,1,7,0,1,0.0,1.0,3,1,0,1,1,5,0,0,0,0,0,0,0,1,0,0,0,0,0,0,0,1,0,0,1,0,0,0,0,0,0,0,0,0,0,0,0,0,1,0,0,0,0,0,96367.8203125,95000.0
1862,0,3,0,1,0.0,1.0,5,1,0,1,1,0,0,0,0,0,0,0,0,1,0,0,0,0,1,0,0,0,0,0,0,0,0,0,0,0,0,0,0,1,0,0,0,1,0,0,0,0,0,0,948.8299560546875,575.0
889,1,2,1,1,0.0,0.0,2,1,0,1,1,3,1,0,0,0,0,1,0,0,0,0,0,0,0,0,0,0,0,0,0,1,0,1,0,0,0,1,0,0,0,0,1,0,0,0,0,0,0,0,95373.8984375,90000.0
1759,0,3,0,1,0.0,4.0,2,1,0,1,1,4,0,0,0,0,0,0,0,1,0,0,0,0,0,0,0,1,1,1,0,0,0,0,0,0,0,0,0,0,1,0,0,1,1,0,0,0,0,0,818.9237060546875,395.0
1852,0,3,0,1,0.0,2.0,2,1,0,1,1,2,0,0,0,0,0,0,0,1,0,0,0,0,0,0,0,0,0,0,1,0,0,0,0,0,0,0,0,0,0,0,0,0,1,0,0,0,0,0,453.2088928222656,395.0
819,0,3,0,1,0.0,3.0,2,1,1,1,1,2,0,0,0,0,0,0,1,0,0,0,0,0,0,0,0,1,0,0,1,0,0,0,0,0,0,0,0,0,0,0,0,0,1,0,0,0,0,0,548.4822998046875,520.0
891,0,3,0,1,0.0,2.0,2,1,0,1,0,1,1,0,0,0,0,0,0,0,0,0,0,0,0,1,0,0,0,0,0,0,0,0,1,0,0,0,0,0,0,0,0,0,1,0,0,0,0,0,937.2401123046875,450.0
907,1,7,1,1,0.0,0.0,4,1,1,0,1,8,0,0,0,0,0,0,1,0,0,0,0,0,1,0,0,1,0,0,0,0,0,0,1,0,0,0,0,0,0,1,0,0,1,0,0,0,0,1,388578.9375,375000.0
893,0,3,0,1,0.0,2.0,3,1,1,1,1,2,0,0,0,0,0,0,0,1,0,0,0,0,1,0,0,1,0,0,0,0,0,0,0,0,0,0,0,0,0,0,0,0,1,0,0,0,0,0,672.4119873046875,525.0
877,1,7,0,1,0.0,6.0,3,1,1,1,1,4,0,0,0,0,0,0,1,0,0,0,0,0,0,0,0,1,0,0,1,0,0,0,0,0,0,0,0,0,0,0,0,0,1,0,0,0,0,0,110334.8515625,110000.0
914,1,4,0,1,0.0,4.0,3,1,1,1,1,4,0,0,0,1,1,0,0,0,0,0,0,0,0,0,1,1,0,0,0,0,0,0,0,0,0,0,0,1,0,0,0,0,0,0,0,0,0,0,148457.578125,145000.0
883,1,7,2,1,0.0,0.0,3,1,0,1,1,6,0,0,0,1,0,0,0,0,0,0,0,0,1,0,0,0,0,0,0,0,0,0,0,0,0,0,0,0,0,0,0,0,1,0,0,0,0,1,184651.921875,185000.0
895,0,3,0,1,0.0,7.0,3,1,1,1,1,1,0,0,0,0,0,0,0,1,0,0,0,0,0,0,0,0,0,0,1,0,0,0,0,0,0,0,0,0,0,0,0,0,1,0,0,0,0,0,499.2948303222656,475.0
822,1,7,0,1,0.0,1.0,2,1,0,1,1,4,0,0,0,0,0,0,0,1,0,0,0,0,1,0,0,1,1,0,0,0,0,0,0,0,0,0,0,0,0,0,0,0,1,0,0,0,0,0,137080.34375,135000.0
871,1,7,0,1,0.0,5.0,1,1,0,1,0,5,0,0,0,0,0,0,1,0,0,0,0,0,0,0,0,0,0,0,0,1,0,0,1,0,0,0,0,0,0,0,0,0,1,0,0,0,0,0,49752.2421875,47500.0
884,1,2,0,1,0.0,0.0,3,1,0,1,1,4,0,0,0,1,0,0,0,0,0,0,0,0,1,0,0,1,0,0,0,0,0,0,0,0,0,0,0,0,0,0,0,0,1,0,0,0,0,0,72336.4609375,70000.0
889,1,7,1,1,0.0,0.0,2,1,0,1,1,3,1,0,0,0,0,0,0,0,0,0,0,0,0,0,0,0,0,0,0,0,0,1,0,0,0,0,0,0,0,0,1,0,0,0,0,0,0,0,123968.3671875,125000.0
889,1,7,0,1,0.0,6.0,2,1,0,1,1,1,1,0,0,0,0,1,1,0,0,0,0,0,0,0,0,0,0,0,0,0,0,1,0,0,0,0,0,0,0,0,1,0,0,0,0,0,0,0,81039.40625,80000.0
889,0,3,0,1,0.0,0.0,2,1,0,1,0,3,0,0,1,0,0,1,1,0,0,0,0,0,0,0,0,0,0,0,0,0,1,1,0,0,0,1,0,0,0,0,1,0,0,0,0,0,0,0,497.7919006347656,475.0
3857,1,2,1,1,0.0,4.0,2,1,1,1,1,3,1,0,1,0,0,0,0,0,0,0,0,0,0,1,0,0,0,0,0,0,0,0,0,0,0,0,0,0,0,0,1,0,0,0,0,0,0,0,139563.484375,110000.0
4199,0,3,2,1,0.0,5.0,3,1,0,2,1,7,0,1,0,0,1,0,0,0,0,0,0,1,1,0,0,1,0,1,0,0,0,0,0,0,0,0,0,1,0,0,0,1,1,0,0,0,0,0,431.4940490722656,875.0
68,1,7,2,4,0.0,0.0,3,1,0,1,1,7,0,0,0,1,0,0,1,0,0,1,0,0,1,0,0,0,0,1,1,0,0,0,0,0,0,0,0,1,0,0,0,1,1,0,0,0,0,0,157759.84375,240000.0
80,0,3,1,1,0.0,3.0,3,1,0,2,1,4,0,0,0,1,1,0,1,0,0,0,0,0,1,0,1,0,0,1,0,0,0,0,0,0,0,0,0,1,0,0,0,1,1,0,0,0,0,0,1104.6112060546875,850.0
64,1,6,1,1,0.0,4.0,3,1,1,1,2,5,0,0,0,1,0,0,1,0,0,1,0,0,1,0,1,0,0,1,0,0,0,0,0,0,0,0,0,1,0,0,0,1,1,0,0,0,0,0,254188.75,260000.0
55,1,4,3,1,0.0,4.0,3,1,1,1,1,5,0,0,0,1,0,0,1,0,0,1,0,0,1,0,1,0,0,1,0,0,0,0,0,0,0,0,0,0,1,0,0,1,1,0,0,0,0,0,367412.34375,240000.0
93,1,7,3,1,0.0,0.0,4,1,1,1,0,4,1,0,0,0,0,0,1,0,0,1,0,0,1,0,1,0,0,1,0,0,0,0,0,0,0,0,0,1,0,0,0,1,1,0,0,0,0,0,229134.125,230000.0
63,1,6,1,1,0.0,3.0,3,1,0,1,1,9,0,0,0,0,0,0,0,1,0,0,0,0,1,0,1,0,0,1,0,0,0,0,0,0,0,0,0,1,0,0,0,1,1,0,0,0,0,0,254069.921875,255000.0
85,1,5,5,1,0.0,0.0,4,1,1,2,1,13,0,0,0,1,1,0,0,0,0,1,0,0,1,0,1,0,0,1,0,0,0,0,0,0,0,0,0,0,1,0,0,1,1,0,0,0,0,0,470388.90625,420000.0
72,1,5,4,1,0.0,0.0,6,2,2,2,1,12,0,0,0,1,1,0,0,0,0,1,0,0,1,0,1,0,1,0,0,0,0,0,1,0,0,0,0,0,0,0,0,1,1,0,0,1,0,0,433701.9375,575000.0
1215,1,2,3,3,0.0,7.0,3,1,1,1,1,1,0,0,0,0,0,0,1,0,0,0,0,0,0,0,0,1,0,0,1,0,0,0,0,0,0,0,0,0,0,0,0,0,1,0,0,0,0,0,297275.59375,312500.0
156,1,2,3,1,0.0,2.0,4,1,0,1,1,11,0,0,0,1,0,0,0,0,0,1,0,0,0,0,1,0,0,1,0,0,1,0,0,0,0,0,0,0,1,0,0,0,1,0,0,0,0,0,239720.515625,235000.0
158,1,6,2,1,0.0,2.0,4,1,1,1,0,10,0,0,0,1,0,0,0,0,0,0,0,0,0,0,1,0,1,1,0,0,1,0,0,0,0,0,0,0,1,0,0,0,1,0,0,0,0,0,225646.0,220000.0
175,1,2,3,1,0.0,3.0,4,1,0,1,1,8,0,0,0,1,1,0,0,0,0,0,0,0,0,0,0,1,1,0,1,0,1,0,0,0,0,0,0,0,1,0,0,0,1,0,0,0,0,0,245052.015625,250000.0
153,1,2,1,1,0.0,3.0,2,1,1,1,1,3,0,0,0,0,0,0,0,1,0,0,0,0,0,0,0,0,0,0,1,1,0,0,1,0,0,0,0,0,1,0,0,0,1,0,0,0,0,0,128138.34375,130000.0
161,1,2,5,3,0.0,2.0,3,1,1,1,1,11,0,0,0,1,1,1,0,0,0,0,0,0,0,0,1,0,0,1,0,1,0,0,1,0,0,0,0,0,1,0,0,0,1,0,0,0,0,0,350851.875,350000.0
937,1,6,4,1,0.0,7.0,4,1,0,2,1,6,0,0,0,0,1,0,1,0,0,0,0,0,0,0,1,0,1,0,0,1,0,0,1,0,0,0,0,0,1,0,0,0,1,0,0,0,0,0,307992.25,250000.0
934,1,4,3,1,0.0,1.0,4,1,1,2,1,8,0,0,0,1,1,0,0,0,0,0,0,0,0,0,0,0,1,1,0,0,0,0,1,0,0,0,0,0,1,0,0,0,1,0,0,0,0,0,224577.453125,230000.0
4362,1,4,2,1,0.0,7.0,2,1,1,1,0,3,1,0,0,0,0,1,1,0,0,0,0,0,0,0,0,0,0,0,0,0,0,1,0,0,0,0,0,1,1,0,1,0,0,0,0,0,0,0,181357.609375,180000.0
4407,1,4,1,3,0.0,4.0,1,1,1,1,0,5,0,1,0,0,0,0,1,0,0,0,0,1,0,1,0,0,1,0,1,0,1,1,0,1,0,0,0,1,1,0,1,0,0,0,0,0,0,0,141451.609375,90000.0
2691,1,4,0,1,0.0,2.0,1,1,0,1,1,3,0,1,0,0,0,0,1,0,0,0,1,0,0,1,0,1,0,0,0,0,0,0,1,0,0,0,0,0,0,0,0,0,1,0,0,0,0,0,166934.234375,165000.0
2750,1,4,1,1,0.0,1.0,3,1,0,1,0,2,0,0,0,0,0,0,0,0,1,0,0,0,1,0,0,0,0,0,0,0,0,0,0,0,0,0,0,0,0,0,0,0,1,0,0,0,0,0,218888.0,220000.0
2755,1,4,2,1,0.0,3.0,3,1,1,1,2,6,0,0,0,1,0,0,0,0,0,0,0,0,0,0,0,1,0,0,1,0,0,0,0,0,0,0,0,0,1,0,0,1,0,0,0,0,0,0,327165.75,330000.0
2894,0,3,4,1,0.0,3.0,5,1,1,2,1,3,0,0,0,1,1,0,1,0,0,0,0,0,1,0,0,0,0,0,1,0,0,0,1,0,0,0,0,1,1,0,0,0,1,0,0,0,0,0,1626.5526123046875,1300.0
2781,0,3,1,1,0.0,1.0,1,1,1,1,1,2,1,0,0,0,0,0,0,0,0,0,0,0,0,1,0,0,0,0,0,0,0,0,0,0,0,0,0,0,0,0,1,0,0,0,0,0,0,0,653.6893310546875,725.0
2771,1,0,2,3,0.0,6.0,3,1,0,1,1,6,0,0,0,1,1,0,1,0,0,0,0,0,1,0,0,1,0,1,0,0,0,0,0,0,0,0,0,1,1,0,0,0,1,0,0,0,0,0,319264.25,300000.0
2771,1,4,2,1,0.0,4.0,4,1,0,2,1,4,0,0,0,1,0,0,1,0,0,1,0,0,0,0,0,1,0,1,1,0,0,0,0,0,0,0,0,1,1,0,0,0,1,0,0,0,0,0,335271.96875,325000.0
2768,1,2,2,1,0.0,0.0,2,1,0,1,1,3,0,0,0,1,0,0,0,0,0,0,0,0,1,0,0,0,0,1,1,0,0,0,0,0,0,0,0,1,1,0,0,0,1,0,0,0,0,0,254946.96875,250000.0
2801,1,4,6,1,0.0,1.0,4,1,1,2,2,5,0,0,0,1,1,0,1,0,0,0,0,0,1,0,0,0,0,1,0,1,0,0,0,0,0,0,0,1,1,0,0,0,1,0,0,0,0,0,799856.375,800000.0
2771,1,4,2,1,0.0,5.0,3,1,0,1,1,4,0,0,0,0,1,0,1,0,0,0,0,0,0,0,0,0,0,1,1,0,0,0,0,0,0,0,0,0,0,0,0,0,1,0,0,0,0,0,308393.125,310000.0
2912,1,4,4,1,0.0,8.0,4,1,1,2,1,5,0,0,0,1,1,0,1,0,0,0,0,0,1,0,1,0,0,0,1,0,0,0,0,0,0,0,0,1,1,0,0,0,1,0,0,0,0,0,378617.3125,375000.0
2839,1,4,3,1,0.0,4.0,3,1,0,2,0,6,0,0,0,1,0,0,1,0,0,1,0,0,1,0,0,0,1,1,0,0,0,0,0,0,0,0,0,1,1,0,0,0,1,0,0,0,0,0,296773.75,290000.0
2798,1,4,1,1,0.0,4.0,2,1,0,0,1,4,0,0,0,0,0,0,0,0,0,0,0,0,1,0,0,0,0,1,1,0,0,0,0,0,0,0,0,1,1,0,0,0,1,0,0,0,0,0,217446.5,230000.0
2846,1,4,4,1,0.0,2.0,4,1,1,2,1,5,1,0,0,1,0,0,1,0,0,0,0,0,1,0,0,0,0,1,1,0,0,0,0,0,0,0,0,0,1,0,0,1,1,0,0,0,0,0,480218.78125,350000.0
2908,1,2,2,1,0.0,3.0,3,1,0,2,1,4,1,0,0,0,1,0,1,0,0,0,0,0,1,0,1,0,0,0,1,0,0,0,0,0,0,0,0,1,1,0,0,0,1,0,0,0,0,0,330425.46875,325000.0
768,0,3,0,1,0.0,11.0,2,1,1,1,1,4,0,0,0,1,0,0,1,0,0,0,0,0,1,0,0,1,0,1,0,0,0,0,0,0,0,0,0,1,1,0,0,0,0,0,0,0,0,0,747.0057373046875,600.0
2894,1,4,4,1,0.0,0.0,4,1,1,3,1,4,0,0,0,1,0,0,1,0,0,1,0,0,1,0,0,1,1,0,0,0,0,0,0,0,0,0,0,0,1,0,0,1,1,0,0,0,0,0,397056.6875,400000.0
2810,1,2,2,1,0.0,3.0,5,1,0,1,1,7,0,0,0,0,1,0,1,0,0,0,0,0,0,0,0,1,0,0,1,0,0,0,0,0,0,0,0,0,1,0,0,0,1,0,0,0,0,0,360342.0625,365000.0
2881,1,4,3,1,0.0,2.0,3,1,0,1,1,3,1,0,0,1,0,0,1,0,0,0,0,0,1,0,0,1,0,1,0,0,0,0,0,0,0,0,0,1,1,0,0,1,0,0,0,0,0,0,315084.5,280000.0
2681,1,2,1,1,0.0,5.0,3,1,1,1,1,5,0,0,0,1,0,0,1,0,0,0,0,0,1,0,0,0,1,0,1,0,0,0,0,0,0,0,0,1,1,0,0,0,1,0,0,0,0,0,273319.75,275000.0
2809,1,2,2,1,0.0,1.0,3,1,1,1,1,4,0,0,0,1,1,0,1,0,0,0,0,0,1,0,0,0,0,1,1,0,0,0,0,0,0,0,0,0,1,0,0,1,1,0,0,0,0,0,326612.78125,325000.0
2877,1,4,1,1,0.0,1.0,2,1,1,1,0,3,1,0,0,0,0,0,1,0,0,0,0,0,0,0,0,0,0,0,0,0,1,0,0,0,0,1,0,0,1,0,0,0,1,0,0,0,0,0,142961.953125,185000.0
2743,1,4,1,1,0.0,4.0,2,1,0,1,1,4,0,0,0,0,0,0,0,1,0,0,0,0,1,0,0,0,0,1,1,0,0,0,0,0,0,0,0,1,1,0,0,0,1,0,0,0,0,0,242978.109375,240000.0
2723,1,2,0,1,0.0,1.0,2,1,0,1,1,5,0,0,0,0,0,0,1,0,0,0,0,1,0,1,0,0,0,0,0,0,0,0,0,0,0,0,0,1,1,0,0,0,1,0,0,0,0,0,184148.90625,170000.0
2745,1,4,2,1,0.0,2.0,2,1,1,1,1,1,1,0,1,0,0,0,0,0,0,1,0,0,0,0,0,0,0,0,0,0,0,1,0,1,0,1,0,0,1,0,1,0,0,0,0,0,0,0,178198.703125,180000.0
2892,1,4,1,1,0.0,4.0,2,1,1,1,0,4,1,0,0,0,0,0,1,0,0,1,0,0,0,0,0,1,0,0,0,0,0,0,0,0,0,0,0,0,1,0,0,1,1,0,0,0,0,0,244699.671875,195000.0
3026,1,4,1,1,0.0,0.0,2,1,1,1,0,4,1,0,0,0,0,0,1,0,0,0,0,1,0,1,0,0,0,0,0,0,0,0,0,0,0,0,0,1,1,0,0,0,1,0,0,0,0,0,195975.015625,196000.0
4657,0,3,0,1,0.0,1.0,2,1,1,1,1,1,0,0,0,0,0,0,0,1,0,0,0,0,0,0,0,0,1,0,0,0,0,0,1,0,0,0,0,0,0,0,0,0,1,0,0,0,0,0,260.2518615722656,400.0
4528,0,3,0,1,0.0,1.0,4,1,0,2,1,5,0,0,0,0,0,0,0,1,0,0,0,0,1,0,1,0,0,1,0,0,1,0,1,0,0,0,0,0,1,0,0,0,1,0,0,0,0,0,576.1033935546875,650.0
4552,1,4,0,1,0.0,1.0,1,0,1,1,0,0,1,0,0,0,0,0,1,0,0,0,0,0,0,0,0,0,0,0,0,0,0,0,1,0,0,0,0,0,1,0,0,0,1,0,0,0,0,0,123022.421875,70000.0
4551,1,4,1,1,0.0,1.0,2,1,0,1,1,1,1,0,0,0,0,0,1,0,0,0,0,1,0,0,0,0,0,0,0,0,0,0,1,0,0,0,0,0,1,0,0,0,1,0,0,0,0,0,94280.0625,95000.0
4710,1,4,3,1,0.0,3.0,4,1,1,2,1,4,0,0,0,1,1,0,1,0,0,0,0,0,1,0,0,0,1,1,0,0,0,0,1,0,0,0,0,0,1,0,0,0,1,0,0,0,0,0,242333.015625,240000.0
4571,0,3,1,1,0.0,4.0,2,1,1,1,1,2,0,0,0,1,0,0,1,0,0,0,0,0,1,0,1,1,0,0,0,0,1,0,1,0,0,0,0,0,1,0,0,0,1,0,0,0,0,0,719.3280029296875,595.0
4690,0,3,0,1,0.0,2.0,2,1,0,1,1,2,0,0,0,0,0,0,0,1,0,0,0,0,0,0,0,0,0,0,0,1,0,0,1,0,0,0,0,0,0,0,0,0,1,0,0,0,0,0,589.5467529296875,475.0
4590,1,4,0,1,0.0,2.0,2,1,1,1,1,2,0,0,0,0,0,0,0,0,0,0,0,0,1,0,1,0,0,0,1,0,1,0,0,0,0,0,0,0,1,0,0,0,1,0,0,0,0,0,134208.546875,75000.0
4645,0,3,1,1,0.0,1.0,3,1,1,1,1,4,0,0,0,1,1,0,1,0,0,0,0,0,1,0,0,1,0,1,0,0,1,0,1,0,0,0,0,0,1,0,0,0,1,0,0,0,0,0,792.4237060546875,585.0
4680,1,0,2,3,0.0,2.0,4,1,1,1,1,3,0,0,0,1,1,0,1,0,0,0,0,0,1,0,0,0,0,0,0,0,0,0,0,0,0,0,0,0,1,0,0,0,1,0,0,0,0,0,162969.109375,165000.0
4577,1,4,2,3,0.0,2.0,3,1,0,1,1,4,0,0,0,1,1,0,1,0,0,0,0,0,1,0,0,1,0,0,1,0,0,0,1,0,0,0,0,0,1,0,0,0,1,0,0,0,0,0,177101.265625,170000.0
4543,0,3,0,1,0.0,4.0,1,1,1,1,0,1,0,0,0,0,0,0,0,1,0,0,0,0,1,1,0,0,0,0,1,0,1,0,1,0,0,0,0,0,0,0,0,0,1,0,0,0,0,0,522.4901123046875,395.0
4643,0,3,0,1,0.0,1.0,3,1,1,1,1,1,0,0,0,0,0,0,0,0,0,0,0,0,1,0,0,0,1,0,1,0,1,0,0,0,0,0,0,0,0,0,0,0,1,0,0,0,0,0,703.3280029296875,440.0
4564,1,4,0,4,0.0,3.0,2,1,1,1,1,2,0,0,0,0,0,0,0,1,0,0,0,0,1,0,0,0,1,0,1,0,1,0,1,0,0,0,0,0,1,0,0,0,1,0,0,0,0,0,90496.6484375,90000.0
4657,0,3,0,1,0.0,0.0,2,1,1,1,1,1,0,0,0,0,0,0,0,1,0,0,0,0,0,0,0,0,1,0,0,0,0,0,1,0,0,0,0,0,0,0,0,0,1,0,0,0,0,0,190.20498657226562,400.0
4530,1,4,1,1,0.0,2.0,3,1,1,1,1,1,0,0,0,0,0,0,0,1,0,0,0,0,1,0,0,0,1,0,1,0,0,0,1,0,0,0,0,0,0,0,0,0,1,0,0,0,0,0,131795.109375,130000.0
4730,1,4,3,1,0.0,0.0,2,1,0,2,0,4,0,0,0,1,0,0,0,0,0,1,0,0,1,0,0,1,0,0,0,0,0,0,1,0,0,0,0,0,1,0,0,0,1,0,0,0,0,0,235630.859375,230000.0
4576,1,4,0,1,0.0,1.0,2,1,1,1,1,3,0,0,0,0,0,0,0,1,0,0,0,0,1,0,0,0,1,0,1,0,0,0,1,0,0,0,0,0,1,0,0,0,1,0,0,0,0,0,127712.7421875,120000.0
4719,1,7,3,1,0.0,1.0,4,1,1,2,1,5,0,0,0,1,0,0,1,0,0,0,0,0,1,0,0,1,1,0,0,0,0,0,1,0,0,0,0,0,1,0,0,0,0,0,1,0,0,0,219340.828125,220000.0
4652,0,3,0,1,0.0,2.0,1,1,0,1,1,1,0,0,0,0,0,0,0,0,0,0,0,0,0,0,0,0,0,0,0,0,0,0,1,0,0,0,0,0,1,0,1,0,0,0,0,0,0,0,592.7664794921875,375.0
4660,0,3,0,1,0.0,4.0,2,1,1,2,1,1,0,0,0,0,0,0,0,1,0,0,0,0,1,0,0,0,1,0,1,0,0,0,1,0,0,0,0,0,1,0,0,0,1,0,0,0,0,0,128.05654907226562,430.0
4560,1,4,1,4,0.0,3.0,2,1,0,1,1,4,0,0,0,1,1,0,1,0,0,0,0,0,1,0,0,1,0,0,1,0,0,0,1,0,0,0,0,0,1,0,0,0,1,0,0,0,0,0,127025.8515625,125000.0
4497,0,3,0,1,0.0,1.0,1,1,0,0,1,1,0,0,0,0,0,0,0,0,0,0,0,0,0,1,0,0,1,0,1,0,0,0,1,0,0,0,0,0,1,0,0,0,1,0,0,0,0,0,391.9198303222656,415.0
4559,1,7,1,1,0.0,0.0,2,1,0,1,1,3,0,0,0,0,0,0,0,1,0,0,0,0,0,0,0,0,1,0,1,0,1,0,1,0,0,0,0,0,1,0,0,0,1,0,0,0,0,0,146391.40625,149950.0
4654,0,3,0,1,0.0,1.0,1,1,1,1,1,2,0,0,0,0,0,0,0,1,0,0,0,0,1,0,0,1,1,0,0,0,0,0,1,0,0,0,0,0,1,0,1,0,0,0,0,0,0,0,507.5858459472656,350.0
4599,1,4,2,1,0.0,1.0,2,1,0,1,1,2,0,0,0,1,1,0,1,0,0,0,0,0,1,0,0,1,1,0,0,0,0,0,1,0,0,0,0,0,1,0,1,0,0,0,0,0,0,0,139227.125,140000.0
4553,1,4,1,1,0.0,3.0,2,1,1,1,1,2,0,0,0,1,1,0,1,0,0,0,0,0,1,0,0,1,0,0,1,0,0,0,1,0,0,0,0,0,1,0,0,0,1,0,0,0,0,0,123302.7109375,125000.0
4702,0,3,0,1,0.0,2.0,3,1,0,1,1,3,0,0,0,1,0,0,1,1,0,0,0,0,1,0,0,0,1,0,1,0,0,0,1,0,0,0,0,0,1,0,0,0,1,0,0,0,0,0,407.8270568847656,550.0
4525,0,3,0,1,0.0,2.0,1,1,1,1,0,0,0,0,0,0,0,0,0,0,0,0,0,0,0,0,0,0,0,0,0,0,1,0,0,0,0,0,0,0,1,0,1,0,0,0,0,0,0,0,461.9920959472656,350.0
4506,0,3,0,1,0.0,1.0,2,1,1,1,1,2,0,0,0,0,1,0,0,1,0,0,0,0,1,0,0,0,1,0,0,0,0,0,1,0,0,0,0,0,1,0,0,0,1,0,0,0,0,0,659.7401123046875,450.0
4612,1,7,1,1,0.0,8.0,3,1,1,2,1,6,0,0,0,1,1,0,1,0,0,0,0,0,1,0,0,0,0,1,1,0,0,0,1,0,0,0,0,0,1,0,0,0,1,0,0,0,0,0,197685.203125,190000.0
4700,1,4,3,1,0.0,1.0,3,1,1,2,1,5,0,0,0,1,0,1,1,0,0,0,0,0,1,0,0,0,1,0,1,0,0,0,1,0,0,0,0,0,1,0,0,0,1,0,0,0,0,0,209125.21875,200000.0
4551,1,4,3,1,0.0,1.0,2,1,0,1,1,1,1,0,0,0,0,0,1,0,0,0,0,1,0,1,0,0,0,0,0,0,0,0,1,0,0,0,0,0,1,0,0,0,1,0,0,0,0,0,262055.03125,95000.0
4559,0,3,1,1,0.0,2.0,2,1,0,1,1,3,0,0,0,0,0,0,0,1,0,0,0,0,0,0,0,0,0,0,1,0,1,0,0,0,0,0,0,0,1,0,0,0,1,0,0,0,0,0,776.7264404296875,575.0
4687,0,3,3,4,0.0,1.0,3,1,1,1,0,2,0,0,0,1,0,0,1,0,0,0,0,0,1,0,0,1,1,0,0,0,0,0,0,0,0,0,0,0,0,0,0,0,1,0,0,0,0,0,557.5623779296875,550.0
4558,0,3,1,1,0.0,1.0,2,1,0,1,1,1,0,0,0,1,0,0,1,0,0,0,0,0,1,0,1,0,1,0,0,0,0,0,1,1,0,0,0,0,1,0,0,1,1,0,0,0,0,0,486.6044006347656,560.0
4554,1,4,5,1,0.0,0.0,5,1,1,0,1,7,0,0,0,1,0,1,1,0,0,0,0,0,1,0,0,0,1,0,1,0,0,0,1,0,0,0,0,0,1,0,0,0,1,0,0,0,0,0,392064.21875,375000.0
4492,0,3,0,1,0.0,1.0,2,1,1,1,1,4,0,0,0,1,0,0,1,0,0,1,0,0,0,0,0,1,1,0,1,0,0,0,1,0,0,0,0,0,1,0,0,1,1,0,0,0,0,0,0.0,570.0
4555,1,4,1,1,0.0,1.0,2,1,0,1,1,0,1,0,0,0,0,0,0,0,0,0,0,1,0,1,0,0,0,0,0,0,1,0,0,0,0,0,0,0,1,0,1,0,0,0,0,0,0,0,103323.3671875,100000.0
4687,0,3,3,4,0.0,2.0,3,1,1,1,0,2,0,0,0,1,0,0,1,0,0,0,0,0,1,0,0,1,1,0,0,0,0,0,1,0,0,0,0,0,0,0,0,0,1,0,0,0,0,0,375.7635803222656,550.0
4724,0,3,2,1,0.0,4.0,3,1,0,1,1,3,0,0,0,1,0,0,1,1,0,0,0,0,1,0,0,1,1,0,0,0,0,0,1,0,0,0,0,0,1,0,0,0,1,0,0,0,0,0,658.1697998046875,645.0
4709,0,3,0,1,0.0,1.0,2,1,1,2,1,2,0,0,0,0,0,0,1,0,0,0,1,0,0,0,0,1,0,0,0,0,0,0,1,0,0,0,0,0,0,0,0,0,1,0,0,0,0,0,80.16201782226562,490.0
4658,0,3,1,1,0.0,3.0,2,1,0,2,1,4,0,0,0,1,0,0,1,0,0,0,0,0,1,0,0,1,1,0,0,0,1,0,1,0,0,0,0,0,1,0,0,0,1,0,0,0,0,0,628.5155029296875,570.0
4588,0,3,0,1,0.0,0.0,1,1,0,0,1,1,0,0,0,0,0,0,0,0,0,0,0,0,0,0,0,0,0,0,0,0,0,0,1,0,0,0,0,0,1,0,1,0,0,0,0,0,0,0,604.1512451171875,445.0
4588,0,3,0,1,0.0,2.0,1,1,0,0,1,1,0,0,0,0,0,0,0,0,0,0,0,0,0,0,0,0,0,0,0,0,0,0,1,0,0,0,0,0,1,0,1,0,0,0,0,0,0,0,495.5233459472656,455.0
4653,1,7,2,1,0.0,3.0,3,1,0,2,1,3,0,0,0,1,1,0,1,0,0,0,0,0,1,0,0,1,1,0,0,0,0,0,1,0,0,0,0,0,1,0,0,0,1,0,0,0,0,0,193370.296875,125000.0
4575,1,4,2,1,0.0,2.0,3,1,1,1,1,4,0,0,0,1,1,0,1,0,0,0,0,0,1,0,0,0,1,0,1,0,0,0,1,0,0,0,0,0,1,0,0,0,1,0,0,0,0,0,182725.5,190000.0
4484,0,3,0,1,0.0,1.0,2,1,0,1,1,2,0,0,0,0,0,0,0,1,0,0,1,0,1,0,1,0,0,0,1,0,1,0,0,0,0,0,0,0,1,0,0,1,1,0,0,0,0,0,243.85928344726562,440.0
4697,0,3,1,1,0.0,3.0,2,1,1,2,1,3,0,0,0,1,0,0,1,1,0,0,0,0,1,0,0,0,1,0,1,0,0,0,1,0,0,0,0,0,1,0,0,0,1,0,0,0,0,0,500.2284240722656,525.0
4529,0,3,0,1,0.0,0.0,3,1,0,1,1,2,0,0,0,0,0,0,0,1,0,0,0,0,0,0,0,0,0,0,0,0,0,0,1,0,0,0,0,0,1,0,0,0,1,0,0,0,0,0,557.1932373046875,600.0
4529,0,3,0,1,0.0,1.0,3,1,0,1,1,2,0,0,0,0,0,0,0,1,0,0,0,0,0,0,0,0,0,0,0,0,0,0,1,0,0,0,0,0,1,0,0,0,1,0,0,0,0,0,535.7342529296875,600.0
4529,0,3,0,1,0.0,0.0,3,1,0,1,1,2,0,0,0,0,0,0,0,1,0,0,0,0,0,0,0,0,0,0,0,0,0,0,1,0,0,0,0,0,1,0,0,0,1,0,0,0,0,0,557.1932373046875,600.0
4659,0,3,0,1,0.0,2.0,1,1,0,1,1,0,0,0,0,0,0,0,0,1,0,0,0,0,0,0,0,0,0,0,0,0,0,0,1,0,0,0,0,0,0,0,1,0,0,0,0,0,0,0,466.7088928222656,375.0
4495,0,3,0,1,0.0,5.0,1,1,1,0,0,2,0,0,0,0,0,0,0,1,0,0,0,0,1,0,0,0,1,0,1,0,0,0,1,0,0,0,0,0,1,0,0,0,1,0,0,0,0,0,424.0975646972656,400.0
4617,0,3,1,1,0.0,1.0,2,1,0,1,1,1,0,1,0,0,0,0,1,1,0,0,0,0,1,0,0,0,1,0,1,0,0,0,1,0,0,0,0,0,1,0,0,0,1,0,0,0,0,0,809.4803466796875,510.0
4706,0,3,0,1,0.0,1.0,1,1,0,1,1,2,0,0,0,1,0,0,1,1,0,0,0,0,1,0,0,1,1,0,0,0,1,0,0,0,0,0,0,0,1,0,0,0,1,0,0,0,0,0,488.7342834472656,495.0
4600,1,4,1,1,0.0,3.0,2,1,0,1,1,2,0,0,0,1,0,0,1,0,0,0,0,0,1,0,0,0,1,0,0,0,0,0,1,0,0,0,0,0,1,0,0,0,1,0,0,0,0,0,130932.7421875,130000.0
4497,0,3,0,1,0.0,1.0,1,0,1,0,0,1,0,0,0,0,0,0,0,0,0,0,0,0,0,0,0,0,0,0,0,0,0,0,1,0,0,0,0,0,1,0,0,0,1,0,0,0,0,0,562.0057373046875,400.0
4548,0,3,0,1,0.0,1.0,3,1,0,1,0,3,0,0,0,0,0,0,0,1,0,0,0,0,1,0,0,1,0,0,0,0,0,0,1,0,0,0,0,0,0,0,0,0,1,0,0,0,0,0,684.6072998046875,475.0
5263,1,7,1,1,0.0,1.0,2,1,1,1,1,0,0,0,0,1,0,0,1,0,0,0,0,0,0,0,0,1,0,0,1,0,0,0,1,0,0,0,0,0,0,0,0,0,1,0,0,0,0,0,94415.546875,122000.0
5300,1,7,1,1,0.0,3.0,2,1,1,1,0,1,0,0,0,0,0,0,0,1,0,0,0,0,1,0,0,1,0,0,0,0,1,0,0,0,0,0,0,1,1,0,0,0,0,0,0,0,0,0,141477.65625,120000.0
5208,1,7,0,1,0.0,1.0,4,1,1,1,1,2,0,0,0,0,0,0,1,0,0,0,0,0,0,0,1,0,0,0,1,0,0,0,1,0,0,0,0,0,1,0,0,0,1,0,0,0,0,0,153504.953125,156800.0
5272,1,7,1,1,0.0,2.0,3,1,1,1,1,1,0,0,0,0,0,0,1,0,0,0,0,0,0,0,0,1,1,0,1,0,1,0,0,0,0,0,0,0,1,0,0,0,1,0,0,0,0,0,162489.046875,160000.0
5203,1,2,3,4,0.0,1.0,3,1,1,2,1,0,0,0,0,1,1,0,0,0,0,0,0,0,0,0,1,0,1,1,0,0,0,0,1,0,0,0,0,0,0,0,0,0,1,0,0,0,0,0,143119.578125,140000.0
5278,1,6,2,1,0.0,4.0,3,1,1,1,1,3,0,0,0,1,1,0,1,0,0,0,0,0,0,0,0,1,0,1,1,0,1,0,0,0,0,0,0,0,0,0,0,0,1,0,0,0,0,0,263326.09375,210000.0
5304,1,7,3,1,0.0,0.0,4,1,1,1,1,2,0,0,0,1,1,0,0,0,0,0,0,0,0,0,0,1,0,0,0,0,1,0,0,0,0,0,0,0,0,0,0,1,1,0,0,0,0,0,215640.234375,215000.0
5293,1,7,0,1,0.0,0.0,2,1,0,2,1,1,0,0,0,1,0,0,1,0,0,1,0,0,0,0,0,1,1,1,0,0,1,0,0,0,0,0,0,0,1,0,0,0,1,0,0,0,0,0,360556.03125,360000.0
5308,1,6,2,1,0.0,1.0,4,1,1,2,1,2,0,0,0,0,0,0,1,0,0,0,0,0,0,0,0,1,1,0,1,0,0,0,1,0,0,0,0,0,1,0,0,0,1,0,0,0,0,0,172609.078125,225000.0
5192,1,7,2,1,0.0,1.0,3,1,1,1,1,1,0,0,0,1,0,0,1,0,0,0,0,0,1,0,1,1,0,0,0,0,0,0,1,0,0,0,0,0,1,0,0,0,1,0,0,0,0,0,196394.71875,160000.0
5202,1,7,4,1,0.0,0.0,5,1,1,1,1,8,0,0,0,0,1,1,1,0,0,0,0,0,0,0,1,0,0,0,1,0,0,0,1,0,0,0,0,0,1,0,0,0,1,0,0,0,0,0,423986.6875,420000.0
5248,1,7,4,1,0.0,1.0,3,1,1,1,1,5,0,0,0,1,1,1,0,0,0,0,0,0,1,0,0,1,1,0,0,0,1,0,0,0,0,0,0,0,1,0,0,0,1,0,0,0,0,0,267544.21875,260000.0
5207,1,7,2,1,0.0,0.0,5,1,1,4,1,4,0,0,0,1,1,0,0,0,0,0,0,0,1,0,1,0,1,0,0,0,0,0,1,0,0,0,0,1,1,0,0,0,0,0,0,0,0,1,351644.21875,330000.0
5262,1,7,1,1,0.0,1.0,3,1,1,1,1,0,0,0,0,1,1,0,1,0,0,0,0,0,1,0,0,1,0,0,0,0,0,0,0,0,0,0,0,0,1,0,0,0,1,0,0,0,0,0,145686.796875,145000.0
3866,0,3,2,1,0.0,0.0,0,1,0,0,0,1,0,0,0,1,1,0,1,0,0,0,0,0,1,0,1,0,0,0,0,0,1,0,0,0,0,0,0,0,0,0,0,0,1,0,0,0,0,0,631.4744873046875,680.0
489,1,2,6,1,0.0,0.0,6,1,1,2,1,4,0,0,0,1,1,0,0,0,0,0,0,0,0,0,0,1,0,1,0,0,0,0,0,0,0,0,0,0,1,0,0,0,1,0,0,1,0,0,674992.875,670000.0
646,1,4,2,1,0.0,1.0,3,1,0,0,1,3,0,0,0,1,0,0,0,0,0,0,0,0,0,0,0,0,0,1,0,0,0,0,0,0,0,0,0,0,1,0,0,0,1,0,0,0,0,0,228584.171875,340000.0
674,1,2,2,1,0.0,0.0,2,1,0,1,0,2,0,0,0,0,0,0,0,0,0,0,0,0,1,0,0,0,0,0,0,0,0,0,0,0,0,0,0,0,1,0,0,0,1,0,0,0,0,0,285453.0,280000.0
661,1,2,3,1,0.0,2.0,3,1,0,2,1,5,0,0,0,1,0,0,0,0,0,0,0,0,0,0,0,0,0,0,1,0,0,0,0,0,0,0,0,0,1,0,0,0,1,0,0,0,0,0,404694.875,450000.0
721,0,3,2,1,0.0,4.0,2,1,0,0,0,3,0,0,0,0,0,0,1,0,0,0,0,0,0,0,0,0,0,0,1,0,0,0,0,0,0,0,0,0,1,0,0,0,1,0,0,0,0,0,1077.2596435546875,1000.0
677,1,4,4,1,0.0,0.0,4,1,0,1,1,5,0,0,0,1,1,0,0,0,0,0,0,0,0,0,0,0,0,0,1,0,0,0,0,0,0,0,0,0,1,0,0,0,1,0,0,0,0,0,427723.84375,549995.0
3980,0,3,4,1,0.0,3.0,3,1,1,2,1,1,0,0,0,1,0,0,0,0,0,0,0,0,1,0,0,1,1,0,0,0,0,0,1,0,0,0,0,1,1,0,0,0,0,0,0,0,0,0,899.3026123046875,1550.0
694,1,2,3,1,0.0,0.0,4,1,0,1,1,5,0,0,0,1,1,0,0,0,0,0,0,0,0,0,0,0,0,0,1,0,0,0,0,0,0,0,0,1,0,0,0,0,1,0,0,0,0,0,402911.75,399999.0
476,1,2,2,1,0.0,1.0,3,1,0,1,1,4,0,0,0,0,0,0,0,0,0,0,0,0,0,0,0,0,0,0,0,0,0,0,0,0,0,0,0,0,1,0,0,0,1,0,0,0,0,0,187422.140625,350000.0
734,0,3,3,1,0.0,2.0,2,1,0,1,1,2,0,0,0,1,0,0,0,0,0,0,0,0,0,0,0,1,0,0,1,0,0,0,0,0,0,0,0,0,0,0,0,0,0,0,0,0,0,0,980.9315185546875,1300.0
756,1,2,1,1,0.0,4.0,2,1,0,1,0,2,0,0,0,0,0,0,0,0,0,0,0,0,0,0,0,0,0,0,1,0,0,0,0,0,0,0,0,0,1,0,0,0,1,0,0,0,0,0,159249.078125,230000.0
750,1,2,0,1,0.0,3.0,1,1,0,0,0,3,0,0,0,0,0,0,1,0,0,0,0,0,0,0,0,0,0,1,0,0,0,0,0,0,0,0,0,0,1,0,0,0,1,0,0,0,0,0,222122.234375,175000.0
759,1,4,1,1,0.0,3.0,1,1,0,1,0,2,0,0,0,0,0,0,0,0,0,0,0,0,0,0,0,0,0,0,0,0,0,0,0,0,0,0,0,0,1,0,1,0,0,0,0,0,0,0,162066.375,165000.0
683,0,3,2,1,0.0,3.0,2,1,0,0,1,4,0,0,0,0,0,0,0,1,0,0,0,0,0,0,0,0,0,0,1,0,0,0,0,0,0,0,0,0,1,0,0,0,1,0,0,0,0,0,934.1424560546875,1100.0
568,1,4,1,3,0.0,1.0,1,1,0,1,0,1,0,0,0,0,0,0,0,1,0,0,0,0,1,0,0,1,0,0,0,0,0,0,0,0,0,0,0,0,1,0,0,0,1,0,0,0,0,0,179675.015625,175000.0
573,1,4,0,4,0.0,2.0,2,1,0,0,0,1,0,0,0,0,0,0,0,1,0,0,0,0,0,0,1,0,0,0,0,0,0,0,0,0,0,0,0,0,1,0,0,0,1,0,0,0,0,0,99824.8828125,100000.0
3977,1,0,2,1,0.0,3.0,2,1,0,3,0,2,1,0,0,0,0,0,0,0,0,0,0,0,1,0,0,1,0,0,0,0,2,0,0,0,0,0,0,0,0,0,0,0,1,0,0,0,0,0,326299.25,325000.0
691,1,2,7,1,0.0,0.0,4,1,0,0,1,1,0,0,0,1,1,0,0,0,0,0,0,0,1,0,0,0,1,0,0,0,0,0,1,0,0,0,0,0,0,0,0,0,1,0,0,0,0,0,435588.59375,425000.0
3962,0,3,3,3,0.0,0.0,3,1,0,1,0,3,0,0,0,1,0,0,0,0,0,0,0,0,0,0,0,0,0,0,1,0,0,0,0,0,0,0,0,0,1,0,0,0,1,0,0,0,0,0,0.0,1290.0
688,1,4,4,1,0.0,0.0,3,1,0,1,0,3,0,0,0,0,0,0,0,0,0,0,0,0,0,0,0,0,0,0,0,0,0,0,0,0,0,0,0,0,0,0,0,0,0,0,0,0,0,0,480694.875,490000.0
675,0,3,2,1,0.0,1.0,3,1,0,2,0,3,0,0,0,0,0,0,0,1,0,0,0,0,0,0,0,0,0,0,1,0,0,0,0,0,0,0,0,0,1,0,0,0,1,0,0,0,0,0,1969.5682373046875,1450.0
699,1,2,2,1,0.0,0.0,2,1,0,1,0,2,0,0,0,0,0,0,0,0,0,0,0,0,0,0,0,0,0,0,0,1,0,0,0,0,0,0,0,0,1,0,1,0,0,0,0,0,0,0,245227.078125,250000.0
749,1,6,1,1,0.0,2.0,2,1,0,0,1,4,0,0,0,0,0,0,0,0,0,0,0,0,0,0,0,0,0,0,1,0,0,0,0,0,0,0,0,0,1,0,0,0,1,0,0,0,0,0,258222.671875,270000.0
563,1,6,0,3,0.0,1.0,1,1,1,0,0,2,0,1,0,0,0,0,0,0,0,0,0,1,0,1,0,0,0,0,0,0,0,0,0,0,1,0,0,0,1,0,0,0,1,0,0,0,0,0,60293.75,120000.0
751,1,4,2,1,0.0,1.0,2,1,1,1,0,1,0,0,0,0,0,0,0,1,0,0,0,0,1,0,0,0,0,1,1,0,0,0,1,0,0,0,0,0,1,0,0,0,1,0,0,0,0,0,309590.40625,300000.0
572,1,4,0,1,0.0,3.0,2,1,1,1,0,1,0,0,0,1,0,0,1,0,0,0,0,0,1,0,0,1,0,0,0,0,0,0,0,0,0,0,0,0,1,0,0,0,1,0,0,0,0,0,139668.75,140000.0
696,0,3,2,1,0.0,2.0,1,1,0,1,0,2,0,0,0,0,1,0,0,0,0,0,0,0,0,0,0,0,0,0,0,0,0,0,0,0,0,0,0,0,1,0,1,0,0,0,0,0,0,0,1041.3768310546875,900.0
707,0,3,2,1,0.0,2.0,3,1,0,1,0,2,0,0,0,0,0,0,0,1,0,0,0,0,1,0,0,0,1,0,0,0,0,0,1,0,0,0,0,0,1,0,0,0,1,0,0,0,0,0,870.3104248046875,1300.0
575,1,4,0,4,0.0,2.0,1,1,1,1,0,1,0,0,0,0,0,0,0,1,0,0,0,0,1,1,0,0,0,0,0,0,0,0,1,0,0,0,0,0,1,0,0,0,1,0,0,0,0,0,62685.37109375,60000.0
587,1,6,0,4,0.0,4.0,1,1,1,1,0,1,0,0,0,0,0,0,0,1,0,0,0,0,1,1,0,1,0,0,0,0,0,0,0,0,0,0,0,0,1,0,0,0,1,0,0,0,0,0,71950.1015625,70000.0
488,0,3,2,1,0.0,1.0,2,1,0,1,0,3,0,0,0,0,0,0,0,1,0,0,0,0,0,0,0,0,0,0,1,0,0,0,0,0,0,0,0,0,1,0,0,0,1,0,0,0,0,0,1246.1971435546875,1200.0
730,1,2,3,4,0.0,4.0,3,1,0,1,1,3,0,0,0,1,1,0,0,0,0,0,0,0,0,0,0,0,0,0,1,0,0,0,0,0,0,0,0,0,1,0,0,0,1,0,0,0,0,0,350195.1875,400000.0
593,1,4,0,4,0.0,1.0,1,1,1,1,0,1,0,0,0,0,0,0,0,1,0,0,0,0,1,1,0,0,0,0,0,0,0,0,0,0,0,0,0,0,1,0,0,0,1,0,0,0,0,0,85892.2265625,85000.0
679,1,2,3,1,0.0,1.0,3,1,0,2,1,5,0,0,0,0,1,0,0,0,0,0,0,0,1,0,0,1,0,1,0,0,0,0,1,0,0,0,0,0,0,0,0,0,1,0,0,0,0,0,375254.15625,375000.0
1104,0,3,1,1,0.0,4.0,4,1,1,1,0,1,0,0,0,0,0,0,0,0,0,0,0,0,1,0,1,0,0,0,1,0,0,0,1,0,0,0,0,0,0,0,0,0,1,0,0,0,0,0,846.4315185546875,800.0
1083,1,2,1,1,0.0,2.0,2,1,0,1,1,1,1,0,0,0,0,0,1,0,0,1,0,0,1,0,1,0,0,1,0,0,0,0,1,0,0,0,0,1,1,0,0,0,1,0,0,0,0,0,165822.46875,167500.0
1166,1,2,1,1,0.0,0.0,2,1,0,1,0,2,0,1,0,0,0,0,1,0,0,1,0,0,0,1,0,0,0,0,0,0,0,0,1,0,0,0,0,1,0,0,0,1,1,0,0,0,0,0,249434.140625,250000.0
1150,1,4,2,1,0.0,3.0,2,1,1,1,1,3,0,0,0,0,0,0,0,1,1,0,0,0,0,0,0,0,0,0,0,0,0,0,1,0,0,0,0,1,0,0,0,0,1,0,0,0,0,0,278672.84375,280000.0
1149,1,2,1,1,0.0,2.0,2,1,1,1,0,2,0,0,0,1,0,0,1,0,0,1,0,0,0,0,1,0,1,1,0,0,0,0,1,0,0,0,0,1,1,0,0,1,0,0,0,0,0,0,182045.671875,180000.0
1128,0,3,2,3,0.0,8.0,3,1,1,1,1,2,0,0,0,1,1,0,1,0,0,0,0,0,1,0,0,0,0,1,1,0,0,0,1,0,0,0,0,1,1,0,0,0,1,0,0,0,0,0,1119.8768310546875,950.0
1133,0,3,2,1,0.0,3.0,3,1,1,0,0,4,0,0,0,1,0,0,1,0,0,1,0,0,0,0,1,0,0,1,1,0,0,0,1,0,0,0,0,1,0,0,0,0,1,0,0,0,0,0,858.7362060546875,895.0
1123,0,3,1,1,0.0,1.0,2,1,1,1,0,0,1,0,0,1,0,0,1,0,0,0,0,0,0,0,0,0,0,0,0,0,0,0,1,0,0,0,0,1,0,0,0,1,1,0,0,0,0,0,701.1854248046875,750.0
1126,0,3,1,1,0.0,2.0,2,1,0,1,1,0,1,0,0,0,0,0,0,0,0,1,0,1,0,1,0,0,0,0,0,0,0,1,0,0,0,0,0,1,1,0,0,1,0,0,0,0,0,0,821.2869873046875,695.0
1130,0,3,0,1,0.0,3.0,2,1,1,1,0,1,0,0,0,0,0,0,0,1,0,0,0,0,1,0,1,0,0,1,0,0,0,0,1,0,0,0,0,0,1,0,0,1,1,0,0,0,0,0,752.4705810546875,695.0
1114,0,3,1,1,0.0,0.0,2,1,1,1,0,0,0,0,0,0,0,0,1,0,1,0,0,1,0,1,0,0,0,0,0,0,0,1,0,0,0,0,0,0,0,0,1,0,0,0,0,0,0,0,742.0780029296875,750.0
1118,0,3,1,1,0.0,1.0,2,1,1,1,0,0,1,0,0,0,0,0,1,0,0,1,0,0,1,0,1,0,1,0,0,0,0,0,1,0,0,0,0,1,1,0,0,1,0,0,0,0,0,0,1292.5330810546875,750.0
1090,0,3,3,1,0.0,1.0,1,1,1,1,0,1,1,0,0,0,0,0,1,0,0,1,0,0,0,1,0,0,0,0,0,0,0,0,1,0,0,0,0,1,0,0,0,1,1,0,0,0,0,0,1140.5526123046875,950.0
1159,0,3,4,1,0.0,1.0,4,1,0,1,1,3,0,0,0,1,1,0,1,0,0,0,0,0,1,0,1,0,0,0,1,0,1,0,0,0,0,0,0,0,1,0,0,0,1,0,0,0,0,0,1162.7362060546875,1300.0
1143,1,2,3,1,0.0,8.0,2,1,1,3,1,2,0,0,0,1,0,0,1,0,0,1,0,0,1,0,1,0,0,1,0,0,0,0,1,0,0,0,0,1,1,0,0,1,0,0,0,0,0,0,345654.0625,350000.0
3796,0,3,2,1,0.0,1.0,3,1,1,1,0,0,0,0,0,1,0,0,1,0,0,0,0,0,1,0,0,1,0,0,0,0,1,0,0,0,0,0,0,0,1,0,0,0,1,0,0,0,0,0,454.2069396972656,850.0
3801,0,3,2,1,0.0,1.0,3,1,0,2,1,2,0,0,0,1,0,0,0,0,0,0,0,0,1,0,1,1,0,0,0,0,1,0,0,0,0,0,0,0,1,0,0,0,1,0,0,0,0,0,714.2225341796875,850.0
3776,0,3,1,1,0.0,5.0,2,1,0,0,0,2,0,0,0,1,0,0,1,0,0,0,0,0,1,0,0,1,0,0,0,0,1,0,0,0,0,0,0,0,1,0,0,0,1,0,0,0,0,0,565.4461669921875,700.0
3864,0,3,0,1,0.0,1.0,1,1,0,1,1,0,0,0,0,0,0,0,0,1,0,0,0,0,0,1,0,0,0,0,0,0,1,0,0,0,0,0,0,0,1,0,0,0,1,0,0,0,0,0,619.2127685546875,425.0
3863,0,3,1,1,0.0,1.0,3,1,0,0,1,1,0,0,0,1,0,0,0,0,0,0,0,0,1,0,0,1,0,0,0,0,0,0,0,0,0,0,0,0,1,0,0,0,1,0,0,0,0,0,662.4569091796875,600.0
3771,0,3,1,1,0.0,2.0,1,1,0,1,1,1,0,0,0,0,0,0,0,0,0,0,0,0,0,0,0,0,0,0,0,0,0,1,0,0,0,0,0,0,0,0,1,0,0,0,0,0,0,0,764.2772216796875,625.0
3798,0,3,0,1,0.0,0.0,2,1,0,1,1,1,0,0,0,0,0,0,0,1,0,0,0,0,1,0,0,1,1,0,0,0,1,0,0,0,0,0,0,0,1,0,0,0,1,0,0,0,0,0,521.5047607421875,500.0
3810,0,3,0,1,0.0,0.0,1,1,0,1,1,1,0,0,0,0,0,0,1,0,0,0,0,0,0,0,0,0,0,0,0,0,1,0,0,0,0,0,0,0,0,0,0,0,1,0,0,0,0,0,350.8729553222656,445.0
3859,0,3,0,1,0.0,1.0,1,1,0,1,0,1,0,0,0,0,0,0,1,0,0,0,0,0,0,0,0,0,0,0,0,0,1,0,0,0,0,0,0,0,1,0,0,0,1,0,0,0,0,0,513.8182373046875,350.0
3109,0,3,0,1,0.0,7.0,2,1,1,1,1,0,0,0,0,0,0,0,0,1,0,0,0,0,1,0,1,0,0,0,0,0,1,0,0,0,0,0,0,0,1,0,0,0,1,0,0,0,0,0,686.4901123046875,425.0
3809,0,3,0,1,0.0,0.0,1,1,0,1,0,1,0,0,0,0,0,0,0,1,0,0,0,0,0,0,0,0,0,0,0,0,1,0,0,0,0,0,0,0,1,0,0,0,1,0,0,0,0,0,513.6590576171875,425.0
3923,0,3,0,1,0.0,1.0,3,1,0,1,1,1,0,0,0,0,0,0,0,1,0,0,0,0,0,0,0,1,1,0,0,0,1,0,0,0,0,0,0,0,1,0,0,0,1,0,0,0,0,0,572.1112060546875,695.0
3901,0,3,0,1,0.0,1.0,3,1,0,1,0,2,0,0,0,0,0,0,0,1,0,0,0,0,1,0,0,1,0,0,0,0,1,0,0,0,0,0,0,0,1,0,0,0,1,0,0,0,0,0,528.8641357421875,460.0
3800,0,3,0,1,0.0,2.0,2,1,0,1,1,1,0,0,0,0,0,0,0,1,0,0,0,0,1,0,0,1,1,0,0,0,1,0,0,0,0,0,0,0,0,0,0,0,1,0,0,0,0,0,588.8026123046875,650.0
3862,0,3,0,1,0.0,1.0,3,1,0,1,1,1,0,0,0,0,0,0,0,1,0,0,0,0,1,0,0,1,1,0,0,0,1,0,0,0,0,0,0,0,1,0,0,0,1,0,0,0,0,0,650.5545654296875,650.0
3794,0,3,0,1,0.0,1.0,1,1,0,1,0,2,0,0,0,0,0,0,1,0,0,0,0,1,0,0,0,0,0,0,0,0,1,0,0,0,0,0,0,0,1,0,0,0,1,0,0,0,0,0,322.3182678222656,525.0
3795,0,3,0,1,0.0,0.0,1,1,0,1,0,1,0,0,0,0,0,0,1,0,0,0,0,0,0,1,0,0,0,0,0,0,1,0,0,0,0,0,0,0,1,0,0,0,1,0,0,0,0,0,623.5623779296875,465.0
3799,0,3,0,1,0.0,1.0,3,1,0,2,0,3,0,0,0,1,0,0,1,0,0,0,0,0,1,0,1,0,1,0,0,0,1,0,0,0,0,0,0,0,0,0,0,0,1,0,0,0,0,0,792.6600341796875,675.0
3803,0,3,1,1,0.0,1.0,2,1,1,1,0,4,0,0,0,1,1,0,1,0,0,0,0,0,1,0,1,1,0,0,0,0,1,0,0,0,0,0,0,0,1,0,0,0,1,0,0,0,0,0,899.0096435546875,795.0
3809,0,3,0,1,0.0,0.0,1,1,0,1,0,1,0,0,0,0,0,0,0,1,0,0,0,0,0,0,0,0,0,0,0,0,1,0,0,0,0,0,0,0,1,0,0,0,1,0,0,0,0,0,513.6590576171875,425.0
773,0,3,0,1,0.0,4.0,2,1,0,1,1,1,0,0,0,0,0,0,0,1,0,0,0,0,1,0,0,0,0,0,0,0,1,0,0,0,0,0,0,0,1,0,0,0,1,0,0,0,0,0,758.0057373046875,410.0
3795,0,3,0,1,0.0,0.0,1,1,0,1,0,1,0,0,0,0,0,0,1,0,0,0,0,0,0,1,0,0,0,0,0,0,1,0,0,0,0,0,0,0,1,0,0,0,1,0,0,0,0,0,623.5623779296875,465.0
3859,0,3,0,1,0.0,0.0,1,1,0,1,0,1,0,0,0,0,0,0,1,0,0,0,0,0,0,0,0,0,0,0,0,0,1,0,0,0,0,0,0,0,1,0,0,0,1,0,0,0,0,0,457.3924865722656,350.0
3797,0,3,1,1,0.0,0.0,3,1,1,1,0,1,0,0,0,1,0,0,1,0,0,0,0,0,1,0,0,1,1,0,0,0,1,0,0,0,0,0,0,0,1,0,0,0,1,0,0,0,0,0,906.7244873046875,895.0
3774,0,3,1,1,0.0,0.0,2,1,0,1,0,1,0,0,0,0,0,0,0,0,0,0,0,0,0,0,0,0,0,0,0,0,1,0,0,0,0,0,0,0,1,0,0,0,1,0,0,0,0,0,677.3504638671875,700.0
4003,1,6,2,1,0.0,4.0,3,1,0,0,1,7,0,0,0,0,0,0,0,1,0,0,0,0,1,0,0,1,0,0,0,0,0,0,1,0,0,0,0,1,0,0,0,0,0,0,0,0,0,0,298059.25,300000.0
3997,1,6,1,3,0.0,0.0,3,1,1,1,1,4,0,1,0,0,0,0,1,0,0,0,0,0,1,0,0,0,0,0,0,0,0,0,0,0,0,0,0,0,0,0,0,0,1,0,0,0,0,0,152510.90625,250000.0
5186,1,2,3,1,0.0,0.0,2,1,0,1,1,5,0,0,0,1,0,0,0,0,0,1,1,0,0,0,1,0,0,0,0,0,1,0,0,0,0,0,0,0,0,0,0,0,1,0,0,0,0,0,287101.84375,350000.0
2132,1,4,5,1,0.0,3.0,4,1,1,2,1,6,0,0,0,1,1,0,1,0,0,0,0,0,1,0,1,0,0,1,0,0,0,0,1,0,0,0,0,1,1,0,0,0,1,0,0,0,0,0,600855.75,600000.0
2128,1,4,3,1,0.0,3.0,3,1,1,1,1,3,0,0,0,1,0,0,1,0,0,0,0,0,1,0,0,0,1,0,0,0,0,0,1,0,0,0,0,0,1,0,0,0,1,0,0,0,0,0,428183.625,425000.0
2126,1,4,4,4,0.0,0.0,2,1,1,1,0,6,0,0,0,1,1,0,1,0,0,0,0,0,1,0,0,0,1,1,0,0,1,0,0,0,0,0,0,0,1,0,0,0,1,0,0,0,0,0,463624.3125,460000.0
2128,1,4,4,1,0.0,0.0,4,1,1,0,1,2,0,0,0,1,0,1,1,0,0,0,0,0,1,0,0,0,0,1,0,0,0,0,1,0,1,0,0,1,0,0,0,0,1,0,0,0,0,1,605450.625,600000.0
5340,1,2,1,4,0.0,0.0,3,1,1,1,1,1,0,0,0,0,1,0,0,0,0,0,1,0,1,0,0,1,0,0,0,0,0,0,0,0,0,0,0,0,0,0,1,0,0,0,0,0,0,0,174471.96875,175000.0
2919,1,4,2,1,0.0,0.0,3,1,0,0,1,8,0,0,0,1,0,0,1,0,0,0,0,0,0,0,0,0,0,1,1,1,0,0,0,0,0,0,0,0,1,0,0,0,1,0,0,0,0,0,315793.15625,250000.0
378,1,6,3,3,0.0,1.0,2,1,0,1,1,10,0,0,0,1,1,0,0,0,0,0,0,0,0,0,0,1,0,1,1,0,1,0,0,0,0,0,0,0,1,0,0,0,1,0,0,0,0,0,255074.734375,250000.0
2485,0,3,0,1,0.0,2.0,1,1,0,1,0,4,0,0,0,1,1,0,0,0,0,0,0,0,0,0,0,0,0,0,0,0,0,0,0,0,0,0,0,0,1,0,1,0,0,0,0,0,0,0,570.2293701171875,500.0
561,0,3,2,1,0.0,0.0,2,1,0,2,1,1,1,0,0,0,0,0,0,0,0,0,0,0,0,1,0,0,0,0,0,0,0,0,1,0,0,0,0,0,0,0,0,1,0,0,0,0,0,0,951.2127685546875,1350.0
4732,0,3,6,1,0.0,1.0,2,1,1,1,1,4,0,0,0,0,0,0,0,1,0,0,0,0,1,0,0,0,0,0,0,0,0,0,1,0,0,0,0,0,0,0,0,0,1,0,0,0,0,0,36959.6875,2250.0
4740,0,3,5,1,0.0,1.0,0,1,1,0,1,2,0,0,0,0,0,0,0,1,1,0,0,1,1,1,0,0,0,0,1,0,0,0,1,0,0,0,0,0,0,0,0,0,1,0,0,0,0,0,0.0,700.0
4740,0,3,5,1,0.0,0.0,0,1,1,0,1,2,0,0,0,0,0,0,0,1,1,0,0,1,1,1,0,0,0,0,1,0,0,0,1,0,0,0,0,0,0,0,0,0,1,0,0,0,0,0,0.0,700.0
1821,1,4,0,4,0.0,7.0,3,1,1,1,0,2,0,0,0,1,0,0,0,0,0,1,0,0,0,0,0,0,0,1,0,0,0,0,1,0,0,0,0,0,0,0,0,0,1,0,0,0,0,0,70637.2421875,70000.0
2418,0,3,1,1,0.0,2.0,2,0,0,1,1,1,1,0,0,0,0,0,0,1,0,0,0,0,0,0,0,0,0,0,0,0,0,0,1,0,0,0,0,0,0,0,1,0,0,0,0,0,0,0,839.3924560546875,600.0
2412,0,3,0,1,0.0,3.0,3,1,0,0,1,1,0,0,0,0,0,0,0,1,0,0,0,0,1,0,0,0,0,0,0,0,1,0,0,0,0,0,0,1,0,0,0,0,0,0,0,0,0,0,727.8963623046875,750.0
1460,1,2,2,3,0.0,0.0,3,1,0,1,1,3,0,0,0,1,0,0,0,0,0,0,0,0,1,0,0,1,0,0,0,0,0,0,1,0,0,0,0,1,1,0,0,1,0,0,0,0,0,0,117854.109375,295000.0
1468,0,3,2,1,0.0,2.0,3,1,1,1,1,4,0,0,0,0,1,0,1,0,0,0,0,0,1,0,0,1,0,0,0,0,0,0,0,0,0,0,0,0,1,0,0,0,1,0,0,0,0,0,806.4354248046875,1200.0
5356,0,3,2,1,0.0,1.0,4,1,1,0,1,0,0,0,0,0,0,0,0,1,1,0,0,0,0,0,0,0,0,0,0,0,0,0,1,0,0,0,0,1,0,0,0,1,1,0,0,0,0,0,1498.7362060546875,1300.0
5413,0,3,0,1,0.0,1.0,2,1,0,1,0,3,0,1,0,0,0,0,0,1,0,0,0,0,0,0,0,0,0,0,0,0,0,0,1,0,0,0,0,0,0,0,0,0,1,0,0,0,0,0,0.0,700.0
5501,0,3,2,1,0.0,1.0,3,1,0,2,1,3,0,0,0,1,1,0,1,0,0,0,0,0,0,0,1,1,0,0,1,0,1,0,0,0,0,0,0,0,0,0,0,0,1,0,0,0,0,0,689.9178466796875,900.0
682,0,3,2,1,0.0,1.0,3,1,0,2,1,2,0,0,0,1,0,0,0,0,0,0,0,0,0,0,0,0,0,0,0,0,0,0,0,0,0,0,0,0,1,0,0,0,1,0,0,0,0,0,1063.3182373046875,1400.0
758,0,3,1,1,0.0,15.0,1,1,0,1,0,2,1,0,0,0,0,0,0,0,0,0,0,1,0,0,0,0,0,0,0,0,0,0,0,0,0,0,0,0,1,0,1,0,0,0,0,0,0,0,622.0174560546875,850.0
316,0,3,0,1,0.0,1.0,2,1,1,1,0,0,0,0,0,0,0,0,0,1,0,0,0,0,0,0,0,0,0,0,0,0,0,0,0,0,0,0,0,0,0,0,0,0,1,0,0,0,0,0,652.8885498046875,350.0
2497,1,4,3,1,0.0,0.0,2,1,1,2,1,9,0,0,0,1,0,0,1,0,0,0,0,0,1,0,0,1,0,0,1,0,0,0,1,0,0,0,0,0,0,0,0,0,1,0,0,0,0,0,265339.4375,260000.0
3921,0,3,0,1,0.0,1.0,3,1,1,1,0,2,0,0,0,0,0,0,1,1,0,0,0,0,1,0,0,0,1,0,0,0,0,0,0,0,0,0,0,1,1,0,0,0,0,0,0,0,0,0,638.8543701171875,525.0
197,0,3,2,1,0.0,5.0,3,1,1,2,1,3,0,0,0,1,0,0,0,0,0,0,0,0,0,0,1,0,0,0,0,0,0,0,1,0,0,0,0,0,0,0,0,0,1,0,0,0,0,0,892.5526123046875,600.0
1276,0,3,0,1,0.0,1.0,2,1,1,1,1,1,0,0,0,0,0,0,0,1,0,0,0,0,0,0,0,0,1,0,0,0,1,0,0,0,0,0,0,0,0,0,0,0,1,0,0,0,0,0,579.0291748046875,595.0
2523,0,3,1,3,0.0,1.0,3,1,0,1,1,4,0,0,0,1,0,0,1,0,0,0,0,0,0,0,0,1,0,0,1,0,0,0,0,0,0,0,0,0,0,0,0,0,1,0,0,0,0,0,680.6112060546875,695.0
314,0,3,0,1,0.0,1.0,0,1,1,1,0,0,0,1,0,0,0,0,0,0,0,0,0,0,0,0,0,0,0,0,0,0,0,0,0,0,0,0,0,0,0,0,1,0,0,0,0,0,0,0,551.9002685546875,300.0
5540,1,6,2,1,0.0,2.0,3,1,1,1,1,0,0,0,0,0,1,0,1,0,0,0,0,0,1,0,0,0,1,0,1,0,0,0,1,0,0,0,0,1,1,0,0,0,0,0,1,0,0,0,292400.15625,240000.0
1413,1,6,0,1,0.0,2.0,1,1,1,1,0,2,0,0,0,0,0,0,1,0,0,0,0,0,0,0,0,0,0,0,1,0,0,0,1,0,0,0,0,0,0,0,0,0,1,0,0,0,0,0,109467.4609375,130000.0
5534,1,6,3,1,0.0,1.0,3,1,1,1,1,1,0,0,0,1,1,0,1,0,0,0,0,0,1,0,0,1,0,1,0,0,0,0,0,0,0,0,0,0,1,0,0,0,1,0,0,0,0,0,282187.6875,290000.0
816,1,6,1,1,0.0,2.0,2,1,1,1,1,0,0,0,0,1,1,0,1,0,0,0,0,0,1,0,0,0,0,1,1,0,0,0,0,0,0,0,0,0,0,0,0,0,0,0,0,0,0,0,175561.640625,175000.0
4298,1,7,3,1,0.0,5.0,3,1,0,1,0,2,1,0,0,0,1,0,1,0,0,0,0,0,0,0,0,0,0,0,0,0,0,1,0,1,0,0,0,1,0,0,1,0,0,0,0,0,0,0,283600.625,290000.0
4424,1,4,0,1,0.0,3.0,1,1,0,1,1,2,0,1,0,0,0,0,1,0,0,0,0,1,0,0,0,1,0,1,1,0,0,0,0,0,0,0,0,0,1,0,0,1,0,0,0,0,0,0,126395.90625,150000.0
4313,1,7,1,1,0.0,3.0,2,1,0,1,0,1,0,0,0,0,0,0,0,0,1,0,0,0,0,0,0,0,0,0,0,0,0,0,0,0,0,0,0,0,1,0,0,0,1,0,0,0,0,0,209941.890625,210000.0
4427,1,7,0,3,0.0,0.0,1,1,0,0,1,2,0,0,0,1,0,0,0,0,0,0,0,0,0,0,0,0,1,1,1,0,0,0,0,0,0,0,0,0,1,0,0,1,0,0,0,0,0,0,137976.5625,139950.0
1523,1,4,4,1,0.0,0.0,3,1,0,1,1,2,0,0,0,0,1,1,1,0,0,0,0,0,1,0,0,1,0,1,0,0,0,0,0,0,0,0,0,0,0,0,0,0,1,0,0,0,0,0,204309.75,199500.0
2193,0,3,0,1,0.0,3.0,1,1,1,1,0,2,0,1,0,0,0,0,1,0,0,0,0,0,0,1,0,0,0,0,0,0,0,1,0,0,0,0,0,0,0,0,0,0,0,0,0,0,0,1,1032.3865966796875,475.0
2159,0,3,2,1,0.0,2.0,3,1,1,1,1,2,0,0,0,1,0,0,0,0,0,0,0,0,0,0,1,0,0,0,0,0,0,1,0,0,0,0,0,1,0,0,0,0,0,0,0,0,0,0,621.1151123046875,750.0
2151,0,3,0,1,0.0,4.0,3,1,0,1,1,3,0,0,0,1,0,0,0,0,0,0,0,0,1,0,0,0,0,0,0,0,0,0,0,0,0,0,0,1,0,0,0,0,0,0,0,0,0,0,706.8807373046875,775.0
2152,0,3,1,1,0.0,1.0,3,1,0,1,1,2,0,0,0,1,0,0,0,0,0,0,0,0,1,0,0,0,0,0,0,0,0,0,1,0,0,0,0,1,0,0,0,0,0,0,0,0,0,0,953.2166748046875,800.0
2167,1,6,3,1,0.0,1.0,3,1,0,1,1,6,0,0,0,1,0,0,0,0,0,0,0,0,1,0,0,0,0,0,0,0,0,0,1,0,0,0,0,1,0,0,0,0,0,0,0,0,0,0,301418.125,295000.0
2228,1,6,3,1,0.0,4.0,3,1,0,1,1,6,0,0,0,1,1,0,1,0,0,0,0,0,0,0,0,1,0,1,1,0,1,0,0,1,0,1,0,0,1,0,0,0,1,0,0,0,0,0,286682.8125,230000.0
2227,1,2,2,1,0.0,3.0,3,1,0,1,1,8,0,0,0,1,0,0,1,0,0,0,0,0,0,0,0,1,0,0,1,0,1,0,0,0,0,1,0,0,1,0,0,0,1,0,0,0,0,0,203315.359375,200000.0
2245,1,6,4,1,0.0,0.0,4,1,0,1,2,11,0,0,0,1,1,0,1,0,0,0,0,0,0,0,0,1,1,0,1,0,1,0,0,0,0,1,0,0,0,0,0,0,1,0,0,0,0,0,352900.40625,340000.0
2231,1,6,1,1,0.0,7.0,3,1,0,1,0,9,0,0,0,1,1,0,1,0,0,0,0,0,0,0,0,1,1,0,1,0,1,0,0,0,0,0,0,0,1,0,0,0,1,0,0,0,0,0,254868.609375,190000.0
2245,1,6,4,1,0.0,1.0,4,1,0,1,1,9,0,0,0,1,1,0,1,0,0,0,0,0,0,0,0,1,1,0,1,0,1,0,0,0,0,1,0,0,1,0,0,0,1,0,0,0,0,0,374295.46875,365000.0
2206,1,6,1,1,0.0,1.0,3,1,0,1,0,6,1,0,0,0,0,0,1,0,0,0,0,0,0,0,0,0,1,0,1,0,0,0,1,0,0,0,0,0,1,0,0,0,1,0,0,0,0,0,181606.765625,180000.0
2233,1,6,1,1,0.0,4.0,3,1,0,1,1,3,0,0,0,0,0,0,0,1,0,0,0,0,0,0,0,0,1,0,1,0,0,0,1,0,0,0,0,0,1,0,0,0,1,0,0,0,0,1,169605.5,170000.0
594,1,6,2,1,0.0,3.0,3,1,0,1,1,9,0,0,0,1,1,0,1,0,0,0,0,0,0,0,0,1,0,0,1,1,1,0,0,0,0,0,0,0,1,0,0,0,1,0,0,0,0,0,201696.640625,260000.0
2221,1,6,1,1,0.0,3.0,3,1,0,1,1,5,0,0,0,1,1,0,1,0,0,0,0,0,0,0,0,1,0,0,1,0,1,0,0,0,0,0,0,0,1,0,0,0,1,0,0,0,0,0,180854.921875,185000.0
2227,1,6,2,1,0.0,2.0,3,1,0,1,1,5,0,0,0,1,0,0,0,0,0,0,0,0,0,0,0,1,0,0,1,0,1,0,0,0,0,1,0,0,1,0,0,0,1,0,0,0,0,0,193226.390625,190000.0
2214,1,6,1,1,0.0,3.0,4,1,0,1,1,7,0,0,0,1,0,0,1,0,0,0,0,0,0,0,0,0,1,0,1,0,1,0,0,0,0,0,0,0,1,0,0,0,1,0,0,0,0,1,199919.28125,200000.0
2124,1,2,4,1,0.0,4.0,3,1,1,2,1,6,0,0,0,1,1,0,1,0,0,0,0,0,1,0,0,0,0,0,0,0,1,0,0,0,0,0,0,0,1,0,0,0,1,0,0,0,0,0,394285.3125,575000.0
3234,1,7,0,1,0.0,4.0,4,2,1,0,2,11,0,0,0,1,0,0,1,0,0,0,0,0,0,0,1,0,0,1,1,0,1,0,0,0,0,0,0,0,1,0,0,0,1,0,0,0,0,0,221170.84375,220000.0
3246,1,4,5,1,0.0,0.0,3,1,1,2,1,10,0,0,0,1,1,0,1,0,0,0,0,0,0,0,0,0,0,1,1,1,0,0,1,0,0,0,0,1,1,0,0,0,0,0,1,0,0,0,705497.6875,400000.0
3157,1,4,3,1,0.0,2.0,4,1,0,1,1,7,0,0,0,1,1,0,1,0,0,0,0,0,0,0,1,0,0,1,1,0,0,0,1,0,0,0,0,0,1,0,0,0,1,0,0,0,0,0,350524.75,350000.0
3263,1,4,5,1,0.0,2.0,5,1,1,3,1,10,0,0,0,1,1,0,1,0,0,0,0,0,1,0,1,0,0,1,0,0,0,0,1,0,0,0,0,0,1,0,0,0,0,0,1,0,0,0,517197.0625,375000.0
3217,1,7,2,1,0.0,1.0,3,1,1,2,1,6,0,0,0,1,1,0,1,0,0,0,0,0,1,0,1,0,0,0,1,0,0,0,1,0,0,0,0,0,1,0,0,0,1,0,0,0,0,1,201076.8125,200000.0
3136,0,3,0,1,0.0,1.0,3,1,0,1,1,4,0,0,0,1,1,0,1,0,0,0,0,0,0,0,1,0,1,0,0,1,0,0,1,0,0,0,0,0,0,0,0,0,1,0,0,0,0,0,1037.7518310546875,700.0
3223,1,7,0,3,0.0,2.0,3,1,0,1,1,7,0,0,0,1,1,0,1,0,0,0,0,0,1,0,1,0,0,1,0,0,0,0,1,0,0,0,0,0,1,0,0,0,1,0,0,0,0,0,134911.671875,155000.0
3149,1,4,3,1,0.0,1.0,3,1,0,2,1,9,0,0,0,1,1,0,1,0,0,0,0,0,1,0,0,0,0,1,1,0,0,0,1,0,0,0,0,0,1,0,0,0,1,0,0,0,0,0,309154.34375,295000.0
3245,1,4,6,1,0.0,1.0,5,1,0,2,1,11,0,0,0,1,1,0,1,0,0,0,0,0,0,0,1,0,0,1,0,1,0,0,1,0,0,0,0,0,1,0,0,0,0,0,1,0,0,1,826834.5625,825000.0
3257,0,3,0,1,0.0,1.0,2,1,1,0,0,6,0,0,0,0,0,0,0,1,0,0,0,0,1,0,0,1,0,1,0,0,0,0,1,0,0,0,0,0,1,0,1,0,0,0,0,0,0,0,545.5643310546875,575.0
3101,0,3,2,1,0.0,7.0,2,1,0,0,0,6,0,1,0,0,0,1,1,0,0,0,0,0,1,0,1,0,0,1,0,0,0,0,0,0,0,0,0,0,1,0,0,0,1,0,0,0,0,0,550.0682373046875,625.0
3269,1,4,1,1,0.0,0.0,5,1,1,2,1,9,0,0,0,1,1,0,1,0,0,0,0,0,1,0,0,0,0,1,1,0,0,0,1,0,0,0,0,0,1,0,0,0,0,0,1,0,0,0,459272.8125,450000.0
3175,1,4,4,1,0.0,3.0,4,1,1,2,2,8,0,0,0,1,1,0,1,0,0,0,0,0,0,0,1,1,0,0,1,0,0,0,1,0,0,0,0,0,1,0,0,0,1,0,0,0,0,0,348304.59375,350000.0
3264,1,4,3,1,0.0,3.0,4,1,1,1,1,13,0,0,0,1,1,0,1,0,0,0,0,0,0,0,0,1,0,1,1,0,0,0,1,0,0,0,0,1,1,0,0,0,0,0,0,0,0,0,356306.625,350000.0
3244,1,4,1,1,0.0,0.0,2,1,0,2,1,6,0,0,0,1,0,0,1,0,0,0,0,0,1,0,0,1,0,1,0,0,0,0,1,0,0,0,0,0,1,0,1,0,0,0,0,0,0,0,147499.328125,150000.0
3230,1,4,3,1,0.0,2.0,4,1,1,2,0,8,0,0,0,1,1,0,1,0,0,0,0,0,1,0,1,0,0,0,1,0,0,0,1,0,0,0,0,0,1,0,0,0,1,0,0,0,0,0,291428.625,280000.0
3854,1,2,0,3,0.0,6.0,3,1,0,1,1,2,0,0,0,0,0,0,0,1,0,0,0,0,1,0,0,0,0,0,0,0,0,0,0,0,0,0,0,0,0,0,0,0,1,0,0,0,0,0,74438.4140625,60000.0
3805,1,2,0,1,0.0,3.0,2,1,0,2,0,4,0,0,0,0,1,0,0,0,0,0,0,0,1,0,1,0,0,0,0,0,0,0,0,0,0,0,0,0,0,0,0,0,1,0,0,0,0,0,97892.375,98000.0
3870,1,4,0,1,0.0,10.0,3,1,1,2,1,5,0,0,0,1,0,1,0,0,0,0,0,0,1,0,0,1,0,1,0,0,0,0,0,0,0,0,0,0,0,0,0,0,1,0,0,0,0,0,146966.15625,140000.0
3877,1,7,0,1,0.0,1.0,3,1,1,1,1,3,0,0,0,0,0,0,0,1,0,0,0,0,1,0,1,1,0,0,0,0,0,0,0,0,0,0,0,0,0,0,1,0,0,0,0,0,0,0,115958.1015625,115000.0
2509,1,6,4,1,0.0,1.0,4,1,0,2,1,3,0,0,0,1,0,1,1,0,0,0,0,0,1,0,0,1,1,0,0,0,0,0,1,0,0,0,0,1,1,0,0,0,1,0,0,0,0,0,490922.875,475000.0
999,1,6,5,1,0.0,0.0,3,1,0,1,1,1,1,0,0,0,0,1,0,0,0,0,0,0,0,1,0,0,0,0,0,0,0,1,0,0,0,0,0,0,0,0,1,0,0,0,0,0,0,0,563357.625,280000.0
997,0,3,6,1,0.0,1.0,3,1,1,2,1,8,0,0,0,1,0,0,0,0,0,0,0,0,0,0,0,1,0,0,1,1,0,0,1,0,0,0,0,0,0,0,0,0,1,0,0,0,0,0,1943.1502685546875,2350.0
995,1,6,4,1,0.0,0.0,3,1,0,1,0,4,0,0,0,0,1,0,1,0,0,0,0,0,0,0,0,0,0,0,0,0,0,0,1,0,0,0,0,0,0,0,0,0,1,0,0,0,0,0,320182.3125,315000.0
991,1,0,4,1,0.0,0.0,3,1,0,1,1,2,0,0,0,1,1,0,0,0,0,0,0,0,1,0,0,1,0,0,0,0,0,0,1,0,0,0,0,0,1,0,0,0,1,0,0,0,0,0,219573.234375,212000.0
1001,1,6,3,1,0.0,1.0,2,1,0,1,0,3,1,0,0,0,0,0,0,0,0,0,0,0,0,0,0,0,0,0,0,0,1,0,0,0,0,0,0,0,1,0,1,0,0,0,0,0,0,0,272230.90625,170000.0
987,1,6,2,1,0.0,0.0,2,1,0,1,1,3,1,0,0,0,0,0,0,1,0,0,0,0,0,0,0,0,0,0,0,0,0,0,1,0,0,0,0,0,1,0,0,0,1,0,0,0,0,0,135169.609375,137000.0
993,1,6,2,1,0.0,2.0,2,1,0,1,0,4,0,0,0,0,0,0,0,1,0,0,0,0,0,0,0,0,0,0,0,0,0,0,1,0,0,0,0,0,1,0,0,0,1,0,0,0,0,0,222905.671875,150000.0
3508,1,6,1,1,0.0,0.0,3,1,0,1,1,8,1,0,0,0,0,0,1,0,0,0,0,0,1,0,0,0,0,0,1,0,1,0,0,0,0,0,0,0,1,0,0,0,1,0,0,0,0,0,190915.359375,165000.0
3117,0,3,1,1,0.0,1.0,2,1,1,1,0,1,1,0,0,0,0,0,1,0,0,0,0,0,0,1,0,0,0,0,0,0,0,0,0,0,0,0,0,0,0,0,0,1,1,0,0,0,0,0,721.6717529296875,700.0
3110,0,3,0,1,0.0,3.0,4,1,0,1,0,2,0,0,0,0,0,0,0,0,1,0,0,0,0,0,0,0,1,0,0,0,0,0,0,0,0,0,0,0,0,0,0,1,1,0,0,0,0,0,493.6424865722656,525.0
3110,0,3,0,1,0.0,0.0,4,1,0,1,0,2,0,0,0,0,0,0,0,0,1,0,0,0,0,0,0,0,1,0,0,0,0,0,0,0,0,0,0,0,0,0,0,1,1,0,0,0,0,0,786.7420654296875,525.0
3118,0,3,1,1,0.0,2.0,1,1,1,1,1,0,1,0,0,0,0,0,1,0,0,1,0,0,0,1,0,0,0,0,0,0,0,0,0,0,0,0,0,1,0,0,0,1,1,0,0,0,0,0,888.1541748046875,560.0
1861,1,6,3,1,0.0,8.0,4,1,0,1,1,9,0,0,0,1,1,0,1,0,0,0,0,0,0,0,0,1,0,0,1,0,1,0,0,0,0,0,0,0,1,0,0,0,1,0,0,0,0,0,209963.453125,200000.0
1546,1,6,2,1,0.0,3.0,3,1,0,1,1,11,0,0,0,1,1,0,1,0,0,0,0,0,0,0,0,0,0,0,1,0,1,0,0,0,0,0,0,0,1,0,0,0,1,0,0,0,0,0,195680.171875,195000.0
1644,1,4,2,1,0.0,7.0,3,1,0,1,0,9,0,0,0,1,1,0,1,0,0,0,0,0,0,0,0,1,1,0,1,0,1,0,0,0,0,0,0,0,1,0,0,0,1,0,0,0,0,0,250103.703125,240000.0
1555,1,7,0,1,0.0,1.0,2,1,0,1,1,7,0,0,0,0,0,0,0,1,0,0,0,0,0,0,0,1,0,0,1,0,1,0,0,0,0,0,0,0,1,0,0,0,1,0,0,0,0,0,140263.8125,137000.0
1573,1,6,0,3,0.0,6.0,2,1,0,1,1,3,0,0,0,0,0,0,0,1,0,0,0,0,0,0,0,1,0,0,1,0,1,0,0,0,0,0,0,0,0,0,0,0,1,0,0,0,0,0,89000.7421875,100000.0
1524,1,7,2,1,0.0,1.0,2,1,0,0,1,6,1,0,0,0,1,0,1,0,0,0,0,0,0,0,0,1,1,0,1,0,1,0,0,0,0,0,0,0,1,0,0,0,1,0,0,0,0,0,212723.828125,160000.0
1517,1,7,4,1,0.0,1.0,3,1,0,1,1,11,0,0,0,1,1,0,1,0,0,0,0,0,0,0,0,1,0,0,1,0,0,0,1,0,0,0,0,0,1,0,0,0,1,0,0,0,0,0,462336.53125,289500.0
1589,1,6,2,1,0.0,2.0,2,1,0,1,1,7,0,0,0,1,1,0,1,0,0,0,0,0,0,0,0,1,0,0,1,0,1,0,0,0,0,0,0,0,1,0,0,0,1,0,0,0,0,0,236650.421875,235000.0
1610,1,6,3,1,0.0,3.0,3,1,0,2,1,5,0,0,0,0,1,0,1,0,0,0,0,0,1,0,0,0,0,0,0,0,1,0,0,0,0,0,0,0,1,0,0,0,1,0,0,0,0,0,266723.09375,250000.0
1632,1,7,1,1,0.0,1.0,2,1,0,1,1,2,0,1,0,0,0,0,0,0,0,0,0,0,0,1,0,0,0,0,1,0,1,0,0,0,0,0,0,0,1,0,0,0,1,0,0,0,0,0,129404.953125,130000.0
1574,1,7,0,4,0.0,2.0,2,1,0,1,1,5,0,0,0,0,0,0,0,1,0,0,0,0,1,0,0,0,0,0,0,0,0,0,1,0,0,0,0,0,1,0,0,0,1,0,0,0,0,0,123419.0234375,120000.0
1634,1,7,2,1,0.0,5.0,3,1,0,1,1,7,0,0,0,1,1,0,1,0,0,0,0,0,0,0,0,1,0,0,1,0,1,0,0,0,0,0,0,0,1,0,0,0,1,0,0,0,0,0,212179.359375,210000.0
1537,1,7,1,1,0.0,3.0,2,1,0,1,1,6,0,0,0,0,0,0,0,1,0,0,0,0,0,0,0,1,0,0,1,0,1,0,0,0,0,0,0,0,1,0,0,0,1,0,0,0,0,0,191530.265625,175000.0
1518,1,7,2,1,0.0,2.0,3,1,1,2,0,8,0,0,0,1,1,0,1,0,0,0,0,0,0,0,0,1,0,0,1,0,1,0,0,0,0,0,0,0,1,0,0,0,1,0,0,0,0,0,162431.015625,165000.0
1824,1,6,0,1,0.0,1.0,3,1,0,2,1,8,0,0,0,1,0,0,1,0,0,0,0,0,0,0,0,1,0,0,1,0,1,0,0,0,0,0,0,0,1,0,0,0,1,0,0,0,0,0,100403.171875,95000.0
1601,1,7,5,1,0.0,4.0,4,1,0,1,1,10,0,0,0,1,1,0,1,0,0,0,0,0,0,0,0,1,0,0,1,0,1,0,0,0,0,0,0,0,1,0,0,0,1,0,0,0,0,0,429788.75,425000.0
1569,1,7,1,1,0.0,9.0,2,1,0,1,1,7,0,0,0,0,1,0,1,0,0,0,0,0,0,0,0,1,0,0,1,0,1,0,0,0,0,0,0,0,1,0,0,0,1,0,0,0,0,0,157867.671875,150000.0
1637,1,7,3,1,0.0,2.0,3,1,0,1,1,8,0,0,0,1,1,0,1,0,0,0,0,0,0,0,0,1,0,0,1,0,1,0,0,0,0,0,0,0,1,0,0,0,1,0,0,0,0,0,281810.78125,290000.0
1598,1,4,2,1,0.0,3.0,3,1,0,1,1,6,0,0,0,1,1,0,1,0,0,0,0,0,0,0,0,1,0,0,1,0,1,0,0,0,0,0,0,0,1,0,0,0,1,0,0,0,0,0,195182.953125,200000.0
5529,1,7,4,1,0.0,1.0,4,1,0,1,2,11,0,0,0,1,1,0,1,0,0,0,0,0,0,0,0,1,0,0,1,0,1,0,0,0,0,0,0,0,1,0,0,0,1,0,0,0,0,0,345296.125,285000.0
1616,1,7,4,1,0.0,1.0,4,1,0,2,1,10,0,0,1,1,0,0,1,0,0,0,0,0,0,0,0,0,0,0,1,0,1,0,0,0,0,0,0,0,0,0,0,0,1,0,0,0,0,0,559188.0625,550000.0
1633,1,4,2,1,0.0,2.0,3,1,0,1,1,7,0,0,0,1,0,0,1,0,0,0,0,0,0,0,0,1,0,0,1,0,1,0,0,0,0,0,0,0,1,0,0,0,1,0,0,0,0,0,182478.453125,175000.0
1623,1,7,1,1,0.0,4.0,2,1,0,1,1,6,0,0,0,0,0,0,0,1,0,0,0,0,0,0,0,1,0,0,1,0,1,0,0,0,0,0,0,0,1,0,0,0,1,0,0,0,0,0,201557.453125,210000.0
1612,1,7,2,1,0.0,1.0,3,1,0,1,1,7,0,0,0,1,0,0,1,0,0,0,0,0,0,0,0,0,0,0,1,0,1,0,0,0,0,0,0,0,1,0,0,0,1,0,0,0,0,0,251337.1875,225000.0
1582,1,7,3,3,0.0,9.0,2,1,0,1,1,9,0,0,0,1,0,0,1,1,0,0,0,0,0,0,0,1,0,1,0,0,1,0,0,0,0,0,0,0,1,0,0,0,1,0,0,0,0,0,202709.921875,200000.0
1573,1,7,0,3,0.0,2.0,2,1,0,1,1,4,0,0,0,0,0,0,0,1,0,0,0,0,0,0,0,1,0,0,1,0,1,0,0,0,0,0,0,0,0,0,0,0,1,0,0,0,0,0,84383.359375,100000.0
1676,1,7,1,1,0.0,2.0,2,1,0,1,1,5,0,0,0,0,0,0,1,0,0,0,0,0,0,0,0,1,0,0,1,0,1,0,0,0,0,0,0,0,1,0,0,0,1,0,0,0,0,0,174437.203125,150000.0
5246,0,3,0,1,0.0,0.0,3,1,1,1,1,3,0,0,0,1,1,0,0,0,0,0,0,0,1,0,1,0,0,0,0,0,0,0,0,0,0,0,0,0,0,0,0,1,1,0,0,0,0,0,905.4061279296875,575.0
4382,1,7,6,1,0.0,0.0,5,1,1,3,1,6,0,0,0,1,1,0,1,0,0,0,0,0,1,0,0,0,0,1,1,0,0,0,0,0,0,0,0,1,0,0,0,0,1,0,0,0,0,0,651557.1875,650000.0
4293,1,7,4,1,0.0,2.0,1,1,1,1,0,3,1,0,0,0,0,0,1,0,0,1,0,0,0,0,0,0,0,0,0,1,0,1,0,0,0,0,0,1,0,0,0,1,1,0,0,0,0,0,177468.421875,185000.0
4380,1,7,1,1,0.0,0.0,3,1,0,1,1,3,0,0,0,0,0,0,0,1,0,0,0,0,1,0,0,0,1,0,1,0,0,0,0,0,0,0,0,1,0,0,0,1,1,0,0,0,0,0,209310.0,255000.0
4314,1,0,2,1,0.0,0.0,4,1,1,1,1,3,0,0,0,0,0,0,0,0,1,0,0,0,1,0,0,0,0,0,0,0,0,0,0,0,0,0,0,0,0,0,0,0,1,0,0,0,0,0,331133.53125,325000.0
4370,1,4,2,1,0.0,0.0,3,1,0,1,1,4,0,0,0,1,1,0,1,0,0,0,0,0,1,0,0,0,0,1,1,0,0,0,0,0,0,0,0,0,1,0,0,1,1,0,0,0,0,0,302054.65625,300000.0
4438,1,7,3,1,0.0,1.0,3,1,0,1,0,3,0,0,0,0,1,0,1,0,0,1,0,0,1,0,0,0,0,1,1,0,0,0,0,0,0,0,0,0,1,0,0,1,1,0,0,0,0,0,316928.09375,318000.0
4433,1,7,0,1,0.0,1.0,3,1,0,1,0,2,0,1,0,0,0,0,0,0,0,0,0,0,0,0,0,0,0,0,0,0,0,0,0,0,0,0,0,0,1,0,0,1,1,0,0,0,0,0,143391.703125,190000.0
3769,1,7,2,1,0.0,1.0,2,1,1,1,0,0,1,0,0,0,0,0,1,0,0,1,0,0,0,0,0,0,0,0,0,0,0,0,0,0,0,0,0,0,0,0,1,0,0,0,0,0,0,0,193959.390625,200000.0
4394,1,7,1,1,0.0,1.0,3,1,0,1,1,4,0,0,0,0,1,0,1,0,0,0,1,0,1,0,0,0,0,1,1,0,0,0,0,0,0,0,0,0,1,0,0,1,1,0,0,0,0,0,267585.875,260000.0
4411,1,7,1,1,0.0,1.0,3,1,0,1,1,3,0,0,0,1,0,0,1,0,0,1,0,0,1,0,0,0,0,1,1,0,0,0,0,0,0,0,0,0,0,0,1,0,0,0,0,0,0,0,169716.21875,325000.0
4353,1,4,2,1,0.0,6.0,2,1,1,1,0,1,1,0,1,0,0,0,1,0,0,0,0,0,0,0,0,0,0,0,0,0,0,0,0,0,0,0,0,0,0,0,1,0,0,0,0,0,0,0,163370.875,170000.0
4285,1,7,2,1,0.0,3.0,3,1,0,2,1,2,1,0,0,1,0,0,1,0,0,0,0,0,1,0,0,0,0,1,1,0,0,0,0,0,0,0,1,0,0,0,0,1,1,0,0,0,0,0,240930.046875,240000.0
4353,1,7,2,1,0.0,1.0,2,1,1,1,0,2,1,0,0,0,0,0,1,0,0,1,0,0,0,0,0,0,0,0,0,0,0,0,0,0,0,0,0,0,0,0,1,0,0,0,0,0,0,0,178286.625,180000.0
4398,1,0,3,1,0.0,0.0,3,1,0,0,1,1,0,0,0,0,1,0,0,0,0,0,0,0,0,0,0,0,0,0,1,0,0,0,0,0,0,0,0,0,1,0,0,0,1,0,0,0,0,0,332011.25,329950.0
4403,1,7,2,1,0.0,1.0,3,1,0,1,1,1,0,0,0,1,1,0,1,0,0,0,0,0,1,0,0,0,0,1,1,0,0,0,0,0,0,0,0,0,1,0,0,1,1,0,0,0,0,0,275474.9375,280000.0
4397,1,2,2,1,0.0,2.0,2,1,0,0,0,2,0,0,0,0,0,0,0,0,1,0,0,0,0,0,0,0,0,0,1,0,0,0,0,0,0,0,0,0,0,0,0,0,1,0,0,0,0,0,247189.015625,265000.0
4402,1,4,2,1,0.0,1.0,3,1,1,2,1,5,0,0,0,1,0,0,1,0,0,1,0,0,1,0,0,0,0,1,1,0,0,0,0,0,0,0,0,0,1,0,0,1,1,0,0,0,0,0,411127.3125,300000.0
4404,1,7,2,3,0.0,3.0,2,1,0,0,1,5,0,0,0,1,0,0,1,0,0,0,0,0,0,0,0,1,0,0,1,0,0,0,0,0,0,0,0,0,1,0,0,0,1,0,0,0,0,0,235461.734375,278000.0
4384,1,7,0,1,0.0,6.0,3,1,0,1,0,2,0,0,0,0,0,0,0,1,0,0,0,0,0,0,0,1,0,0,1,0,0,0,0,0,0,0,0,0,1,0,0,0,1,0,0,0,0,0,145450.375,210000.0
4303,1,2,1,3,0.0,4.0,3,1,0,0,1,3,0,0,0,0,0,0,0,1,0,0,0,0,0,0,0,0,0,0,1,0,0,0,0,0,0,0,0,0,1,0,0,0,1,0,0,0,0,0,243379.8125,250000.0
4413,1,7,5,1,0.0,0.0,5,1,1,2,1,4,0,0,0,1,1,0,1,0,0,0,0,0,1,0,0,1,0,0,1,0,0,0,0,0,0,0,0,1,0,0,0,1,1,0,0,0,0,0,621788.75,800000.0
4360,1,2,2,1,0.0,2.0,2,1,0,1,1,2,0,0,0,0,0,0,1,0,0,0,0,0,0,0,0,0,0,0,0,0,0,0,0,0,0,0,0,0,1,0,1,0,0,0,0,0,0,0,170310.140625,180000.0
4426,1,7,0,1,0.0,2.0,2,1,0,1,1,0,0,0,0,1,0,0,0,0,0,0,0,0,0,0,0,0,0,0,1,0,0,0,0,0,0,0,0,0,1,0,0,1,0,0,0,0,0,0,167636.140625,170000.0
4302,1,4,2,3,0.0,5.0,3,1,0,1,1,5,0,0,0,0,0,0,0,1,0,0,0,0,0,0,0,0,0,0,1,0,0,0,0,0,0,0,0,0,1,0,0,0,1,0,0,0,0,0,246156.46875,250000.0
4395,1,7,2,1,0.0,4.0,2,1,0,1,1,2,0,0,0,0,0,0,0,0,1,0,0,0,0,0,0,0,0,0,1,0,0,0,0,0,0,0,0,0,0,0,0,0,1,0,0,0,0,0,268098.3125,265000.0
4292,1,2,3,1,0.0,0.0,2,1,0,1,1,1,0,0,0,0,0,0,1,0,0,0,0,0,0,1,0,0,0,0,0,0,0,0,0,0,0,0,0,0,1,0,1,0,0,0,0,0,0,0,261970.359375,150000.0
4430,1,4,2,1,0.0,1.0,3,1,1,1,1,3,0,0,0,1,0,0,1,0,0,1,0,0,1,0,0,0,1,0,1,0,0,0,0,0,0,0,0,0,1,0,0,1,1,0,0,0,0,0,344785.90625,350000.0
4360,1,2,2,3,0.0,1.0,1,1,1,1,1,0,0,0,0,0,0,0,0,0,1,0,0,0,0,0,0,0,0,0,0,0,0,1,0,0,0,0,0,0,0,0,1,0,0,0,0,0,0,0,137459.359375,140000.0
4473,1,4,3,1,0.0,0.0,3,1,1,1,1,3,0,0,0,1,0,0,1,0,0,1,0,0,1,0,0,0,0,1,1,0,0,0,0,0,0,0,0,0,1,0,0,1,1,0,0,0,0,0,495523.375,495000.0
4386,1,7,0,3,0.0,0.0,1,1,1,1,0,1,0,1,0,0,0,0,1,0,0,0,1,0,0,1,0,0,0,0,0,0,0,0,0,0,0,0,0,1,0,0,0,1,1,0,0,0,0,0,130581.7421875,130000.0
4287,1,7,1,3,0.0,3.0,2,1,1,2,1,1,0,0,0,0,0,0,0,1,0,0,0,0,1,0,0,0,0,1,1,0,0,0,0,0,0,0,0,0,1,0,0,1,1,0,0,0,0,0,212255.59375,220000.0
4427,1,0,0,1,0.0,2.0,2,1,1,1,0,2,1,0,0,1,0,0,1,0,0,0,0,0,1,0,0,0,0,0,1,0,0,0,0,0,0,0,0,0,1,0,0,1,1,0,0,0,0,0,188651.921875,189950.0
4437,1,2,1,1,0.0,0.0,2,1,1,0,0,3,1,0,0,0,0,0,1,0,0,0,0,1,1,0,0,0,0,1,1,0,1,0,0,0,0,0,0,0,1,0,1,0,0,0,0,0,0,0,242816.515625,240000.0
4366,1,7,4,1,0.0,0.0,4,1,1,1,1,6,0,0,0,1,1,0,1,0,0,0,0,0,1,0,0,0,0,1,1,0,0,0,0,0,0,0,0,0,1,0,0,1,1,0,0,0,0,0,462886.96875,464950.0
4364,1,4,2,1,0.0,2.0,4,1,0,1,1,4,0,0,0,1,0,0,1,0,0,1,0,0,1,0,0,0,1,0,1,0,0,0,0,0,0,0,0,0,1,0,0,1,1,0,0,0,0,0,300607.625,300000.0
4376,1,7,5,1,0.0,1.0,5,1,0,1,2,10,0,0,0,1,1,0,1,0,0,0,0,0,1,0,0,1,0,1,0,0,0,0,0,0,0,0,0,0,1,0,0,1,1,0,0,0,0,0,511914.25,520000.0
4379,1,7,3,1,0.0,2.0,4,1,1,1,0,4,1,0,0,0,0,0,1,0,0,0,0,1,1,0,0,0,0,1,1,0,0,0,0,0,0,0,0,0,1,0,0,1,1,0,0,0,0,0,338145.625,320000.0
4432,1,7,0,1,0.0,1.0,1,1,0,1,0,2,0,1,0,0,0,0,0,0,0,0,0,1,1,1,0,0,1,0,0,0,0,0,0,0,0,0,0,0,1,0,0,1,1,0,0,0,0,0,78514.3046875,140000.0
4305,1,7,2,1,0.0,1.0,2,1,1,1,0,1,1,0,0,0,0,0,1,0,0,0,0,1,0,1,0,0,0,0,0,0,0,0,0,0,0,0,0,0,1,0,0,1,1,0,0,0,0,0,191904.828125,190000.0
4307,1,7,1,1,0.0,4.0,3,1,1,1,0,3,0,0,0,0,0,0,0,1,0,0,0,0,1,0,0,0,0,0,1,1,0,0,0,0,0,0,0,0,1,0,0,1,1,0,0,0,0,0,305981.0625,240000.0
4315,1,7,2,1,0.0,0.0,2,1,0,1,0,4,1,0,0,0,0,0,1,0,0,1,0,0,0,0,0,0,0,0,0,0,0,0,0,0,0,0,0,0,1,0,1,0,0,0,0,0,0,0,196234.125,200000.0
4384,1,4,3,1,0.0,0.0,3,1,0,1,1,8,0,0,0,1,1,0,0,0,0,0,0,0,0,0,0,0,0,1,1,0,0,0,0,0,0,0,0,0,0,0,0,0,1,0,0,0,0,0,407788.625,400000.0
4362,1,7,2,1,0.0,4.0,2,1,1,1,0,3,1,0,0,0,0,1,1,0,0,0,0,0,0,0,0,0,0,0,0,0,0,1,0,0,0,0,0,1,1,0,1,0,0,0,0,0,0,0,177642.09375,180000.0
4376,1,2,5,1,0.0,0.0,4,1,0,2,1,6,0,0,0,1,1,0,1,0,0,0,0,0,1,0,0,0,0,1,1,0,0,0,0,0,0,0,0,0,1,0,0,1,1,0,0,0,0,0,455652.3125,450000.0
4435,1,7,0,1,0.0,1.0,2,1,0,1,1,2,1,0,0,0,0,0,1,0,0,0,0,0,1,0,0,1,0,0,1,0,0,0,0,0,0,0,0,0,1,0,0,1,1,0,0,0,0,0,129811.7734375,175000.0
4410,1,7,4,1,0.0,3.0,5,2,2,3,0,8,0,0,0,1,0,0,1,0,0,1,0,0,1,0,0,0,1,1,0,0,0,0,0,0,0,0,0,0,1,0,0,1,1,0,0,0,0,0,547798.375,550000.0
4358,1,7,2,1,0.0,0.0,3,1,0,1,1,3,1,0,0,1,0,0,1,0,0,0,0,0,0,0,0,0,0,1,1,0,0,0,0,0,0,0,0,0,1,0,0,0,1,0,0,0,0,0,265586.78125,300000.0
4360,1,7,2,1,0.0,3.0,2,0,0,0,1,2,1,0,0,0,0,1,1,0,0,0,0,0,0,0,0,0,0,0,0,0,0,0,0,0,0,0,0,0,1,0,1,0,0,0,0,0,0,0,212778.15625,210000.0
4423,1,7,0,1,0.0,0.0,1,1,0,1,0,3,1,0,0,1,0,0,1,0,0,0,0,0,1,0,0,0,1,0,1,0,0,0,0,0,0,0,0,0,1,0,0,1,1,0,0,0,0,0,88106.859375,145000.0
4289,1,2,0,1,0.0,4.0,2,1,0,1,0,1,0,0,0,0,0,0,1,0,0,0,0,1,0,1,0,0,0,0,0,0,0,1,0,0,0,0,0,0,1,0,0,0,1,0,0,0,0,0,110484.9921875,110000.0
4387,1,7,0,1,0.0,3.0,2,1,0,1,1,5,0,0,0,1,0,0,1,0,0,1,0,0,0,0,0,1,0,1,1,0,0,0,0,0,0,0,0,0,0,0,0,0,0,0,0,0,0,0,256993.5,260000.0
4434,1,7,0,3,0.0,0.0,2,1,1,1,0,2,0,1,0,0,0,0,1,0,0,0,0,1,1,0,0,1,1,0,0,0,0,0,0,0,0,0,0,0,1,0,0,1,1,0,0,0,0,0,137606.703125,140000.0
4353,1,2,1,1,0.0,0.0,1,1,1,1,0,1,1,0,0,0,0,1,1,0,0,0,0,0,0,1,0,0,0,0,0,0,0,0,0,0,0,0,0,0,1,0,1,0,0,0,0,0,0,0,149749.34375,150000.0
4355,1,7,2,1,0.0,2.0,2,1,0,1,1,2,0,0,0,0,0,0,0,1,0,0,0,0,0,0,0,1,0,0,1,0,0,0,0,0,0,0,0,0,1,0,0,0,1,0,0,0,0,0,251712.921875,250000.0
4480,1,4,2,1,0.0,0.0,1,1,0,2,1,4,0,0,0,1,1,0,1,0,0,0,0,0,0,0,0,1,0,0,1,0,0,0,0,0,0,0,0,0,1,0,0,0,1,0,0,0,0,0,201485.640625,300000.0
4324,1,4,3,4,0.0,1.0,4,1,0,2,1,5,0,0,0,1,1,0,0,0,0,0,0,0,1,0,0,1,0,0,1,0,0,0,0,0,0,0,0,0,1,0,0,0,1,0,0,0,0,0,321683.40625,325000.0
4392,1,7,2,1,0.0,2.0,2,1,0,2,0,5,0,0,0,1,0,0,1,0,0,1,0,0,1,0,0,0,0,0,1,0,0,0,0,0,0,0,0,0,1,0,0,0,1,0,0,0,0,0,265877.75,265000.0
945,1,4,0,1,0.0,1.0,2,1,0,2,0,1,1,0,0,0,0,0,0,0,0,0,0,0,1,0,0,0,0,0,0,0,0,0,0,0,0,0,0,0,0,0,0,0,1,0,0,0,0,0,121446.140625,120000.0
950,1,4,0,2,0.0,2.0,2,1,0,2,1,2,0,0,0,0,0,0,0,0,0,0,0,0,0,0,1,0,0,0,0,0,0,0,0,0,0,0,0,0,0,0,0,1,0,0,0,0,0,0,95781.8359375,100000.0
954,1,4,0,1,0.0,0.0,3,1,0,2,1,2,0,0,0,0,0,0,1,0,0,0,0,0,1,0,0,0,0,0,0,0,0,0,0,0,0,0,0,0,0,0,0,0,1,0,0,0,0,0,125824.2578125,120000.0
2333,1,7,2,1,0.0,1.0,3,1,1,2,1,5,0,0,0,1,0,0,1,0,0,0,0,0,1,0,1,0,0,0,0,0,1,0,0,0,0,0,0,0,0,0,0,0,1,0,0,0,0,0,317057.25,325000.0
3092,1,6,3,1,0.0,0.0,4,1,0,2,1,10,0,0,0,1,0,0,0,0,0,0,0,0,0,0,0,0,0,1,0,0,0,0,0,0,0,0,0,1,0,0,0,0,0,0,1,0,0,0,560163.375,550000.0
2304,1,4,1,1,0.0,1.0,3,1,0,1,1,4,0,0,0,1,1,0,0,0,0,0,0,0,1,0,1,0,0,0,0,0,0,0,0,0,0,0,0,0,0,0,0,0,1,0,0,0,0,0,178745.8125,180000.0
2333,0,3,4,1,0.0,3.0,4,1,1,2,1,2,0,0,0,0,0,0,0,1,0,0,0,0,0,0,1,0,0,1,0,0,1,0,0,0,0,0,0,0,0,0,0,0,1,0,0,0,0,0,1248.6815185546875,1100.0
2314,1,6,1,1,0.0,1.0,3,1,0,1,1,5,0,0,0,1,1,0,0,0,0,0,0,0,1,0,1,0,0,1,0,0,0,0,0,0,0,0,0,0,0,0,0,0,1,0,0,0,0,0,172291.890625,170000.0
2334,1,7,3,1,0.0,1.0,4,1,1,3,1,12,0,0,0,1,1,0,0,0,0,0,0,0,0,0,0,1,0,1,0,0,1,0,0,0,0,0,0,0,0,0,0,0,0,0,0,0,0,0,348944.625,525000.0
2295,0,3,0,1,0.0,3.0,2,1,1,1,1,1,0,1,0,0,0,0,0,0,0,0,0,0,1,0,0,0,0,0,0,0,0,0,0,0,0,0,0,0,0,0,0,0,1,0,0,0,0,0,658.1971435546875,550.0
2287,1,6,4,1,0.0,2.0,4,1,1,2,1,8,0,0,0,1,1,0,0,0,0,0,0,0,0,0,1,0,0,1,0,0,0,0,0,0,0,0,0,0,0,0,0,0,1,0,0,0,0,0,290651.625,290000.0
2343,1,7,2,1,0.0,1.0,3,1,0,1,1,9,0,0,0,1,0,0,1,0,0,0,0,0,1,0,1,1,0,0,0,0,0,0,0,0,0,0,0,0,0,0,0,0,1,0,0,0,0,0,378800.6875,375000.0
3098,1,7,1,1,0.0,2.0,3,1,1,3,1,2,0,0,0,0,0,0,0,1,0,0,0,0,1,0,1,0,0,0,0,0,0,0,0,0,0,0,0,0,0,0,0,0,1,0,0,0,0,0,148269.015625,150000.0
2309,1,6,1,1,0.0,6.0,3,1,0,2,1,3,0,0,0,1,0,0,0,0,0,0,0,0,1,0,0,0,0,1,0,0,0,0,0,0,0,0,0,0,0,0,0,0,1,0,0,0,0,0,205236.984375,200000.0
2344,1,4,4,1,0.0,2.0,4,1,0,2,1,9,0,0,0,1,0,0,0,0,0,0,0,0,1,0,1,1,0,0,0,0,0,0,0,0,0,0,0,0,0,0,0,0,1,0,0,0,0,0,429293.375,365000.0
2444,1,7,3,3,0.0,1.0,2,1,0,2,1,8,0,0,0,1,1,0,0,0,0,0,0,0,0,0,1,0,0,1,1,0,1,0,0,0,0,0,0,0,0,0,0,0,1,0,0,0,0,0,296943.1875,300000.0
2298,1,4,0,1,0.0,1.0,2,1,1,1,0,4,0,0,0,0,0,0,1,0,0,0,0,0,1,0,1,0,0,0,0,0,0,0,0,0,0,0,0,0,0,0,0,0,1,0,0,0,0,0,66695.5234375,170000.0
2366,1,6,0,1,0.0,0.0,1,1,1,1,0,2,1,0,0,0,0,0,1,0,0,0,0,0,0,0,0,0,0,0,0,0,0,0,0,0,0,0,0,0,0,0,0,0,1,0,0,0,0,0,87339.9375,120000.0
2335,1,6,6,1,0.0,7.0,5,1,0,2,1,12,0,0,0,1,1,0,0,0,0,0,0,0,1,0,1,0,0,1,0,0,0,0,0,0,0,0,0,0,0,0,0,0,1,0,0,0,0,0,662402.6875,650000.0
2293,1,6,1,1,0.0,0.0,3,1,0,2,1,5,0,0,0,0,0,0,0,1,0,0,0,0,0,0,0,0,0,1,1,0,0,0,0,0,0,0,0,0,0,0,0,0,1,0,0,0,0,0,274719.1875,270000.0
2371,1,7,4,1,0.0,1.0,3,1,0,2,1,6,0,0,0,0,1,0,1,0,0,0,0,0,0,0,0,1,0,1,1,0,0,0,0,0,0,0,0,0,0,0,0,0,1,0,0,0,0,0,327274.3125,325000.0
2307,1,7,3,1,0.0,1.0,3,1,0,2,1,6,0,0,0,1,1,0,0,0,0,0,0,0,1,0,0,1,0,1,0,0,0,0,0,0,0,0,0,0,0,0,0,0,1,0,0,0,0,0,247750.65625,240000.0
2332,1,7,3,1,0.0,3.0,3,1,0,1,0,6,0,0,0,1,1,0,0,0,0,0,0,0,1,0,1,1,0,0,0,0,0,0,0,0,0,0,0,0,0,0,0,0,1,0,0,0,0,0,238057.46875,240000.0
2278,1,6,2,3,0.0,1.0,2,1,1,1,0,5,0,0,0,1,1,0,0,0,0,0,0,0,1,0,1,1,0,0,0,0,0,0,0,0,0,0,0,0,0,0,0,0,1,0,0,0,0,0,172355.234375,170000.0
2303,1,7,1,1,0.0,1.0,2,1,0,1,0,6,0,0,0,1,1,0,0,0,0,0,0,0,1,0,0,1,0,0,0,0,0,0,0,0,0,0,0,0,0,0,0,0,1,0,0,0,0,0,172265.140625,170000.0
2335,1,6,6,1,0.0,1.0,4,1,0,2,1,8,0,0,0,1,1,1,0,0,0,0,0,0,0,0,1,1,0,0,1,0,0,0,0,0,0,0,0,0,0,0,0,0,1,0,0,0,0,0,559487.125,550000.0
1727,1,2,2,1,0.0,0.0,3,1,0,1,0,5,1,0,0,0,0,0,1,0,0,1,0,0,1,0,1,0,0,1,0,0,0,0,1,0,0,0,0,0,1,0,0,1,1,0,0,0,0,0,147724.546875,145000.0
1760,1,2,0,1,0.0,1.0,3,1,0,1,1,5,0,0,0,0,0,0,0,1,0,0,0,0,1,0,1,0,0,0,1,0,0,0,1,0,0,0,0,0,1,0,0,1,1,0,0,0,0,0,102635.828125,95000.0
1520,1,2,1,1,0.0,3.0,3,1,0,2,1,6,1,0,0,0,0,0,1,0,0,1,0,0,1,0,1,0,0,1,0,0,0,0,0,0,0,0,0,0,1,0,0,1,1,0,0,0,0,0,126053.2265625,130000.0
1720,1,2,1,1,0.0,4.0,2,1,0,1,0,6,1,0,0,0,0,0,1,0,0,1,0,0,0,0,1,0,0,1,1,0,0,0,1,0,0,0,0,0,1,0,0,1,1,0,0,0,0,0,108408.9296875,130000.0
1708,1,2,3,1,0.0,1.0,3,1,0,3,2,8,0,0,0,1,1,0,1,0,0,0,0,0,1,0,1,0,0,0,1,0,0,0,1,0,0,0,0,0,1,0,0,1,1,0,0,0,0,0,220322.734375,200000.0
1706,1,2,2,1,0.0,1.0,3,1,0,2,0,8,0,0,0,1,0,0,1,0,0,1,0,0,1,0,1,0,0,0,1,0,0,0,1,0,0,0,0,0,1,0,0,1,1,0,0,0,0,0,163675.71875,165000.0
1734,1,6,2,1,0.0,4.0,3,1,0,1,1,7,0,0,0,1,0,0,1,0,0,1,0,0,1,0,1,0,0,0,1,0,0,0,1,0,0,0,0,0,1,0,0,1,1,0,0,0,0,0,153786.921875,175000.0
1771,1,2,0,1,0.0,6.0,3,1,0,2,1,7,0,0,0,0,0,0,0,1,0,0,0,0,1,0,1,0,0,0,1,0,0,0,1,0,0,0,0,0,0,0,0,1,1,0,0,0,0,1,153808.03125,150000.0
1746,1,2,0,1,0.0,1.0,2,1,0,0,0,7,0,0,0,1,0,0,1,0,0,1,0,0,1,0,0,0,1,0,1,0,0,0,1,0,0,0,0,0,1,0,0,1,1,0,0,0,0,0,116469.25,115000.0
1796,1,6,0,1,0.0,4.0,2,1,1,1,0,5,0,0,1,0,1,0,1,0,0,0,0,0,1,0,0,1,0,0,1,0,0,0,1,0,0,0,0,0,1,0,0,1,1,0,0,0,0,0,118375.4453125,115000.0
1747,1,2,0,1,0.0,1.0,3,1,0,2,1,4,0,0,0,0,0,0,0,1,0,0,0,0,1,0,1,0,0,0,1,0,0,0,1,0,0,0,0,0,1,0,0,1,1,0,0,0,0,0,123715.0703125,105000.0
1737,1,6,1,1,0.0,7.0,2,1,0,1,0,7,0,0,0,1,1,0,1,0,0,0,0,0,1,0,1,0,0,1,0,0,0,0,1,0,0,0,0,0,1,0,0,1,1,0,0,0,0,0,141091.359375,140000.0
1699,1,6,0,1,0.0,0.0,2,1,0,0,0,6,0,0,0,0,0,0,0,1,0,0,0,0,1,0,1,0,0,0,1,0,0,0,1,0,0,0,0,0,1,0,0,1,1,0,0,0,0,0,103017.65625,85000.0
1730,1,6,4,1,0.0,1.0,4,1,1,3,0,8,0,0,0,1,0,0,1,0,0,1,0,0,1,0,1,0,0,1,0,0,0,0,1,0,0,0,0,0,1,0,0,1,1,0,0,0,0,0,320921.8125,325000.0
1790,1,2,0,1,0.0,3.0,2,1,0,1,1,5,0,0,0,0,1,0,0,1,0,0,0,0,1,0,1,0,0,0,1,0,0,0,1,0,0,0,0,0,1,0,0,1,1,0,0,0,0,0,111758.4609375,110000.0
1780,1,2,0,1,0.0,3.0,3,1,0,1,1,4,0,0,0,0,0,0,0,1,0,0,0,0,1,0,0,1,0,0,1,0,0,0,1,0,0,0,0,0,1,0,0,1,1,0,0,0,0,0,139223.515625,140000.0
1721,1,6,2,1,0.0,3.0,3,1,0,2,1,7,0,0,0,1,1,0,1,0,0,0,0,0,1,0,0,1,0,0,1,0,0,0,1,0,0,0,0,0,1,0,0,1,1,0,0,0,0,0,177331.703125,170000.0
1726,0,3,4,1,0.0,7.0,4,1,1,2,1,9,0,0,0,1,1,0,1,0,0,0,0,0,1,0,1,0,0,0,1,0,0,0,1,0,0,0,0,0,1,0,0,1,1,0,0,0,0,0,1123.9549560546875,825.0
1772,1,2,0,1,0.0,5.0,2,1,0,1,1,5,0,0,0,0,0,0,0,1,0,0,0,0,1,0,1,0,0,0,1,0,0,0,1,0,0,0,0,0,1,0,0,1,1,0,0,0,0,0,92574.171875,120000.0
1779,0,3,2,1,0.0,6.0,3,1,0,1,1,5,0,0,0,1,1,0,1,0,0,0,0,0,1,0,1,1,0,0,0,0,0,0,1,0,0,0,0,0,1,0,0,1,1,0,0,0,0,0,676.8182373046875,650.0
1773,1,2,0,1,0.0,2.0,3,1,0,1,1,5,0,0,0,0,0,0,0,1,0,0,0,0,1,0,1,0,0,0,1,0,0,0,1,0,0,0,0,0,1,0,0,1,1,0,0,0,0,0,99927.390625,120000.0
1735,1,2,1,1,0.0,2.0,3,1,0,1,1,6,0,0,0,0,1,0,1,0,0,1,0,0,0,0,1,1,0,0,1,0,0,0,1,0,0,0,0,0,1,0,0,1,1,0,0,0,0,0,136809.953125,140000.0
1736,1,2,1,1,0.0,2.0,2,1,1,1,1,5,0,0,0,0,1,0,1,0,0,1,0,0,0,0,1,1,0,0,1,0,0,0,1,0,0,0,0,0,1,0,0,1,1,0,0,0,0,0,117705.8984375,120000.0
1816,1,2,1,1,0.0,3.0,3,1,0,2,1,5,0,0,0,1,0,0,1,0,0,1,0,0,1,0,1,0,0,0,1,0,0,0,1,0,0,0,0,0,1,0,0,1,1,0,0,0,0,0,137441.921875,135000.0
1722,1,2,2,1,0.0,2.0,3,1,0,1,1,6,0,0,0,0,0,0,0,1,0,0,0,0,1,0,1,0,0,0,1,0,0,0,1,0,0,0,0,0,1,0,0,1,1,0,0,0,0,0,192066.265625,190000.0
1706,1,7,1,1,0.0,1.0,3,1,0,2,1,7,0,0,0,1,0,0,1,0,0,1,0,0,1,0,1,0,0,0,1,0,0,0,1,0,0,0,0,0,1,0,0,1,1,0,0,0,0,0,124298.6015625,155000.0
1770,1,2,0,1,0.0,3.0,3,1,0,1,1,5,0,0,0,0,0,0,0,1,0,0,0,0,1,0,1,0,0,0,1,0,0,0,1,0,0,0,0,0,1,0,0,1,1,0,0,0,0,0,101497.0859375,120000.0
1707,1,2,2,1,0.0,2.0,3,1,0,2,1,7,0,0,0,1,1,0,1,0,0,0,0,0,1,0,1,0,0,0,1,0,0,0,1,0,0,0,0,0,1,0,0,1,1,0,0,0,0,0,156878.40625,170000.0
1856,1,2,0,1,0.0,1.0,4,1,1,1,1,10,0,0,0,1,0,0,1,0,0,1,0,0,1,0,1,0,0,0,1,0,0,0,1,0,0,0,0,0,1,0,0,1,1,0,0,0,0,0,271367.875,180000.0
1750,1,2,1,1,0.0,9.0,3,1,0,1,1,5,0,0,0,1,0,0,1,0,0,1,0,0,1,0,1,0,0,0,1,0,0,0,1,0,0,0,0,0,1,0,0,1,1,0,0,0,0,0,145270.28125,145000.0
1719,1,2,1,1,0.0,0.0,3,1,0,1,1,5,0,0,0,0,0,0,0,1,0,0,0,0,1,0,1,0,0,0,1,0,0,0,1,0,0,0,0,0,1,0,0,1,1,0,0,0,0,0,143818.140625,136000.0
1707,1,7,2,1,0.0,1.0,3,1,0,2,1,8,0,0,0,1,0,0,1,0,0,1,0,0,1,0,1,0,0,0,1,0,0,0,1,0,0,0,0,0,1,0,0,1,1,0,0,0,0,0,156231.421875,160000.0
1700,1,6,1,1,0.0,2.0,3,1,0,1,2,6,0,0,0,1,0,0,1,0,0,1,0,0,1,0,1,0,0,0,1,0,0,0,1,0,0,0,0,0,1,0,0,1,1,0,0,0,0,0,121418.5234375,120000.0
1741,1,7,0,1,0.0,1.0,3,1,0,1,0,8,0,0,0,0,0,0,0,1,0,0,0,0,1,0,1,1,0,0,0,0,0,0,1,0,0,0,0,0,1,0,0,1,1,0,0,0,0,0,106699.9453125,105000.0
5475,1,7,2,1,0.0,0.0,2,1,1,1,0,2,0,0,0,0,1,1,1,0,0,0,0,0,1,0,0,0,1,1,0,0,0,0,0,0,1,0,0,1,0,0,0,1,1,0,0,0,0,0,206633.515625,210000.0
5394,0,3,0,1,0.0,2.0,1,1,1,1,0,1,0,0,0,1,0,0,1,0,0,0,0,0,1,0,0,0,1,0,0,0,0,0,1,0,0,0,0,1,0,0,0,1,1,0,0,0,0,0,598.7811279296875,625.0
5421,0,3,2,1,0.0,4.0,2,1,1,1,0,3,0,0,0,1,1,0,0,0,0,0,0,0,1,0,0,1,0,0,0,0,0,0,1,0,0,0,0,0,0,0,0,1,1,0,0,0,0,0,905.2479248046875,875.0
5396,0,3,0,1,0.0,2.0,1,1,1,1,0,1,0,0,0,1,0,0,1,0,0,0,0,0,1,0,0,0,0,0,0,1,0,0,1,0,0,0,0,1,0,0,0,1,1,0,0,0,0,0,284.6678771972656,595.0
5395,0,3,0,1,0.0,2.0,1,1,1,1,0,1,0,0,0,1,0,0,1,0,0,0,0,0,1,0,0,0,1,0,0,0,0,0,1,0,0,0,0,1,0,0,0,1,1,0,0,0,0,0,598.7772216796875,625.0
5523,1,6,2,1,0.0,4.0,4,1,0,1,1,4,0,0,0,1,1,0,1,0,0,0,0,0,1,0,0,0,0,0,0,0,0,0,1,0,0,0,0,0,1,0,0,0,0,0,1,0,0,1,348803.8125,350000.0
5440,1,6,3,1,0.0,10.0,3,1,1,2,1,1,0,0,0,1,1,0,1,0,0,0,0,0,1,0,1,1,0,0,0,0,0,0,1,0,0,0,0,1,1,0,0,0,1,0,0,0,0,0,276406.5625,275000.0
5437,1,4,2,1,0.0,4.0,1,1,1,2,1,2,1,0,0,1,0,0,1,0,0,0,0,0,1,0,1,0,0,0,0,0,0,0,1,0,0,0,0,0,0,0,0,0,1,0,0,0,0,0,176909.640625,180000.0
5473,0,3,1,1,0.0,4.0,2,1,0,1,1,0,1,0,0,0,0,0,1,0,0,0,0,0,0,0,0,0,0,0,0,0,0,0,1,0,0,0,0,0,0,0,0,0,0,0,0,0,0,1,659.5604248046875,850.0
5434,1,6,4,4,0.0,2.0,4,1,1,2,1,4,0,0,0,1,1,0,1,0,0,0,0,0,1,0,0,0,0,1,1,0,0,0,0,0,1,0,0,1,0,0,0,0,0,0,1,0,0,0,436249.75,450000.0
5468,0,3,2,1,0.0,1.0,2,1,1,2,0,2,0,0,0,1,1,0,0,0,0,0,0,0,1,0,0,1,0,0,0,0,0,0,1,0,0,0,0,0,0,0,1,0,0,1,0,0,0,0,945.0955810546875,850.0
5493,1,6,1,1,0.0,2.0,2,1,0,2,1,2,0,0,0,1,0,0,1,0,0,0,0,0,1,0,1,0,0,0,0,0,0,0,1,0,0,0,0,0,0,0,0,0,1,0,0,0,0,0,197237.609375,200000.0
5419,0,3,2,1,0.0,1.0,3,1,1,2,1,2,0,0,0,1,0,0,1,0,0,0,0,0,1,0,1,0,0,0,0,0,0,0,1,0,0,0,0,0,1,0,0,0,1,0,0,0,0,0,819.4647216796875,875.0
5412,0,3,1,1,0.0,5.0,2,1,0,1,1,3,0,0,0,0,0,0,0,1,0,0,0,0,0,0,0,0,0,0,0,0,0,0,1,0,0,0,0,0,0,0,0,0,1,0,0,0,0,0,678.8358154296875,700.0
5477,1,2,4,1,0.0,1.0,2,1,1,2,1,2,0,0,0,1,0,0,1,0,0,0,0,0,1,0,0,0,1,0,0,0,0,0,1,0,0,0,0,1,0,0,0,1,1,0,0,0,0,0,405572.09375,280000.0
5493,1,6,3,1,0.0,5.0,3,1,1,1,1,4,0,0,0,1,1,0,1,0,0,0,0,0,1,0,1,0,1,0,0,0,0,0,1,0,0,0,0,1,0,0,0,1,1,0,0,0,0,0,272249.65625,275000.0
5428,1,6,2,1,0.0,2.0,2,1,1,1,0,3,0,0,0,1,1,0,1,0,0,0,0,0,1,0,1,0,0,1,0,0,0,0,1,0,0,0,0,1,0,0,0,1,1,0,0,0,0,0,200870.6875,200000.0
5408,1,6,1,1,0.0,0.0,1,1,0,1,1,0,1,0,0,0,0,0,1,0,0,0,0,0,0,0,0,0,0,0,0,0,0,0,1,0,0,0,0,0,0,0,0,1,0,0,0,0,0,0,136687.421875,140000.0
5522,1,6,4,3,0.0,5.0,5,1,0,1,1,5,0,0,0,1,0,0,1,0,0,0,0,0,1,0,0,0,0,0,1,0,0,0,1,0,0,0,0,0,1,0,0,0,0,0,1,0,0,0,343974.5,350000.0
5507,0,3,4,1,0.0,0.0,4,1,1,1,1,2,0,0,0,1,1,0,1,0,0,0,0,0,1,0,0,0,0,1,0,0,0,0,1,0,0,0,0,1,0,0,0,0,1,0,0,0,0,0,1357.3885498046875,1300.0
5517,0,3,3,1,0.0,3.0,2,1,0,1,1,3,0,0,0,1,0,0,1,0,0,0,0,0,0,0,0,0,0,0,1,0,0,0,1,0,0,0,0,0,0,0,0,1,1,0,0,0,0,0,755.3162841796875,825.0
5478,0,3,1,1,0.0,3.0,2,1,0,1,1,3,0,0,0,0,0,0,0,1,1,0,0,1,0,0,0,0,1,0,0,0,0,0,1,0,0,0,0,0,1,0,0,1,1,0,0,0,0,0,719.5487060546875,780.0
5405,1,6,2,1,0.0,2.0,3,1,1,2,1,3,0,0,0,0,1,0,1,0,0,0,0,0,1,0,0,0,1,1,0,0,0,0,1,0,0,0,0,0,0,0,0,1,0,0,0,0,0,0,373940.875,250000.0
3732,1,2,1,1,0.0,4.0,1,1,0,1,1,2,0,1,0,1,0,0,0,0,0,0,0,0,0,0,0,0,0,0,0,0,0,0,0,0,0,0,0,0,0,0,0,1,1,0,0,0,0,0,168282.109375,180000.0
3785,1,2,1,1,0.0,3.0,3,1,1,2,1,5,0,0,0,1,0,0,0,0,0,0,0,0,0,0,1,0,0,0,0,0,0,0,0,0,0,0,0,0,0,0,0,0,1,0,0,0,0,0,153835.96875,160000.0
3786,1,4,1,1,0.0,0.0,2,1,0,1,0,3,1,0,0,0,0,0,0,0,0,0,0,0,0,1,0,0,0,0,0,0,0,0,0,0,0,0,0,0,0,0,0,0,1,0,0,0,0,0,110898.9375,108000.0
3901,1,7,0,3,0.0,1.0,3,1,0,1,0,3,0,0,0,0,0,0,0,1,0,0,0,0,0,0,0,0,0,0,1,0,0,0,0,0,0,0,0,1,0,0,0,0,0,0,0,0,0,0,76929.6015625,50000.0
2171,1,6,2,1,0.0,10.0,3,1,1,1,1,2,0,0,0,0,0,0,0,1,0,0,0,0,1,0,0,0,0,1,1,0,0,0,1,0,0,0,0,1,1,0,0,0,0,0,0,0,0,0,201012.859375,200000.0
2185,0,3,2,1,0.0,4.0,2,1,1,0,0,2,0,0,0,1,0,0,1,0,0,0,0,0,1,0,0,0,0,1,1,0,1,0,0,0,0,0,0,1,1,0,0,0,1,0,0,0,0,0,635.6502685546875,750.0
5545,1,6,2,1,0.0,1.0,3,1,0,1,1,5,0,0,0,1,1,0,0,0,0,0,0,0,1,0,0,0,0,0,0,0,1,0,0,0,0,0,0,0,1,0,0,0,1,0,0,0,0,0,178945.484375,177500.0
5546,0,3,2,1,0.0,2.0,3,1,0,1,1,3,0,0,0,1,1,0,0,0,0,0,0,0,1,0,0,0,0,0,0,0,1,0,0,0,0,0,0,0,0,0,0,0,0,0,1,0,0,0,765.9188232421875,630.0
859,1,6,1,1,0.0,4.0,3,1,0,2,1,7,0,0,0,1,1,0,0,0,0,0,0,0,1,0,0,0,1,0,0,0,1,0,0,0,0,0,0,0,1,0,0,0,1,0,0,0,0,0,166620.359375,165000.0
829,1,2,4,4,0.0,0.0,3,1,0,1,1,5,0,0,0,1,1,0,0,0,0,0,0,0,1,0,0,1,0,0,0,0,1,0,0,0,0,0,0,0,0,0,0,1,0,0,0,0,0,0,195185.203125,190000.0
854,1,6,1,1,0.0,2.0,2,1,0,2,1,3,0,0,0,0,0,0,0,1,0,0,0,0,1,0,0,0,0,0,0,0,1,0,0,0,0,0,0,0,1,0,0,0,1,0,0,0,0,0,132393.421875,130000.0
864,0,3,4,1,0.0,6.0,4,1,0,2,2,9,0,0,0,1,1,0,0,0,0,0,0,0,1,0,0,1,0,0,0,0,1,0,0,0,0,0,0,0,1,0,0,0,1,0,0,0,0,0,1586.8807373046875,900.0
5544,0,3,3,1,0.0,1.0,3,1,0,2,2,7,0,0,0,1,0,0,0,0,0,0,0,0,1,0,1,0,0,0,0,0,1,0,0,0,0,0,0,0,0,0,0,0,0,0,1,1,0,0,0.0,750.0
838,0,3,0,1,0.0,3.0,3,1,0,1,1,3,0,0,0,0,0,0,0,1,0,0,0,0,1,0,0,0,0,0,0,0,1,0,0,0,0,0,0,0,1,0,0,0,1,0,0,0,0,0,697.3846435546875,525.0
996,1,0,5,1,0.0,0.0,5,1,0,3,1,9,0,0,0,1,0,0,0,0,0,0,0,0,1,0,1,0,0,0,0,0,1,0,0,0,0,0,0,0,1,0,0,0,1,0,0,0,0,0,597810.125,590000.0
1522,1,6,0,1,0.0,0.0,2,1,0,0,1,2,0,0,0,0,0,0,0,1,0,0,0,0,0,0,0,0,0,0,1,0,1,0,0,0,0,0,0,0,1,0,0,0,1,0,0,0,0,0,115000.9609375,127500.0
1810,0,3,1,1,0.0,1.0,2,1,0,1,1,5,0,0,0,1,0,0,1,0,0,1,0,0,0,0,0,0,0,0,1,0,1,0,0,0,0,0,0,0,1,0,0,0,1,0,0,0,0,0,725.9705810546875,650.0
1575,0,3,2,1,0.0,2.0,3,1,0,1,1,7,0,0,0,1,1,0,0,0,0,0,0,0,1,0,0,1,0,0,0,0,1,0,0,0,0,0,0,0,1,0,0,0,1,0,0,0,0,0,529.8280029296875,650.0
4274,1,4,6,1,0.0,0.0,4,1,0,1,1,11,0,0,0,1,0,1,0,0,0,1,0,0,0,0,1,0,0,1,0,1,0,0,0,0,0,0,0,1,1,0,0,0,0,0,1,0,0,0,821294.3125,825000.0
3580,1,7,4,1,0.0,3.0,4,1,2,2,1,7,0,0,0,1,1,0,1,0,0,0,0,0,1,0,0,1,0,0,1,0,0,0,0,0,0,0,0,1,0,0,0,1,1,0,0,0,0,0,376935.03125,375000.0
4331,1,7,3,1,0.0,0.0,2,1,0,0,0,4,0,0,0,1,0,0,0,0,0,0,0,0,0,0,0,0,0,0,0,1,0,0,0,0,0,0,0,0,0,0,0,0,1,0,0,0,0,0,238464.578125,240000.0
4427,1,5,0,1,0.0,0.0,1,1,0,1,0,2,0,0,0,1,0,0,0,0,0,0,0,0,0,0,0,0,0,0,1,0,0,0,0,0,0,0,0,0,0,0,0,1,0,0,0,0,0,0,140557.375,142000.0
4350,1,4,2,1,0.0,2.0,3,1,2,1,2,5,1,0,0,1,0,0,1,0,0,0,0,0,1,0,0,0,1,0,1,0,0,0,0,0,0,0,0,0,1,0,0,1,1,0,0,0,0,0,270646.34375,275000.0
4348,1,4,4,1,0.0,0.0,5,1,1,1,1,5,1,0,0,1,0,0,1,0,0,0,0,0,1,0,0,0,1,0,1,0,0,0,0,0,0,0,0,0,1,0,0,1,1,0,0,0,0,0,427209.9375,475000.0
4284,1,2,1,1,0.0,2.0,3,1,1,2,0,2,0,0,0,0,0,0,0,1,0,0,0,0,1,0,0,0,0,1,1,0,0,0,0,0,0,0,0,1,1,0,0,0,1,0,0,0,0,0,236321.046875,240000.0
765,1,2,2,1,0.0,0.0,5,1,1,0,1,6,0,0,0,1,0,0,1,0,0,0,0,0,1,0,0,0,1,0,0,0,0,0,0,0,0,0,0,0,1,0,0,0,1,0,0,0,0,0,295986.96875,289000.0
4516,1,2,0,1,0.0,7.0,3,1,0,1,1,1,0,0,0,1,0,0,1,0,0,0,0,0,1,0,0,1,0,0,0,0,0,0,0,0,0,0,0,0,0,0,0,0,1,0,0,0,0,0,158142.671875,125000.0
4517,1,2,1,1,0.0,3.0,3,1,1,1,0,1,0,0,0,0,0,0,1,0,0,1,0,0,0,0,0,0,0,0,0,0,0,0,0,0,0,0,0,0,0,0,0,0,0,0,1,0,0,0,159531.96875,165000.0
4512,1,4,1,3,0.0,5.0,2,1,0,1,1,2,0,0,0,1,0,0,1,0,0,0,0,0,1,0,0,1,0,0,0,0,0,0,0,0,0,0,0,0,0,0,0,0,1,0,0,0,0,0,119520.0390625,120000.0
4581,1,2,4,1,0.0,2.0,3,1,0,1,1,7,0,0,0,1,0,1,0,0,0,1,0,0,0,0,0,0,1,1,0,0,0,0,0,0,0,0,0,0,1,0,0,0,0,0,1,0,0,0,469872.96875,479950.0
348,0,3,4,1,0.0,1.0,3,1,1,1,1,8,0,0,0,0,1,1,1,0,0,0,0,0,0,0,0,0,0,0,0,0,0,0,0,0,0,0,0,1,1,0,0,0,1,0,0,0,0,0,1413.1190185546875,1250.0
350,0,3,1,1,0.0,4.0,1,1,1,1,1,6,0,0,0,1,0,0,1,0,0,1,0,0,0,0,0,0,0,0,0,0,1,0,0,0,0,0,0,0,0,0,1,0,0,0,0,0,0,0,767.4940185546875,1000.0
343,0,3,0,1,0.0,2.0,1,1,1,1,0,3,0,0,0,0,0,0,0,0,0,0,0,0,0,0,0,0,0,0,0,0,1,0,0,0,0,0,0,0,1,0,0,0,1,0,0,0,0,0,844.6678466796875,750.0
365,1,2,2,1,0.0,0.0,4,1,1,2,1,4,0,0,0,1,0,0,1,0,0,0,0,0,1,0,0,1,0,1,0,0,1,0,0,0,0,0,0,0,1,0,0,0,1,0,0,0,0,0,328070.09375,315000.0
365,1,2,1,1,0.0,0.0,1,1,1,1,0,2,0,0,0,0,0,0,0,1,0,0,0,0,1,0,0,0,1,0,0,0,1,0,0,0,0,0,0,0,1,0,0,0,1,0,0,0,0,0,142978.453125,130000.0
357,1,4,0,3,0.0,0.0,0,1,0,1,0,2,1,0,0,0,0,0,1,0,0,0,0,0,0,0,0,0,0,0,0,0,0,0,1,0,0,0,0,0,1,0,1,0,0,0,0,0,0,0,65393.953125,78000.0
345,1,7,1,1,0.0,1.0,2,1,1,0,0,6,0,0,0,1,1,0,1,0,0,0,0,0,1,0,0,1,0,0,0,0,0,0,1,0,0,0,0,0,1,0,0,0,1,0,0,0,0,0,247731.078125,245000.0
361,0,3,2,1,0.0,4.0,3,1,1,2,0,3,1,0,0,0,0,0,0,0,0,0,0,0,0,0,0,0,0,0,0,0,1,0,1,0,0,0,0,0,0,0,0,0,1,0,0,0,0,0,1077.1815185546875,1150.0
365,1,4,2,3,0.0,0.0,4,1,1,2,0,3,0,0,0,0,0,0,0,0,0,0,0,1,0,0,0,1,0,0,0,0,1,0,0,0,0,0,0,0,1,0,0,0,1,0,0,0,0,0,232299.765625,230000.0
363,0,3,0,1,0.0,1.0,1,1,1,1,0,2,0,0,0,0,0,0,0,1,0,0,0,1,1,0,0,0,0,0,1,0,0,0,1,0,0,0,0,0,1,0,0,0,1,0,0,0,0,0,652.4764404296875,750.0
349,0,3,2,1,0.0,3.0,1,1,1,0,0,3,0,0,0,0,0,0,1,0,0,0,0,0,0,0,0,0,0,0,0,0,1,0,0,0,0,0,0,0,1,0,0,0,0,0,0,0,0,0,389.3377990722656,710.0
366,1,2,0,4,0.0,4.0,1,1,1,2,0,3,1,0,0,0,1,0,1,0,0,0,0,0,0,0,0,1,0,0,0,0,1,0,0,0,0,0,0,0,0,0,0,0,1,0,0,0,0,0,151820.9375,160000.0
358,1,6,4,1,0.0,2.0,4,1,1,2,1,5,0,0,0,1,1,0,1,0,0,0,0,0,0,0,1,0,0,1,1,0,1,0,0,0,0,0,0,1,1,0,0,0,1,0,0,0,0,0,374369.8125,375000.0
359,0,3,3,1,0.0,0.0,3,1,1,1,1,6,0,0,0,1,1,0,1,0,0,0,0,0,1,0,0,1,0,0,1,0,1,0,0,0,0,0,0,1,1,0,0,0,1,0,0,0,0,0,468.6737365722656,1295.0
1214,1,6,6,1,0.0,1.0,5,1,1,1,1,10,0,0,0,1,1,0,0,0,0,0,0,0,1,0,0,0,0,0,0,0,0,0,0,0,0,0,0,0,0,0,0,0,1,0,0,0,0,1,996725.375,1000000.0
5,1,6,4,1,0.0,0.0,2,1,0,1,1,2,0,0,0,0,0,0,0,1,1,0,0,0,1,1,1,0,0,0,0,0,0,0,1,0,0,0,0,0,0,0,0,0,1,0,0,0,0,0,399695.625,255000.0
8,1,5,0,1,0.0,0.0,1,1,1,0,0,2,0,0,0,0,0,0,0,1,0,0,0,0,1,1,0,0,0,0,1,0,0,0,1,0,0,0,0,0,1,0,0,0,1,0,0,0,0,0,57672.3671875,55000.0
3310,1,7,2,1,0.0,2.0,2,1,0,1,1,4,0,0,0,1,1,0,0,0,0,0,0,0,0,0,0,1,0,1,0,0,1,0,0,0,0,0,0,0,1,0,0,0,1,0,0,0,0,0,206971.546875,230000.0
3069,1,2,0,1,0.0,2.0,2,1,0,1,0,5,0,0,0,0,0,0,1,0,0,0,0,0,0,0,0,1,0,0,1,0,1,0,0,0,0,0,0,0,1,0,0,0,1,0,0,0,0,0,124007.859375,125000.0
3085,1,7,0,1,0.0,1.0,3,2,0,1,1,3,0,0,0,1,0,0,1,0,0,0,0,0,0,0,0,1,0,0,1,0,1,0,0,0,0,0,0,0,1,0,0,0,1,0,0,0,0,0,172602.703125,170000.0
3324,1,7,0,1,0.0,1.0,2,1,0,1,0,4,0,0,0,0,0,0,1,0,0,0,0,0,0,0,0,1,0,0,1,0,1,0,0,0,0,0,0,1,1,0,0,0,0,0,0,0,0,0,187828.609375,190000.0
3314,0,3,0,1,0.0,5.0,3,1,0,1,0,4,0,0,0,1,0,0,1,0,0,0,0,0,1,0,0,1,0,0,0,0,1,0,0,0,0,0,0,0,1,0,0,0,1,0,0,0,0,0,546.9383544921875,575.0
3366,0,3,0,1,0.0,3.0,2,1,1,1,0,2,0,1,0,0,0,1,1,0,0,0,0,0,0,0,0,0,1,0,0,0,0,0,1,0,0,0,0,0,1,0,1,0,0,0,0,0,0,0,571.6151123046875,490.0
3082,1,7,0,1,0.0,1.0,2,1,1,1,1,3,0,0,0,1,0,0,1,0,0,0,0,0,0,0,0,0,0,0,1,0,1,0,0,0,0,0,0,0,1,0,0,0,1,0,0,0,0,0,146461.46875,150000.0
2539,0,3,3,1,0.0,1.0,2,1,1,1,0,3,0,0,0,1,1,0,0,0,0,0,0,0,1,0,0,1,0,0,0,0,0,0,0,0,0,0,0,0,1,0,0,0,1,0,0,0,0,0,628.0028076171875,895.0
1421,1,6,2,1,0.0,0.0,2,1,1,1,0,2,0,0,0,0,0,0,1,0,0,0,0,0,0,0,0,0,0,0,0,0,0,0,0,0,0,0,0,0,0,0,0,0,1,0,0,0,0,0,196461.109375,200000.0
2541,1,6,4,3,0.0,6.0,4,1,0,2,1,2,0,0,0,1,1,0,0,0,0,0,0,0,1,0,0,1,1,0,0,0,0,0,0,0,0,0,0,0,1,0,0,0,1,0,0,0,0,0,349616.625,350000.0
2541,0,3,4,1,0.0,1.0,4,1,0,2,1,2,0,0,0,1,1,0,0,0,0,0,0,0,1,0,0,1,1,0,0,0,0,0,0,0,0,0,0,0,1,0,0,0,1,0,0,0,0,0,1131.3182373046875,1195.0
1351,0,3,1,1,0.0,2.0,2,1,1,1,1,1,0,0,0,0,0,0,0,1,0,0,0,0,0,0,0,0,1,0,0,0,0,0,0,0,0,0,0,0,1,0,0,0,1,0,0,0,0,0,802.3221435546875,850.0
1351,0,3,1,1,0.0,1.0,2,1,1,1,1,1,0,0,0,0,0,0,0,1,0,0,0,0,0,0,0,0,1,0,0,0,0,0,0,0,0,0,0,0,1,0,0,0,1,0,0,0,0,0,807.4588623046875,850.0
1354,0,3,0,1,0.0,2.0,2,1,1,1,0,1,0,0,0,0,0,0,0,1,0,0,0,0,0,0,0,0,1,0,0,0,0,0,0,0,0,0,0,0,1,0,0,0,1,0,0,0,0,0,722.6014404296875,685.0
1423,0,3,2,1,0.0,6.0,2,1,1,1,1,0,0,0,0,0,0,0,0,1,0,0,0,0,1,0,0,1,0,0,0,0,0,0,0,0,0,0,0,0,0,0,0,0,1,0,0,0,0,0,344.2440490722656,600.0
1372,1,6,2,1,0.0,1.0,3,1,1,1,2,0,0,0,0,1,1,0,0,0,0,0,0,0,1,0,0,1,0,0,0,0,0,0,0,0,0,0,0,0,1,0,0,0,1,0,0,0,0,0,316972.75,250000.0
1419,0,3,2,1,0.0,5.0,2,1,0,1,1,4,0,0,0,0,0,0,1,0,0,0,0,0,0,0,1,0,0,0,0,0,0,0,0,0,0,0,0,1,0,0,0,0,0,0,0,0,0,0,718.4901123046875,900.0
1352,0,3,1,1,0.0,5.0,3,1,1,1,1,2,0,0,0,0,0,0,0,1,0,0,0,0,1,0,0,0,1,0,0,0,0,0,0,0,0,0,0,0,1,0,0,0,1,0,0,0,0,0,849.3494873046875,850.0
1359,0,3,1,1,0.0,2.0,2,1,1,1,1,0,0,0,0,0,0,0,0,1,0,0,0,0,1,0,0,1,0,0,0,0,0,0,0,0,0,0,0,1,0,0,0,0,1,0,0,0,0,0,521.7674560546875,750.0
2535,1,6,1,1,0.0,4.0,3,1,1,1,1,1,0,0,0,0,0,0,0,1,0,0,0,0,1,0,0,1,0,0,0,0,0,0,0,0,0,0,0,0,0,0,1,0,0,0,0,0,0,0,198789.90625,200000.0
1423,0,3,2,1,0.0,3.0,2,1,1,1,1,1,0,0,0,0,0,0,0,1,0,0,0,0,1,0,0,0,0,0,1,0,0,0,0,0,0,0,0,0,1,0,0,0,1,0,0,0,0,0,1068.1658935546875,725.0
1420,0,3,2,1,0.0,5.0,3,1,1,1,0,0,0,0,0,0,0,0,0,0,1,0,0,0,0,0,0,0,0,0,0,0,0,0,0,0,0,0,0,0,0,0,0,0,1,0,0,0,0,0,1310.3709716796875,700.0
1344,0,3,4,1,0.0,1.0,6,1,1,2,1,6,0,0,0,1,0,0,1,0,0,1,0,0,1,0,1,0,0,1,0,0,0,0,0,0,0,0,0,0,1,0,0,0,1,0,0,0,0,0,1030.7010498046875,1500.0
4021,1,6,2,1,0.0,5.0,2,1,0,1,0,1,0,0,0,1,0,0,0,0,0,0,0,0,1,0,0,1,0,0,0,0,0,0,1,0,0,0,0,0,1,0,0,0,1,0,0,0,0,0,204133.265625,205000.0
4037,0,3,4,1,0.0,1.0,4,1,0,2,1,2,0,0,0,1,1,0,0,0,0,0,0,0,1,0,0,1,0,0,0,0,0,0,1,0,0,0,0,0,1,0,0,0,1,0,0,0,0,0,1110.2088623046875,1595.0
4026,1,6,5,1,0.0,1.0,4,1,0,1,1,5,0,0,0,1,0,0,0,0,0,0,0,0,1,0,0,0,0,1,0,0,0,0,1,0,0,0,0,0,1,0,0,0,1,0,0,0,0,0,511217.1875,500000.0
4028,1,2,4,1,0.0,0.0,3,1,0,1,0,4,0,0,0,1,1,0,0,0,0,0,0,0,1,0,0,1,0,0,0,0,0,0,1,0,0,0,0,0,1,0,0,0,1,0,0,0,0,0,395944.1875,390000.0
4040,0,3,1,1,0.0,1.0,2,1,0,1,0,1,0,0,0,0,0,0,1,0,0,0,0,0,1,0,1,1,0,0,0,0,0,0,1,0,0,0,0,0,1,0,0,0,1,0,0,0,0,0,778.8660888671875,975.0
4020,1,4,1,1,0.0,4.0,3,1,0,1,0,1,0,0,0,1,0,0,0,0,0,0,0,0,1,0,1,0,0,0,0,0,0,0,1,0,0,0,0,0,1,0,0,0,1,0,0,0,0,0,178168.59375,180000.0
3584,1,6,3,1,0.0,1.0,5,1,0,1,1,4,0,0,0,1,1,0,1,0,0,0,0,0,1,0,1,0,1,0,0,0,0,0,1,0,0,0,0,0,1,0,0,0,1,0,0,0,0,0,280747.8125,400000.0
1232,0,3,3,1,0.0,3.0,2,1,1,1,1,0,0,0,0,0,0,0,0,1,0,0,0,0,1,0,1,0,0,0,1,0,0,0,1,0,0,0,0,0,1,0,0,0,1,0,0,0,0,0,823.3846435546875,1200.0
623,1,2,3,1,0.0,1.0,3,1,1,2,1,4,0,0,0,1,1,0,0,0,0,0,0,0,0,0,1,0,0,0,1,0,0,0,0,0,0,0,0,0,0,0,0,0,1,0,0,0,0,0,236531.796875,230000.0
621,1,2,2,1,0.0,1.0,2,1,1,1,0,3,0,0,0,0,1,0,0,0,0,0,0,0,1,0,0,1,0,0,0,0,0,0,0,0,0,0,0,0,0,0,0,0,1,0,0,0,0,0,210382.171875,210000.0
4685,1,7,6,1,0.0,1.0,5,1,0,1,1,9,0,0,0,1,0,0,0,0,0,0,0,0,1,0,0,1,0,1,0,0,0,0,0,0,0,0,0,0,0,0,0,0,0,0,0,0,0,0,822694.625,625000.0
1770,1,2,0,1,0.0,5.0,2,1,0,1,1,5,0,0,0,0,0,0,0,1,0,0,0,0,1,0,1,0,0,0,1,0,0,0,1,0,0,0,0,0,1,0,0,1,1,0,0,0,0,0,92524.0625,115000.0
1740,1,2,2,1,0.0,7.0,3,1,0,1,2,6,0,0,0,0,1,0,1,0,0,1,0,0,1,0,1,0,0,0,1,0,0,0,1,0,0,0,0,0,1,0,0,1,1,0,0,0,0,0,217036.171875,160000.0
1515,1,2,2,1,0.0,2.0,3,1,0,1,1,6,0,1,0,0,0,0,1,0,0,1,0,0,0,0,0,0,0,0,0,1,0,0,1,0,0,0,0,0,1,0,0,1,1,0,0,0,0,0,204390.15625,205000.0
1826,1,6,0,1,0.0,2.0,2,1,0,0,1,7,0,0,0,0,1,0,0,0,0,0,0,0,1,0,1,1,0,0,0,0,0,0,1,0,0,0,0,0,1,0,0,1,1,0,0,0,0,0,110518.1171875,110000.0
1818,1,2,2,4,0.0,1.0,3,1,0,1,1,8,0,0,0,1,1,0,1,0,0,0,0,0,1,0,0,1,0,0,1,0,0,0,1,0,0,0,0,0,1,0,0,1,1,0,0,0,0,0,126003.4609375,125000.0
1694,1,2,2,1,0.0,2.0,3,1,0,2,1,7,0,0,0,1,0,0,1,0,0,1,0,0,1,0,1,0,0,0,1,0,0,0,1,0,0,0,0,0,1,0,0,1,1,0,0,0,0,0,175071.234375,175000.0
1744,1,2,0,3,0.0,2.0,4,1,0,2,1,4,0,0,0,0,0,0,0,1,0,0,0,0,1,0,1,0,0,0,1,0,0,0,1,0,0,0,0,0,1,0,0,1,1,0,0,0,0,0,52891.5078125,115000.0
1775,1,6,0,3,0.0,8.0,3,1,0,1,1,6,0,0,0,0,0,0,1,0,0,1,1,0,1,0,1,0,0,0,1,0,0,0,1,0,0,0,0,0,1,0,0,1,1,0,0,0,0,0,81591.640625,80000.0
1825,1,2,0,1,0.0,1.0,3,1,0,1,1,8,0,0,0,0,1,0,1,0,0,1,0,0,1,0,1,1,0,0,0,0,0,0,1,0,0,0,0,0,1,0,0,1,1,0,0,0,0,0,114241.9453125,120000.0
1692,1,2,1,1,0.0,4.0,3,1,0,2,0,9,1,0,0,0,0,0,1,0,0,1,0,0,1,0,1,0,0,0,1,0,0,0,1,0,0,0,0,0,1,0,0,1,1,0,0,0,0,0,138546.109375,135000.0
1763,1,2,0,1,0.0,0.0,2,1,0,1,0,6,0,0,0,0,0,0,0,1,0,0,0,0,1,0,1,1,0,0,0,0,0,0,1,0,0,0,0,0,1,0,0,1,1,0,0,0,0,0,75567.8984375,76000.0
1688,1,2,0,3,0.0,5.0,3,1,0,1,1,6,0,0,0,0,0,0,0,1,0,0,0,0,1,0,1,0,0,0,1,0,0,0,1,0,0,0,0,0,1,0,0,1,1,0,0,0,0,0,101194.7265625,100000.0
1839,1,2,0,4,0.0,5.0,2,1,0,1,1,7,0,0,0,0,0,0,0,1,0,0,0,0,1,0,0,1,0,0,1,0,0,0,1,0,0,0,0,0,1,0,0,1,1,0,0,0,0,0,61915.61328125,55000.0
1682,1,2,0,1,0.0,1.0,2,1,0,1,0,3,0,1,0,0,0,0,1,0,0,0,0,1,0,1,0,0,0,0,0,0,0,0,1,0,0,0,0,0,0,0,1,0,0,0,0,0,0,0,49158.953125,55000.0
1686,1,6,0,1,0.0,3.0,3,1,0,1,1,6,0,0,0,0,0,0,0,1,0,0,0,0,0,0,1,1,0,0,1,0,0,0,1,0,0,0,0,0,1,0,0,1,1,0,0,0,0,0,82052.5703125,78000.0
1699,1,2,1,1,0.0,1.0,2,1,0,2,1,5,0,0,0,1,0,0,1,0,0,1,0,0,1,0,0,0,0,1,1,0,0,0,1,0,0,0,0,0,1,0,0,1,1,0,0,0,0,0,116135.7890625,110000.0
931,1,4,3,4,0.0,3.0,4,1,0,1,1,8,0,0,0,1,1,0,0,0,0,0,0,0,0,0,1,0,0,0,1,0,1,0,0,0,0,0,0,0,1,0,0,1,0,0,0,0,0,0,204008.53125,200000.0
926,1,6,0,1,0.0,1.0,3,1,0,1,1,2,0,0,0,0,0,0,0,1,0,0,0,0,1,0,0,0,0,0,1,0,1,0,0,0,0,0,0,0,1,0,0,0,1,0,0,0,0,0,173357.859375,60000.0
929,1,7,2,2,0.0,2.0,3,1,0,0,1,4,0,0,0,0,1,0,1,0,0,0,0,0,1,0,0,0,0,1,0,0,1,0,0,0,0,0,0,0,0,0,0,0,0,0,0,0,0,0,152092.90625,150000.0
940,1,7,0,1,0.0,2.0,3,1,0,1,1,5,0,0,0,1,0,1,1,0,0,0,0,0,1,0,1,0,0,0,0,0,0,0,0,0,0,0,0,1,0,0,0,1,0,0,0,0,0,0,258893.828125,118500.0
919,0,3,0,1,0.0,1.0,2,1,0,1,1,2,0,0,0,0,0,0,0,1,0,0,0,0,1,0,0,0,0,0,1,0,0,0,1,0,0,0,0,0,1,0,0,0,1,0,0,0,0,0,620.5213623046875,440.0
930,1,7,0,3,0.0,4.0,2,1,0,1,1,4,0,0,0,0,0,0,0,1,0,0,0,0,1,0,0,0,0,1,0,0,0,0,1,0,0,0,0,0,0,0,0,0,1,0,0,0,0,0,103939.875,100000.0
3850,0,11,0,1,0.0,0.0,0,1,1,1,0,2,0,0,0,0,0,0,0,0,0,0,0,0,0,0,0,0,0,0,0,0,1,1,0,0,0,0,0,0,0,0,0,0,1,0,0,0,0,0,8115.580078125,150.0
3773,0,3,0,1,0.0,0.0,0,0,0,1,0,1,0,0,0,0,0,0,0,0,0,0,0,0,0,0,0,0,0,0,0,0,0,1,0,0,0,0,0,0,0,0,1,0,0,0,0,0,0,0,815.6971435546875,450.0
1271,1,7,4,1,0.0,1.0,5,1,1,2,1,8,0,0,0,1,1,0,1,0,0,0,0,0,0,0,1,1,0,0,1,0,0,0,0,0,0,0,0,0,0,0,0,0,1,0,0,0,0,0,304449.125,295000.0
1896,1,6,1,1,0.0,1.0,2,1,1,1,1,4,0,0,0,0,0,0,0,1,0,0,0,0,0,0,0,1,1,0,1,0,0,0,0,0,0,0,0,0,0,0,0,0,1,0,0,0,0,0,115613.3203125,110000.0
2019,1,7,3,1,0.0,0.0,4,2,1,2,1,15,0,0,0,1,1,0,1,0,0,0,0,0,0,0,1,1,0,0,1,0,0,0,0,0,0,0,0,0,0,0,0,1,1,0,0,0,0,1,350969.75,350000.0
1950,1,6,0,4,0.0,1.0,3,1,1,1,1,3,0,0,0,1,0,0,1,0,0,0,0,0,0,0,0,1,0,0,1,0,0,0,0,0,0,0,0,0,0,0,0,0,0,0,0,0,0,0,56174.46875,55000.0
230,1,7,3,1,0.0,1.0,3,1,1,1,1,3,0,0,0,1,1,0,0,0,0,0,0,0,0,0,1,1,0,0,1,0,0,0,0,0,0,0,0,0,0,0,0,0,1,0,0,0,0,0,182106.796875,200000.0
2010,1,7,2,1,0.0,0.0,3,1,1,1,1,4,0,0,0,1,0,0,1,0,0,0,0,0,0,0,1,0,1,0,1,0,0,0,0,0,0,0,0,0,0,0,0,0,1,0,0,0,0,0,175096.046875,180000.0
226,1,6,2,1,0.0,0.0,4,1,0,1,1,5,1,0,0,0,0,0,1,0,0,1,0,0,0,0,0,1,1,0,1,0,0,0,0,0,0,0,0,0,0,0,0,0,1,0,0,0,0,0,150587.953125,150000.0
1968,1,2,1,1,0.0,2.0,2,1,1,1,2,4,0,0,0,0,1,0,0,0,0,0,0,0,0,0,0,1,0,0,1,0,0,0,0,0,0,0,0,0,0,0,0,0,0,0,0,0,0,0,346201.75,80000.0
1875,1,2,3,1,0.0,4.0,3,1,1,1,1,7,0,0,0,0,1,0,1,0,0,0,0,0,0,0,0,1,1,0,1,0,0,0,0,0,0,0,0,0,0,0,0,0,1,0,0,0,0,0,323554.6875,285000.0
1268,1,6,3,1,0.0,1.0,4,1,1,2,1,9,0,0,0,1,1,0,0,0,0,0,0,0,0,0,1,1,0,0,1,0,1,0,0,0,1,1,0,0,0,0,0,0,1,0,0,0,0,0,299004.65625,300000.0
2016,1,7,3,1,0.0,0.0,5,1,1,1,1,8,0,0,0,1,0,0,1,0,0,0,0,0,0,0,1,0,1,0,1,0,0,0,0,0,0,0,0,0,0,0,0,0,1,0,0,0,0,0,315408.25,370000.0
1992,1,7,1,1,0.0,1.0,4,1,1,1,1,6,0,0,0,0,1,0,0,0,0,0,0,0,0,0,1,1,0,0,1,0,0,0,0,0,0,0,0,0,0,0,0,0,1,0,0,0,0,0,151827.5,150000.0
2022,1,7,2,1,0.0,3.0,3,1,1,1,0,3,0,0,0,0,0,0,0,0,0,0,0,0,0,0,1,1,0,0,1,0,0,0,0,0,0,0,0,0,0,0,0,0,1,0,0,0,0,0,181297.859375,198000.0
1900,1,7,0,1,0.0,1.0,2,1,1,1,1,3,0,0,0,1,0,0,1,0,0,0,0,0,0,0,1,0,1,0,1,0,0,0,0,0,0,0,0,0,0,0,0,1,0,0,0,0,0,0,143629.9375,85000.0
2055,1,7,0,1,0.0,1.0,2,1,1,1,1,1,1,0,0,0,0,0,0,0,0,0,0,0,0,0,0,0,0,0,0,0,0,0,0,0,0,0,0,1,0,0,1,0,0,0,0,0,0,0,94057.28125,95000.0
1271,1,7,3,1,0.0,3.0,5,1,1,1,1,9,0,0,0,1,1,0,1,0,0,0,0,0,0,0,1,1,0,0,1,0,0,0,0,0,0,0,0,0,0,0,0,0,1,0,0,0,0,0,277843.15625,269999.0
2027,0,3,1,1,0.0,4.0,2,0,0,1,1,1,0,1,0,0,0,0,1,0,0,0,0,0,0,0,0,0,0,0,0,0,0,1,0,0,0,0,0,0,0,0,1,0,0,0,0,0,0,0,303.2772521972656,450.0
1897,1,7,0,4,0.0,6.0,2,1,1,1,1,2,0,0,0,0,0,0,0,1,0,0,0,0,0,0,0,1,0,0,1,0,0,0,0,0,0,0,0,0,0,0,0,0,1,0,0,0,0,0,96607.3046875,70000.0
258,1,7,4,1,0.0,5.0,4,1,1,1,1,8,0,0,0,1,0,1,0,0,0,0,0,0,0,0,1,1,0,1,0,0,0,0,0,0,0,0,1,0,0,0,0,0,1,0,0,0,0,1,283821.0,299950.0
1979,1,2,1,3,0.0,2.0,2,1,1,1,0,2,0,0,0,0,1,0,1,0,0,0,0,0,0,0,0,1,1,0,1,0,0,0,0,0,0,0,0,0,0,0,0,0,1,0,0,0,0,0,111699.1796875,112995.0
2007,1,7,0,1,0.0,4.0,2,1,1,1,1,2,0,0,0,0,0,0,0,0,0,0,0,0,0,0,1,0,0,0,1,0,0,0,0,0,0,0,0,0,0,0,0,0,1,0,0,0,0,0,69856.6015625,140000.0
341,1,2,1,3,0.0,2.0,3,1,1,1,1,3,1,0,0,0,0,0,0,0,0,0,0,0,0,0,0,1,0,0,1,0,0,0,0,0,0,0,0,0,0,0,0,0,1,0,0,0,0,0,82801.8203125,85000.0
2005,1,7,5,1,0.0,1.0,5,1,1,1,1,7,0,0,0,1,1,0,1,0,0,0,0,0,0,0,0,1,0,1,1,0,0,0,0,0,0,0,0,0,0,0,0,0,1,0,0,0,0,0,458129.3125,450000.0
1877,1,7,0,1,0.0,0.0,2,1,1,2,0,3,0,0,0,0,0,0,1,0,0,0,0,0,1,0,0,1,0,0,0,0,1,0,0,0,0,0,0,0,0,0,0,0,1,0,0,0,0,0,138360.53125,135000.0
2015,1,6,6,2,0.0,1.0,4,1,0,2,1,15,0,0,0,1,1,0,0,0,0,0,0,0,0,0,1,1,0,1,0,0,0,0,0,0,0,0,0,0,0,0,0,0,1,0,0,0,0,0,557102.3125,550000.0
336,1,7,2,1,0.0,1.0,3,1,1,1,1,2,0,0,0,1,1,0,1,0,0,0,0,0,0,0,0,1,0,0,1,0,0,0,0,0,0,0,0,0,0,0,0,0,1,0,0,0,0,0,168477.234375,135000.0
219,1,7,4,1,0.0,0.0,6,1,1,2,1,8,0,0,0,1,0,1,1,0,0,0,0,0,0,0,1,0,1,0,1,0,0,0,0,0,0,0,0,0,0,0,0,0,1,0,0,0,0,0,403214.0,400000.0
1954,1,7,0,1,0.0,0.0,3,1,1,2,1,1,0,0,0,1,0,1,0,1,0,0,0,0,0,0,0,1,0,1,1,0,0,0,0,0,0,0,0,0,0,0,0,0,1,0,0,0,0,0,117889.4765625,129750.0
1955,1,7,0,1,0.0,3.0,2,1,0,1,1,6,0,0,0,1,1,0,0,0,0,0,0,0,1,0,0,1,1,0,0,0,0,0,0,0,0,0,0,0,0,0,0,0,1,0,0,0,0,0,142217.265625,137500.0
2003,1,7,5,1,0.0,1.0,5,1,1,3,1,11,0,0,0,1,1,0,0,0,0,0,0,0,0,0,0,0,0,0,1,0,0,0,0,0,0,0,0,0,0,0,0,1,0,0,0,0,0,1,427444.4375,425000.0
1901,1,7,0,1,0.0,1.0,3,1,1,1,1,1,0,0,0,0,0,0,0,1,0,0,0,0,0,0,0,1,0,0,1,0,0,0,0,0,0,0,0,0,0,0,0,0,1,0,0,0,0,0,67497.34375,87500.0
2008,1,7,1,1,0.0,4.0,4,1,1,1,1,6,0,0,0,0,0,0,0,0,0,0,0,0,0,0,1,1,0,0,1,0,0,0,0,0,0,0,0,0,0,0,0,0,1,0,0,0,0,0,202722.5625,200000.0
220,1,7,4,1,0.0,0.0,4,1,1,1,1,8,0,0,0,1,1,0,1,0,0,0,0,0,0,0,0,1,0,1,1,0,0,0,0,0,0,0,0,0,0,0,0,0,1,0,0,0,0,0,348347.25,350000.0
1876,1,7,2,1,0.0,2.0,4,1,1,0,1,8,0,0,0,0,0,0,0,1,0,0,0,0,0,0,0,1,0,0,1,0,0,0,0,0,0,0,0,0,0,0,0,0,1,0,0,0,0,0,256886.984375,260000.0
232,1,7,3,1,0.0,2.0,4,1,1,1,1,4,0,0,0,1,1,0,1,0,0,0,0,0,0,0,1,1,0,0,1,0,0,0,0,0,0,0,0,0,0,0,0,1,0,0,0,0,0,0,269231.4375,265000.0
2488,1,7,2,1,0.0,0.0,5,1,0,3,2,11,0,0,0,1,0,0,1,0,0,0,0,0,0,0,1,1,1,0,0,0,0,0,0,0,0,0,0,0,1,0,0,0,0,0,0,0,0,1,289461.5,248850.0
2483,0,3,0,1,0.0,8.0,2,1,1,1,0,2,0,0,0,0,0,0,0,1,0,0,0,0,0,0,0,0,0,0,0,0,0,0,0,0,0,0,0,0,1,0,0,0,1,0,0,0,0,0,386.9686584472656,525.0
2486,0,3,2,1,0.0,2.0,3,1,0,1,1,7,0,0,0,1,1,0,1,0,0,0,0,0,1,0,0,1,0,0,0,0,0,0,0,0,0,0,0,0,1,0,0,0,1,0,0,0,0,0,632.6707763671875,670.0
2487,1,7,0,3,0.0,0.0,2,1,0,1,1,6,0,0,0,0,0,0,0,1,0,0,0,0,1,0,0,0,1,0,1,0,0,0,0,0,0,0,0,0,1,0,0,0,1,0,0,0,0,0,93320.671875,90000.0
5242,1,7,0,1,0.0,0.0,3,1,0,1,0,6,0,0,0,0,0,0,0,1,0,0,0,0,1,0,0,0,1,0,0,0,0,0,0,0,0,0,0,0,1,0,0,0,1,0,0,0,0,0,181208.875,90000.0
4269,0,3,3,1,0.0,2.0,2,1,1,1,0,1,1,0,0,0,0,0,0,0,0,0,0,0,0,1,0,0,0,0,0,0,0,1,0,0,0,0,0,0,0,0,1,0,0,0,0,0,0,0,348.1737365722656,900.0
385,0,3,1,1,0.0,1.0,1,1,0,1,0,1,1,0,0,0,0,0,1,0,0,1,0,0,0,0,0,0,0,0,0,1,0,0,1,0,0,0,0,0,0,0,0,0,1,0,0,0,0,0,628.8690185546875,1300.0
437,1,2,1,1,0.0,2.0,2,1,1,0,0,1,0,0,0,0,1,0,0,0,0,1,1,0,0,0,0,0,0,0,0,0,0,0,0,0,0,0,0,1,0,0,0,1,1,0,0,0,0,0,411091.125,300000.0
381,1,4,3,1,0.0,2.0,4,1,1,2,0,0,0,0,1,0,0,1,0,0,0,1,0,0,0,0,0,0,0,0,0,0,0,1,0,0,0,0,0,0,0,0,1,0,0,1,0,0,0,0,451179.0,450000.0
442,0,3,1,1,0.0,1.0,1,1,1,1,0,0,0,0,0,0,0,0,0,0,0,0,0,0,0,0,0,0,0,0,0,0,0,0,0,0,0,0,0,0,0,0,0,0,1,0,0,0,0,0,892.9393310546875,850.0
475,0,3,1,1,0.0,2.0,1,1,1,1,0,0,1,0,0,0,0,0,1,0,0,0,0,1,0,0,0,0,0,0,0,0,0,0,0,0,0,0,0,0,0,0,0,1,1,0,0,0,0,0,1024.9608154296875,975.0
431,0,3,0,1,0.0,2.0,1,1,0,1,1,0,0,0,0,0,0,0,0,0,0,0,0,0,0,0,0,0,0,0,0,0,0,0,0,0,0,0,0,0,0,0,1,0,0,0,0,0,0,0,581.7010498046875,750.0
443,1,4,1,1,0.0,0.0,2,1,1,1,0,1,0,0,0,0,1,0,0,0,0,1,0,1,0,0,0,0,0,0,0,0,1,1,0,0,0,0,0,1,1,0,0,0,1,0,0,0,0,0,316097.71875,315000.0
482,0,3,3,1,0.0,2.0,3,1,0,2,1,0,0,0,0,1,1,0,1,0,0,0,0,0,0,0,0,0,0,1,1,0,0,0,0,0,0,0,0,1,0,0,0,0,1,0,0,0,0,0,999.8377685546875,1400.0
406,0,3,1,1,0.0,1.0,2,1,1,1,0,0,0,0,0,0,0,0,0,0,1,1,0,1,0,1,0,0,0,0,0,0,0,0,1,0,0,0,0,0,0,0,1,0,0,0,0,0,0,0,662.0457763671875,1100.0
3633,0,3,2,1,0.0,6.0,2,1,0,1,1,2,1,0,0,0,0,0,0,0,1,1,0,0,0,0,0,0,0,0,0,0,0,0,0,0,0,0,0,0,0,0,1,0,0,0,0,0,0,0,776.0526123046875,550.0
3656,0,3,4,1,0.0,0.0,4,1,1,1,0,2,0,0,0,0,0,0,0,0,1,0,0,1,1,0,0,0,0,0,0,0,0,0,1,0,0,0,0,0,0,0,0,0,1,0,0,0,0,0,0.0,1750.0
3745,0,3,6,1,0.0,1.0,6,1,1,0,1,2,0,0,0,1,1,0,0,0,0,0,0,0,1,0,1,0,0,0,0,0,0,0,1,0,0,0,0,0,1,0,0,0,1,0,0,0,0,0,1778.8572998046875,1700.0
5246,0,3,0,1,0.0,1.0,3,1,1,1,1,3,0,0,0,1,1,0,0,0,0,0,0,0,1,0,1,0,0,0,0,0,0,0,0,0,0,0,0,0,0,0,0,1,1,0,0,0,0,0,704.7137451171875,595.0
3921,0,3,0,1,0.0,3.0,3,1,1,1,0,2,0,0,0,0,0,0,1,1,0,1,0,0,1,0,0,0,1,0,0,0,0,0,0,0,0,0,0,1,1,0,0,0,0,0,0,0,0,0,665.8143310546875,500.0
3845,1,7,2,1,0.0,2.0,4,1,0,1,0,6,0,0,0,1,0,0,0,0,0,0,0,0,1,0,1,1,0,0,0,0,1,0,0,0,0,0,0,0,1,0,0,0,1,0,0,0,0,0,231066.640625,165000.0
3835,1,7,0,1,0.0,1.0,2,1,0,1,0,5,1,0,0,0,1,0,0,0,0,0,0,0,1,0,1,1,0,0,0,0,0,0,1,0,0,0,0,0,1,0,0,0,1,0,0,0,0,0,104970.6796875,105000.0
3825,1,7,0,1,0.0,0.0,2,1,0,1,1,3,1,0,0,0,0,0,0,0,0,0,0,0,0,1,0,0,0,0,1,0,0,0,1,0,0,0,0,0,1,0,0,0,1,0,0,0,0,0,175597.078125,80000.0
3891,1,6,2,1,0.0,0.0,3,1,0,1,2,6,0,0,0,1,1,0,0,0,0,0,0,0,0,0,1,0,0,1,0,0,1,0,0,0,0,0,0,0,1,0,0,0,1,0,0,0,0,0,181447.515625,180000.0
3824,0,3,1,1,0.0,3.0,3,1,0,1,1,3,0,0,1,1,0,0,0,0,0,0,0,0,1,0,1,1,0,0,0,0,1,0,0,0,0,0,0,0,1,0,0,0,1,0,0,0,0,0,0.0,650.0
2004,1,7,4,1,0.0,0.0,0,1,0,0,2,3,0,0,0,1,1,0,1,0,0,0,0,0,0,0,0,1,0,1,1,0,1,0,0,0,0,0,0,0,1,0,0,0,1,0,0,0,0,0,345246.25,350000.0
1269,1,2,0,1,0.0,1.0,4,1,1,1,1,4,0,0,0,0,0,0,0,1,0,0,0,0,0,0,0,1,0,0,1,0,0,0,0,0,0,0,0,0,0,0,0,0,1,0,0,0,0,0,143904.515625,145000.0
318,1,2,1,1,0.0,2.0,3,1,0,1,1,7,1,0,0,1,0,0,1,0,0,0,0,0,1,0,1,0,0,0,1,0,1,0,0,0,0,0,0,0,0,0,0,0,1,0,0,0,0,0,115839.2734375,115000.0
330,1,7,0,1,0.0,1.0,1,1,1,1,0,2,0,0,0,0,0,0,1,0,0,0,0,0,0,0,0,1,0,0,0,0,1,0,0,0,0,0,0,0,0,0,0,0,1,0,0,0,0,0,114324.8828125,59950.0
322,0,3,1,1,0.0,1.0,3,1,1,1,0,3,0,0,0,0,0,0,0,1,0,0,0,0,1,0,0,0,0,0,0,0,0,0,0,0,0,0,0,0,1,0,0,0,1,0,0,0,0,0,811.9549560546875,475.0
335,1,6,0,1,0.0,3.0,2,1,0,1,0,4,0,0,0,0,0,0,0,1,0,0,0,0,0,0,0,0,0,0,1,0,1,0,0,0,0,0,0,0,0,0,0,0,1,0,0,0,0,0,51952.015625,50000.0
280,1,7,0,1,0.0,0.0,1,1,1,0,0,5,0,0,0,0,0,0,0,1,0,0,0,0,1,0,0,0,1,0,1,0,0,0,1,0,0,0,0,0,0,0,0,0,1,0,0,0,0,0,132860.390625,93000.0
297,1,2,3,1,0.0,1.0,2,1,0,2,1,11,0,0,0,1,0,0,1,0,0,0,0,0,1,0,0,0,0,0,1,0,1,0,0,0,0,0,0,0,0,0,0,0,1,0,0,0,0,0,218535.28125,210000.0
304,1,7,1,1,0.0,3.0,1,1,0,1,0,4,0,0,0,1,0,0,1,0,0,0,0,0,1,0,0,0,0,0,1,0,0,0,1,0,0,0,0,0,0,0,0,0,1,0,0,0,0,0,91277.46875,85000.0
110,0,3,2,1,0.0,1.0,3,1,1,1,1,6,0,0,0,0,1,0,0,0,0,0,0,0,0,0,0,0,1,0,0,0,0,0,1,0,0,0,0,0,1,0,0,0,1,0,0,0,0,0,1049.0799560546875,795.0
105,1,6,1,1,0.0,1.0,2,2,0,1,1,2,1,0,1,0,0,0,0,0,0,0,0,0,0,0,0,0,0,0,0,0,0,0,1,0,0,0,0,0,1,0,0,0,1,0,0,0,0,0,112488.3046875,110000.0
112,0,3,1,1,0.0,2.0,2,1,0,1,1,5,0,0,0,1,0,0,1,0,0,0,0,0,1,0,0,0,0,0,0,0,0,0,1,0,0,0,0,0,1,0,0,0,1,0,0,0,0,0,709.3416748046875,685.0
105,1,6,1,1,0.0,1.0,2,2,0,1,1,2,1,0,1,0,0,0,0,0,0,0,0,0,0,0,0,0,0,0,0,0,0,0,1,0,0,0,0,0,1,0,0,0,1,0,0,0,0,0,112488.3046875,110000.0
105,1,7,0,1,0.0,0.0,1,1,1,1,1,2,1,0,0,0,0,0,0,0,0,0,0,0,0,0,0,0,0,0,0,0,0,0,1,0,0,0,0,0,1,0,0,0,1,0,0,0,0,0,71982.90625,92500.0
113,0,3,2,1,0.0,1.0,3,1,1,2,1,4,1,0,0,0,1,0,1,0,0,0,0,0,1,0,0,0,0,0,0,0,0,0,1,0,0,0,0,0,1,0,0,0,1,0,0,0,0,0,1072.3143310546875,815.0
105,0,3,0,1,0.0,1.0,1,1,1,1,1,2,1,0,0,0,0,0,0,0,0,0,0,0,0,0,0,0,0,0,0,0,0,0,1,0,0,0,0,0,1,0,0,0,1,0,0,0,0,0,639.4705810546875,495.0
116,0,3,1,1,0.0,9.0,2,1,0,1,1,4,0,0,0,1,0,0,0,0,0,0,0,0,1,0,0,1,0,0,0,0,0,0,1,0,0,0,0,0,1,0,0,0,1,0,0,0,0,0,750.1815185546875,685.0
4001,1,6,2,1,0.0,4.0,3,1,1,1,1,4,0,0,0,0,0,0,0,1,0,0,0,0,1,0,0,1,0,0,1,0,0,0,0,0,0,0,0,0,0,0,0,0,1,0,0,0,0,0,250601.078125,250000.0
3939,0,3,1,1,0.0,2.0,3,1,1,1,1,2,0,0,0,0,1,0,1,0,0,0,0,0,1,0,0,1,0,0,0,0,0,0,0,0,0,0,0,0,1,0,0,0,1,0,0,0,0,0,526.6658935546875,675.0
1470,1,2,5,1,0.0,1.0,4,1,1,1,1,9,0,0,0,1,0,0,0,0,0,0,0,0,0,0,0,1,0,0,1,1,0,0,1,0,0,0,0,0,1,0,0,0,1,0,0,0,0,1,740974.125,750000.0
1469,0,3,2,1,0.0,0.0,2,1,0,1,1,3,1,0,0,0,0,0,0,0,0,0,0,0,0,0,0,1,0,0,0,0,0,0,1,0,0,0,0,0,1,0,1,0,0,0,0,0,0,0,684.8572998046875,1100.0
1461,0,3,6,1,0.0,0.0,4,1,1,1,1,7,0,0,0,1,0,0,0,0,0,0,0,0,1,0,0,1,0,0,0,0,0,0,1,0,0,0,0,1,0,0,0,1,0,0,0,0,0,0,695.2518310546875,2200.0
3298,0,3,2,1,0.0,0.0,3,1,2,1,1,5,0,0,0,0,0,0,0,1,0,0,0,0,0,0,1,0,0,1,1,0,0,0,0,0,0,0,0,0,1,0,0,0,1,0,0,0,0,0,926.8494873046875,750.0
2554,1,7,1,1,0.0,15.0,3,1,0,1,1,3,0,0,0,0,0,0,0,1,0,0,0,0,1,0,0,1,1,0,0,0,0,0,1,0,0,0,0,1,1,0,0,0,1,0,0,0,0,0,194308.390625,190000.0
2499,1,4,0,1,0.0,3.0,2,1,0,1,0,4,0,0,0,1,0,0,1,0,0,0,1,0,1,0,0,1,0,0,1,0,0,0,1,0,0,0,0,1,1,0,0,0,1,0,0,0,0,0,130774.9609375,125000.0
2573,1,7,1,1,0.0,4.0,2,1,0,1,1,4,0,0,0,1,0,1,1,0,0,0,0,0,1,0,0,0,1,0,1,0,0,0,1,0,0,0,0,1,0,0,0,0,1,0,0,0,0,0,353446.34375,350000.0
2570,1,4,0,1,0.0,17.0,2,1,0,1,1,1,0,0,0,0,0,0,0,1,0,0,0,0,0,0,1,1,0,1,0,0,0,0,1,0,0,0,0,1,1,0,0,0,1,0,0,0,0,0,174956.65625,175000.0
2570,1,6,0,1,0.0,13.0,2,1,0,1,0,1,0,0,0,0,0,0,0,1,0,0,0,0,0,0,1,1,0,0,0,0,0,0,1,0,0,0,0,1,0,0,0,0,1,0,0,0,0,0,168352.921875,170000.0
2506,0,3,2,1,0.0,1.0,2,1,0,2,1,1,1,0,0,0,0,0,1,0,0,0,0,1,1,1,0,1,0,0,0,0,0,0,1,0,0,0,0,0,1,0,1,0,0,0,0,0,0,0,480.9193420410156,825.0
2517,1,6,2,1,0.0,10.0,3,1,0,1,1,1,0,0,0,1,0,0,1,0,0,1,0,0,1,0,0,1,1,0,0,0,0,0,1,0,0,0,0,1,1,0,0,0,1,0,0,0,0,0,192963.453125,230000.0
2501,1,6,1,1,0.0,0.0,2,1,0,1,1,1,1,0,0,0,0,0,1,0,0,0,0,1,1,1,0,0,0,0,1,0,0,0,1,0,0,0,0,1,1,0,0,0,1,0,0,0,0,0,189494.484375,110000.0
537,0,3,2,1,0.0,3.0,3,1,1,2,0,1,1,0,0,1,0,0,0,0,0,0,0,1,1,0,1,0,0,1,0,0,0,0,0,0,0,0,0,1,0,0,0,0,1,0,0,0,0,0,888.0604248046875,850.0
534,1,4,1,4,0.0,1.0,2,1,0,1,1,8,0,0,0,0,1,0,1,0,0,1,0,0,1,0,1,0,0,0,1,0,0,0,0,0,0,0,0,1,0,0,0,0,1,0,0,0,0,0,193828.3125,190000.0
533,1,4,4,1,0.0,2.0,4,1,1,1,1,11,0,0,0,1,1,0,1,0,0,0,0,0,1,0,0,0,0,1,1,0,0,0,0,0,0,0,0,0,1,0,0,1,1,0,0,0,0,0,328166.53125,325000.0
532,1,4,1,1,0.0,2.0,3,1,0,2,1,9,0,0,0,0,0,0,0,1,0,0,0,0,1,0,1,0,0,1,0,0,0,0,0,0,0,0,0,1,0,0,0,1,1,0,0,0,0,0,196513.125,200000.0
545,0,3,1,1,0.0,4.0,3,1,0,1,1,5,0,0,0,1,0,0,0,0,0,0,0,0,1,0,0,1,1,0,0,0,0,0,0,0,0,0,0,1,1,0,0,0,1,0,0,0,0,0,894.2928466796875,650.0
528,1,2,6,1,0.0,0.0,5,1,0,2,1,17,0,0,0,1,1,0,0,0,0,1,0,0,1,0,1,0,0,1,0,0,0,0,0,0,0,0,0,1,1,0,0,0,0,0,1,0,0,0,501933.625,500000.0
527,1,4,4,1,0.0,1.0,2,1,0,1,1,10,0,0,0,1,1,0,0,0,0,1,0,0,1,0,0,0,1,1,0,0,0,0,0,0,0,0,0,1,1,0,0,0,0,0,1,0,0,0,327089.53125,200000.0
1778,1,2,0,1,0.0,7.0,2,1,0,1,0,6,0,0,0,0,0,0,0,1,0,0,0,0,0,0,1,0,0,1,1,0,0,0,1,0,0,0,0,0,1,0,0,1,1,0,0,0,0,0,92963.8671875,80000.0
1859,1,2,0,1,0.0,5.0,2,1,0,1,0,6,0,0,0,0,0,0,0,1,0,0,0,0,1,0,0,1,0,0,0,0,0,0,1,0,0,0,0,0,0,0,0,0,1,0,0,0,0,0,79254.8515625,80000.0
1783,1,6,1,1,0.0,1.0,3,1,0,1,1,6,0,0,0,0,1,0,0,0,0,0,0,0,1,0,0,1,0,0,0,0,0,0,1,0,0,0,0,0,0,0,0,0,1,0,0,0,0,0,115535.5859375,110000.0
1872,1,2,2,1,0.0,0.0,3,1,0,2,1,7,0,0,0,0,1,0,1,0,0,0,0,0,0,0,0,0,0,1,1,0,0,0,1,0,0,0,0,0,1,0,0,0,1,0,0,0,0,0,134826.578125,130000.0
1847,1,2,0,1,0.0,8.0,2,1,0,1,1,5,0,0,0,1,1,0,1,0,0,0,0,0,1,0,1,0,0,0,1,0,0,0,1,0,0,0,0,0,0,0,1,0,0,1,0,0,0,0,102016.7734375,100000.0
1789,1,6,1,1,0.0,3.0,2,1,0,1,0,6,1,0,0,0,0,0,0,0,0,1,0,0,0,0,0,0,0,1,1,0,0,0,1,0,0,0,0,0,0,0,1,0,0,0,0,0,0,0,98184.203125,100000.0
1825,1,6,0,1,0.0,2.0,2,1,0,1,1,4,0,0,0,0,1,0,1,0,0,0,0,0,0,0,1,1,0,0,0,0,0,0,1,0,0,0,0,0,1,0,0,0,1,0,0,0,0,0,98431.3828125,100000.0
1715,1,6,2,1,0.0,3.0,3,1,0,2,1,6,0,0,0,0,0,0,1,0,0,1,0,0,0,0,1,1,0,0,0,0,0,0,1,0,0,0,0,1,1,0,0,0,1,0,0,0,0,0,177884.859375,175000.0
1728,1,2,2,1,0.0,6.0,3,1,0,1,0,5,0,0,0,1,0,0,1,0,0,0,0,0,0,0,0,0,0,1,1,0,0,0,1,0,0,0,0,0,1,0,0,0,1,0,0,0,0,0,161528.796875,155000.0
1846,1,2,1,1,0.0,0.0,3,1,0,1,1,4,0,0,0,0,0,0,1,0,0,1,0,0,0,0,1,0,0,1,0,0,0,0,1,0,0,0,0,0,1,0,0,0,1,0,0,0,0,0,139630.984375,140000.0
1863,1,6,0,1,0.0,2.0,2,1,0,1,0,6,1,0,0,0,0,0,1,0,0,0,0,0,0,0,1,1,0,0,0,0,0,0,1,0,0,0,0,0,1,0,0,0,1,0,0,0,0,0,89958.6484375,90000.0
1866,1,6,1,1,0.0,1.0,3,1,0,1,1,5,0,0,0,0,0,0,1,0,0,1,0,0,0,0,0,0,0,1,1,0,0,0,1,0,0,0,0,0,1,0,0,0,1,0,0,0,0,0,84038.34375,85000.0
519,0,3,3,1,0.0,2.0,3,1,0,1,1,4,0,0,0,1,0,0,0,0,0,0,0,0,1,0,1,1,0,0,0,0,0,0,0,0,0,0,0,0,1,0,0,0,1,0,0,0,0,0,1031.6268310546875,750.0
520,0,3,3,1,0.0,3.0,2,1,0,1,1,3,1,0,0,0,0,0,0,0,0,0,0,0,1,0,1,1,0,0,0,0,0,0,1,0,0,0,0,0,1,0,0,0,1,0,0,0,0,0,968.3924560546875,695.0
524,0,3,3,1,0.0,1.0,2,0,0,1,1,3,1,0,0,0,0,0,1,0,0,0,0,1,0,1,0,0,0,0,0,0,0,0,1,0,0,0,0,0,1,0,1,0,0,0,0,0,0,0,713.0252685546875,695.0
512,0,3,4,1,0.0,1.0,1,1,1,1,0,3,1,0,0,0,0,0,1,0,0,1,0,0,0,0,0,0,0,0,0,0,1,1,0,0,0,0,0,0,1,0,1,0,0,0,0,0,0,0,920.8612060546875,750.0
524,0,3,3,1,0.0,1.0,2,0,0,1,1,3,1,0,0,0,0,0,1,0,0,0,0,1,0,1,0,0,0,0,0,0,0,0,1,0,0,0,0,0,1,0,1,0,0,0,0,0,0,0,713.0252685546875,695.0
523,1,7,2,3,0.0,1.0,3,1,0,1,1,6,0,0,0,0,0,0,1,0,0,0,0,0,0,0,1,0,0,1,0,0,0,0,0,0,0,0,0,0,0,0,0,0,1,0,0,0,0,0,138140.359375,140000.0
739,1,2,2,1,0.0,1.0,2,1,0,1,0,1,0,0,0,0,0,0,0,1,0,0,0,0,1,0,0,0,0,1,0,0,0,0,0,0,0,0,0,0,1,0,0,1,1,0,0,0,0,0,253537.46875,250000.0
669,1,6,3,4,0.0,1.0,3,1,0,1,1,2,0,0,0,1,0,0,0,0,0,0,0,0,1,0,0,0,0,0,0,0,1,0,0,0,0,0,0,0,0,0,0,1,1,0,0,0,0,0,370114.25,365000.0
680,0,3,1,1,0.0,0.0,2,1,0,1,0,1,0,0,0,0,0,0,0,0,0,0,0,0,0,0,0,0,0,0,0,0,0,0,0,0,0,0,0,0,1,0,0,0,1,0,0,0,0,0,531.4256591796875,800.0
680,0,3,1,1,0.0,1.0,2,1,0,1,0,1,0,0,0,0,0,0,0,0,0,0,0,0,0,0,0,0,0,0,0,0,0,0,0,0,0,0,0,0,1,0,0,0,1,0,0,0,0,0,533.3572998046875,800.0
709,1,4,1,1,0.0,2.0,2,1,0,1,0,2,0,0,0,1,1,0,0,0,0,0,0,0,0,0,0,1,0,0,1,0,0,0,0,0,0,0,0,1,0,0,0,0,1,0,0,0,0,0,281222.8125,280000.0
1534,0,3,0,1,0.0,1.0,2,1,1,1,0,1,0,0,0,0,0,0,0,1,0,0,0,0,0,0,0,0,0,0,0,0,0,0,1,0,0,0,0,0,0,0,1,0,0,0,0,0,0,0,600.8455810546875,560.0
1629,0,3,1,1,0.0,1.0,3,1,0,0,1,4,0,0,0,0,0,0,0,1,1,0,0,0,0,0,0,1,0,0,1,0,1,0,0,0,0,0,0,0,1,0,0,0,1,0,0,0,0,0,552.8807373046875,750.0
1599,0,3,2,1,0.0,2.0,0,1,0,0,1,2,0,0,0,1,1,0,0,0,0,0,0,0,0,0,0,1,0,0,1,0,1,0,0,0,0,0,0,0,1,0,0,0,1,0,0,0,0,0,617.7772216796875,725.0
1639,0,3,3,1,0.0,3.0,3,1,0,1,1,7,0,0,0,1,1,0,1,0,0,0,0,0,1,0,0,1,1,0,0,0,1,0,0,0,0,0,0,0,1,0,0,0,1,0,0,0,0,0,730.6229248046875,800.0
1614,0,3,1,1,0.0,1.0,2,1,0,1,0,5,0,0,0,0,0,0,0,1,0,0,0,0,1,0,0,0,0,0,0,0,1,0,0,0,0,0,0,0,1,0,0,0,1,0,0,0,0,0,837.3084716796875,575.0
1566,0,3,3,1,0.0,1.0,2,1,1,1,0,2,1,0,0,0,0,0,0,0,0,0,0,0,0,0,0,0,0,0,0,0,0,0,1,0,0,0,0,0,0,0,1,0,1,0,0,0,0,0,1375.2283935546875,675.0
1544,0,3,1,1,0.0,1.0,2,1,1,1,0,1,1,0,0,0,0,0,1,0,0,0,0,0,0,0,0,0,0,0,0,0,1,0,0,0,0,0,0,0,1,0,1,0,0,0,0,0,0,0,571.0018310546875,560.0
1543,0,3,1,1,0.0,0.0,2,1,0,1,1,3,1,0,0,0,0,0,0,0,0,0,0,0,0,0,0,0,0,0,1,0,1,0,0,0,0,0,0,0,1,0,0,0,1,0,0,0,0,0,939.6112060546875,575.0
1581,1,7,2,1,0.0,0.0,2,1,0,1,1,8,0,0,0,1,1,0,1,0,0,0,0,0,0,0,0,1,0,0,1,0,1,0,0,0,0,0,0,0,1,0,0,0,1,0,0,0,0,0,256311.953125,250000.0
1577,0,3,1,1,0.0,2.0,2,1,0,1,1,4,0,0,0,0,0,0,1,0,0,0,0,0,0,0,0,1,0,0,1,0,1,0,0,0,0,0,0,0,1,0,0,0,1,0,0,0,0,0,696.2283935546875,550.0
1680,0,3,3,1,0.0,1.0,3,1,0,1,1,9,0,0,0,1,1,0,1,0,0,0,0,0,0,0,0,1,0,0,1,0,1,0,0,0,0,0,0,0,1,0,0,0,1,0,0,0,0,0,596.8299560546875,725.0
1651,0,3,2,1,0.0,1.0,4,1,0,2,1,4,0,0,0,0,0,0,0,1,1,0,0,0,1,0,0,0,0,0,0,0,1,0,0,0,0,0,0,0,0,0,0,0,1,0,0,0,0,0,625.4354248046875,800.0
2690,1,4,6,1,0.0,0.0,4,1,1,3,1,10,0,0,0,1,0,0,1,0,0,0,0,0,1,0,0,0,0,1,1,0,0,0,0,0,0,0,0,1,0,0,0,1,1,0,0,0,0,0,809521.25,800000.0
2736,1,4,2,1,0.0,5.0,3,1,1,2,1,5,1,0,1,1,0,0,0,0,0,0,0,0,1,0,0,0,0,1,1,0,1,0,0,0,0,1,0,1,1,0,0,0,1,0,0,0,0,0,321834.59375,320000.0
3767,0,3,2,1,0.0,3.0,3,1,1,1,0,2,0,0,0,0,0,0,0,0,0,0,0,0,1,0,1,0,0,0,0,0,0,0,0,0,0,0,0,0,1,0,0,0,1,0,0,0,0,0,948.5584716796875,1100.0
494,0,3,3,1,0.0,0.0,2,1,1,1,0,2,0,0,0,0,0,0,1,0,0,0,0,0,0,0,0,0,0,0,0,0,0,1,0,0,0,0,0,1,0,0,0,0,0,0,0,0,0,0,693.6190185546875,1350.0
494,0,3,3,1,0.0,0.0,2,1,1,1,0,2,0,0,0,0,0,0,1,0,0,0,0,0,0,0,0,0,0,0,0,0,0,1,0,0,0,0,0,1,0,0,0,0,0,0,0,0,0,0,693.6190185546875,1350.0
506,0,3,1,1,0.0,2.0,2,1,1,1,0,3,1,0,0,0,0,0,0,0,0,0,0,0,0,1,0,0,0,0,0,0,0,0,1,0,0,0,0,0,0,0,0,0,1,0,0,0,0,0,971.3182373046875,1200.0
613,1,4,0,1,0.0,1.0,2,1,1,2,1,3,0,0,0,1,0,0,0,0,0,0,0,0,1,0,0,0,0,0,0,0,0,0,0,0,0,0,0,0,0,0,0,0,1,0,0,0,0,0,102571.1328125,96000.0
5459,1,7,3,3,0.0,0.0,3,1,0,2,1,3,0,0,0,1,1,0,1,0,0,0,0,0,1,0,1,0,0,0,1,0,1,0,0,0,0,0,0,0,0,0,0,0,1,0,0,0,0,0,231806.140625,230000.0
5398,0,3,1,1,0.0,1.0,3,1,0,1,0,4,0,0,0,1,0,0,1,0,0,0,0,0,1,0,1,0,0,1,0,0,0,0,1,0,0,0,0,0,1,0,0,0,1,0,0,0,0,0,661.3006591796875,925.0
1367,1,4,0,1,0.0,0.0,1,1,0,0,1,2,0,0,0,0,0,0,0,1,1,0,0,0,0,1,0,0,1,0,0,0,0,0,0,0,0,0,0,0,1,0,0,0,1,0,0,0,0,0,137015.640625,160000.0
5449,0,3,1,1,0.0,0.0,3,1,0,1,0,3,0,0,0,1,0,0,1,0,0,0,0,0,1,0,1,0,1,0,0,0,0,0,1,0,0,0,0,0,1,0,0,0,1,0,0,0,0,0,578.6737060546875,900.0
5510,0,3,5,1,0.0,0.0,5,1,0,2,1,8,0,0,0,1,1,0,1,0,0,0,0,0,1,0,1,1,0,0,0,0,0,0,1,0,0,0,0,0,0,0,0,0,1,0,0,0,0,0,1937.8592529296875,2000.0
5454,1,6,2,1,0.0,3.0,3,1,0,2,0,2,1,0,0,1,1,0,0,0,0,0,0,0,1,0,1,1,0,0,0,0,0,0,1,0,0,0,0,1,1,0,0,1,0,0,0,0,0,0,245483.515625,246000.0
5349,0,3,1,1,0.0,2.0,3,1,0,1,0,4,0,0,0,1,0,0,1,0,0,0,0,0,1,0,1,0,0,1,0,0,0,0,1,0,0,0,0,0,1,0,0,0,1,0,0,0,0,0,729.6541748046875,1000.0
5362,0,3,0,1,0.0,1.0,2,0,0,1,1,2,0,0,0,0,0,0,0,1,0,0,0,0,0,0,1,0,0,0,0,0,0,0,1,0,0,0,0,0,0,0,0,0,1,0,0,0,0,0,763.9100341796875,525.0
1330,0,3,2,1,0.0,3.0,4,1,1,1,1,2,0,0,0,0,0,0,0,1,0,0,0,0,1,0,0,0,1,0,0,0,0,0,0,0,0,0,0,0,0,0,0,0,1,0,0,0,0,0,1086.8533935546875,975.0
5520,0,3,4,1,0.0,1.0,2,1,0,1,2,5,0,0,0,1,1,0,0,0,0,0,0,0,1,0,1,1,0,0,0,0,1,0,0,0,0,0,0,0,0,0,0,0,0,0,1,0,0,0,0.0,750.0
5346,0,3,3,1,0.0,4.0,2,1,0,1,1,6,1,0,0,0,0,0,0,0,0,0,0,0,0,1,0,0,0,0,0,0,1,1,0,0,0,0,0,0,0,0,1,0,0,0,0,0,0,0,1189.3846435546875,1000.0
5350,0,3,0,1,0.0,2.0,2,1,0,1,0,2,0,0,0,0,0,0,0,1,0,0,0,0,0,0,0,0,0,0,0,0,1,0,0,0,0,0,0,0,0,0,0,0,1,0,0,0,0,0,722.2283935546875,675.0
141,1,7,0,1,0.0,3.0,2,1,0,0,1,4,0,0,0,0,0,0,0,0,0,0,0,0,0,0,0,0,0,0,0,0,0,0,0,0,0,0,0,0,1,0,0,0,1,0,0,0,0,0,48390.8046875,50000.0
141,0,3,0,1,0.0,5.0,2,1,0,0,1,4,0,0,0,0,0,0,0,0,0,0,0,0,0,0,0,0,0,0,0,0,0,0,0,0,0,0,0,0,1,0,0,0,1,0,0,0,0,0,748.0330810546875,400.0
196,0,3,0,1,0.0,5.0,3,1,1,1,1,4,0,0,0,0,0,0,0,1,0,0,0,0,0,0,0,0,0,0,0,1,0,0,1,0,0,0,0,0,1,0,0,1,1,0,0,0,0,0,471.3924865722656,550.0
5439,1,6,4,1,0.0,1.0,4,1,0,1,1,5,0,0,0,1,1,0,1,0,0,0,0,0,1,0,0,1,1,0,0,0,0,0,1,0,0,0,0,1,1,0,0,0,1,0,0,0,0,0,408945.3125,400000.0
5383,1,6,4,1,0.0,6.0,4,1,1,0,1,1,0,0,0,1,1,0,1,0,0,0,0,0,1,0,0,1,0,0,0,0,0,0,1,0,0,0,0,1,1,0,0,0,0,0,0,0,0,0,300895.25,300000.0
5380,1,6,2,3,0.0,9.0,4,2,1,3,2,1,0,0,0,1,0,0,1,1,0,0,0,0,1,0,1,0,0,1,0,0,0,0,1,0,0,0,0,1,1,0,0,0,1,0,0,0,0,0,247602.234375,250000.0
5441,1,6,2,1,0.0,2.0,3,1,0,1,1,2,0,0,0,1,1,0,1,0,0,0,0,0,1,0,1,0,0,1,0,0,0,0,1,0,0,0,0,1,1,0,0,0,1,0,0,0,0,0,275302.65625,275000.0
2543,0,3,5,1,0.0,1.0,4,1,1,1,1,2,0,0,0,1,1,0,1,0,0,0,0,0,1,0,1,0,0,0,0,0,1,0,1,0,0,0,0,1,1,1,0,0,0,0,0,0,0,0,2338.970703125,1225.0
5357,1,6,5,1,0.0,2.0,4,1,0,3,1,3,0,0,0,0,0,0,1,1,0,0,0,0,0,0,1,1,1,0,0,0,0,0,1,0,0,0,0,1,0,0,0,0,1,0,0,0,0,0,553589.75,550000.0
5370,0,3,2,1,0.0,1.0,2,1,0,1,1,2,1,0,0,0,0,0,1,0,0,1,0,0,0,0,0,0,0,0,0,0,0,0,1,0,0,0,0,1,1,0,0,0,0,0,0,0,0,0,33.948638916015625,875.0
5497,1,6,2,1,0.0,4.0,3,1,1,1,0,3,0,0,0,1,0,0,0,0,0,0,0,0,1,0,0,1,0,0,0,0,0,0,1,0,0,0,0,1,0,0,0,0,0,0,0,0,0,0,252499.703125,240000.0
2547,1,6,2,1,0.0,0.0,4,1,1,2,1,4,0,0,0,1,0,0,1,1,0,0,0,0,0,0,0,1,0,0,0,0,0,0,1,0,0,0,0,1,1,0,0,0,1,0,0,0,0,0,248197.953125,240000.0
2544,1,6,4,3,0.0,1.0,3,1,1,1,1,3,0,0,0,1,1,0,1,0,0,0,0,0,1,0,0,0,0,1,0,0,0,0,1,0,0,0,0,0,0,0,1,0,0,0,1,0,0,0,294311.25,325000.0
5382,1,6,1,3,0.0,2.0,2,1,1,1,0,1,0,0,0,1,1,0,1,0,0,0,0,0,1,0,0,0,1,1,0,0,0,0,1,0,0,0,0,1,1,0,0,0,1,0,0,0,0,0,178316.703125,180000.0
5375,1,6,2,3,0.0,0.0,2,1,1,1,1,0,0,0,0,1,0,0,1,1,0,0,0,0,1,0,0,0,1,1,0,0,0,0,1,0,0,0,0,1,1,0,0,0,1,0,0,0,0,0,199542.9375,200000.0
5358,0,3,1,1,0.0,2.0,1,1,1,1,0,2,0,0,0,0,0,0,0,1,0,0,0,0,1,0,0,0,0,0,0,0,0,0,1,0,0,0,0,0,1,0,0,0,1,0,0,0,0,0,811.3455810546875,800.0
5438,1,6,3,1,0.0,0.0,3,1,1,2,0,3,0,0,0,1,1,0,1,0,0,0,0,0,1,0,0,0,0,1,1,0,0,0,1,0,0,0,0,0,1,0,0,0,1,0,0,0,0,0,286095.15625,290000.0
5378,1,6,3,1,0.0,0.0,2,1,0,1,1,1,1,1,0,0,0,0,1,0,0,0,0,0,0,1,0,1,0,0,0,0,0,0,1,0,0,0,0,1,1,0,0,0,1,0,0,0,0,0,225090.953125,225000.0
5378,0,3,3,1,0.0,1.0,2,1,0,1,1,1,1,1,0,0,0,0,1,0,0,0,0,0,0,1,0,1,0,0,0,0,0,0,1,0,0,0,0,1,1,0,0,0,1,0,0,0,0,0,970.5965576171875,850.0
5490,1,6,0,1,0.0,1.0,1,1,0,1,1,1,0,0,0,0,0,0,0,1,0,0,0,0,0,1,0,0,0,0,0,0,0,0,1,0,0,0,0,0,1,0,0,0,1,0,0,0,0,0,116186.0234375,130000.0
5366,1,6,4,1,0.0,2.0,4,1,1,1,1,2,0,0,0,1,1,0,0,0,0,0,0,0,1,0,1,0,0,0,0,0,0,0,1,0,0,0,0,1,1,0,0,0,1,0,0,0,0,0,310727.40625,325000.0
5368,1,6,4,1,0.0,0.0,4,2,2,1,1,3,0,0,0,1,1,0,1,0,0,0,0,0,1,0,1,0,0,1,0,0,0,0,1,0,0,0,0,1,1,0,0,0,1,0,0,0,0,0,475529.125,500000.0
5439,1,6,3,4,0.0,7.0,2,1,1,1,1,0,0,0,0,1,1,0,1,0,0,0,0,0,1,0,0,1,0,0,1,0,1,0,0,0,0,0,0,0,0,0,0,0,0,0,0,0,0,0,327366.3125,225000.0
2550,1,6,3,1,0.0,1.0,4,1,1,3,1,1,0,0,0,1,1,0,0,0,0,0,0,0,1,0,0,0,0,0,0,0,0,0,0,0,0,0,0,0,0,0,0,0,1,0,0,0,0,0,219381.90625,220000.0
2873,1,2,2,1,0.0,0.0,3,1,0,1,1,6,1,0,0,0,0,0,0,0,0,0,0,0,1,0,0,1,0,0,0,0,0,0,1,0,0,0,0,0,1,0,0,0,1,0,0,0,0,0,222043.296875,275000.0
3028,1,4,3,1,0.0,4.0,3,1,1,2,1,7,0,0,0,1,1,0,1,0,0,0,0,0,1,0,0,1,0,0,1,0,0,0,0,0,0,0,0,0,1,0,0,1,1,0,0,0,0,0,369656.3125,375000.0
2847,1,4,3,1,0.0,2.0,4,1,1,2,1,8,0,0,0,1,1,0,1,0,0,0,0,0,1,0,0,0,0,1,1,0,0,0,0,0,0,0,0,1,1,0,0,0,1,0,0,0,0,0,381202.625,375000.0
2763,1,6,2,1,0.0,0.0,3,1,0,1,1,4,0,0,0,0,0,0,0,1,0,0,0,0,1,0,0,0,1,0,1,0,0,0,0,0,0,0,0,0,1,0,0,1,1,0,0,0,0,0,294169.4375,290000.0
2912,1,4,2,1,0.0,3.0,3,1,0,2,1,5,0,0,0,1,0,0,1,0,0,1,0,0,1,0,0,0,0,1,1,0,0,0,0,0,0,0,0,1,1,0,0,0,1,0,0,0,0,0,303576.875,300000.0
2839,1,4,3,1,0.0,2.0,3,1,0,2,0,6,0,0,0,1,0,0,1,0,0,1,0,0,1,0,0,0,1,1,0,0,0,0,0,0,0,0,0,1,1,0,0,0,1,0,0,0,0,0,308537.875,300000.0
2697,1,4,2,1,0.0,1.0,2,1,0,1,1,3,1,0,0,0,0,0,1,0,0,1,0,0,0,1,0,0,0,0,0,0,0,0,0,0,0,0,0,1,0,0,0,1,1,0,0,0,0,0,239234.3125,240000.0
3029,1,2,2,1,0.0,4.0,4,1,0,2,1,3,0,0,0,1,1,0,1,0,0,0,0,0,1,0,1,1,0,0,0,0,0,0,0,0,0,0,0,1,1,0,0,0,1,0,0,0,0,0,282135.90625,280000.0
2783,1,4,1,1,0.0,1.0,2,1,0,1,1,2,1,0,0,0,0,0,1,0,0,0,0,1,0,0,0,0,0,0,0,0,1,0,0,0,0,1,0,1,1,0,0,1,0,0,0,0,0,0,226206.65625,200000.0
2866,1,4,2,1,0.0,0.0,2,1,0,1,1,4,1,0,0,0,0,0,1,0,0,0,0,1,0,1,0,0,0,0,0,0,0,0,0,0,0,0,0,0,1,0,1,0,0,0,0,0,0,0,187056.296875,185000.0
2753,1,2,3,1,0.0,1.0,4,1,1,2,1,4,0,0,0,1,1,0,1,0,0,0,0,0,1,0,0,1,0,1,0,0,0,0,0,0,0,0,0,1,1,0,0,0,1,0,0,0,0,0,499429.40625,500000.0
2898,1,4,3,1,0.0,0.0,3,1,0,2,1,3,1,0,0,1,0,0,1,0,0,0,0,0,1,0,0,0,1,1,0,0,0,0,0,0,0,0,0,1,1,0,0,0,0,0,1,0,0,0,500694.78125,500000.0
2908,1,2,2,1,0.0,0.0,3,1,0,2,2,5,0,0,0,1,1,0,1,0,0,0,0,0,1,0,0,0,0,1,1,0,0,0,0,0,0,0,0,1,1,0,0,0,1,0,0,0,0,0,307649.5,310000.0
2761,1,4,2,1,0.0,5.0,3,1,1,2,1,3,0,0,0,0,0,0,0,1,1,0,0,1,1,0,0,0,0,1,1,0,0,0,0,0,0,0,0,1,1,0,0,0,1,0,0,0,0,0,405988.625,400000.0
2880,1,7,3,1,0.0,0.0,3,1,0,2,1,2,1,0,0,0,1,0,1,0,0,0,0,0,1,0,0,1,0,1,0,0,0,0,0,0,0,0,0,0,1,0,0,1,1,0,0,0,0,0,293397.1875,295000.0
2773,1,4,2,1,0.0,4.0,3,1,1,1,1,4,0,0,0,1,0,0,1,0,0,0,0,1,1,0,0,1,0,0,1,0,0,0,0,0,0,0,0,1,1,0,0,0,1,0,0,0,0,0,330141.75,325000.0
2743,0,3,1,1,0.0,3.0,2,1,1,1,1,1,0,0,0,0,0,0,0,1,0,0,0,0,1,0,0,0,0,1,1,0,0,0,0,0,0,0,0,0,1,0,0,1,1,0,0,0,0,0,751.1541748046875,775.0
2773,1,4,2,1,0.0,7.0,3,1,0,1,1,5,0,0,0,1,0,0,1,0,0,1,0,0,1,0,0,1,0,0,1,0,1,0,0,0,0,0,0,0,1,0,0,1,1,0,0,0,0,0,322527.625,325000.0
3481,0,3,2,1,0.0,4.0,3,1,1,1,1,7,1,0,0,0,0,0,1,0,0,0,0,0,1,0,0,0,1,0,0,0,0,0,1,0,0,0,0,0,1,0,0,0,1,0,0,0,0,0,850.5291748046875,850.0
3502,1,7,2,1,0.0,1.0,3,1,0,1,1,9,1,0,0,1,0,0,1,0,0,0,0,0,1,0,0,0,0,1,1,0,1,0,0,0,0,0,0,1,1,0,0,0,1,0,0,0,0,0,247968.484375,240000.0
3492,1,7,3,1,0.0,0.0,4,1,0,1,1,10,0,0,0,1,1,0,0,0,0,0,0,0,1,0,0,0,0,0,1,0,0,0,0,0,0,0,0,0,0,0,0,0,1,0,0,0,0,0,372896.8125,365000.0
4017,1,2,1,1,0.0,1.0,2,1,0,1,1,0,0,0,0,0,1,0,1,0,0,0,0,0,0,1,0,0,0,0,0,0,0,0,1,0,0,0,0,0,1,0,1,0,0,0,0,0,0,0,153143.78125,155000.0
809,0,3,0,1,0.0,0.0,2,1,1,1,0,1,0,0,0,1,0,0,0,0,0,0,0,0,1,0,0,0,0,0,0,0,0,0,1,0,0,0,0,0,1,0,0,0,1,0,0,0,0,0,529.4373779296875,425.0
809,0,3,0,1,0.0,1.0,2,1,1,1,0,1,0,0,0,1,0,0,0,0,0,0,0,0,1,0,0,0,0,0,0,0,0,0,1,0,0,0,0,0,1,0,0,0,1,0,0,0,0,0,561.5487060546875,425.0
3047,0,3,0,1,0.0,1.0,3,1,0,2,1,2,0,0,0,0,0,0,0,1,0,0,0,0,1,0,0,0,0,0,0,0,0,0,1,0,0,0,0,0,1,0,0,0,1,0,0,0,0,0,637.1326904296875,550.0
815,0,3,0,1,0.0,4.0,2,1,1,1,0,1,0,1,0,0,0,0,0,1,0,0,0,0,1,0,1,1,0,0,0,0,0,0,1,0,0,0,0,0,1,0,0,0,1,0,0,0,0,0,658.4237060546875,400.0
569,0,3,3,1,0.0,2.0,3,1,0,1,0,2,0,0,0,1,1,0,0,0,0,0,0,0,1,0,0,0,0,0,0,0,0,0,0,0,0,0,0,0,1,0,0,0,1,0,0,0,0,0,1087.9725341796875,1200.0
566,0,3,0,1,0.0,2.0,1,1,1,1,0,1,0,1,0,0,0,0,0,0,0,0,0,0,1,1,0,0,0,0,0,0,0,0,1,0,0,0,0,0,0,0,1,0,0,0,0,0,0,0,621.7752685546875,550.0
567,1,4,2,1,0.0,2.0,3,1,0,2,1,4,0,0,0,0,0,0,1,0,0,1,0,0,0,0,0,0,0,0,0,1,0,0,0,0,0,0,0,0,1,0,0,0,1,0,0,0,0,0,242771.296875,225000.0
576,0,3,0,1,0.0,2.0,1,1,1,1,0,3,0,0,0,0,0,0,0,1,0,0,0,0,1,0,0,1,0,0,0,0,0,0,1,0,0,0,0,0,1,0,0,0,1,0,0,0,0,0,245.05654907226562,550.0
944,0,3,0,1,0.0,6.0,4,1,1,1,1,0,0,0,0,1,0,0,1,0,0,0,0,0,1,0,1,0,0,0,0,0,0,0,0,0,0,0,0,0,1,0,0,0,1,0,0,0,0,0,1036.4705810546875,575.0
3811,0,3,0,1,0.0,1.0,2,1,1,1,0,0,0,0,0,0,0,0,0,1,0,0,0,0,1,0,0,0,0,0,1,0,0,0,0,0,0,0,0,0,1,0,0,0,1,0,0,0,0,0,533.3826904296875,525.0
3815,0,3,0,1,0.0,2.0,1,1,1,1,0,0,0,0,0,0,0,0,0,1,0,0,0,0,0,0,0,1,0,0,0,0,1,0,0,0,0,0,0,0,1,0,0,1,0,0,0,0,0,0,614.6951904296875,212.0
3860,0,3,0,1,0.0,2.0,2,1,1,1,1,0,0,0,0,0,0,0,0,1,0,0,0,0,1,0,0,1,0,0,0,0,0,0,0,0,0,0,0,0,1,0,0,0,1,0,0,0,0,0,396.5448303222656,525.0
3792,0,3,1,1,0.0,2.0,3,1,0,1,1,0,0,0,0,1,0,0,1,0,0,0,0,0,1,0,0,0,0,0,0,0,1,0,0,0,0,0,0,0,1,0,0,0,1,0,0,0,0,0,629.2459716796875,795.0
3849,0,3,0,1,0.0,1.0,0,0,0,1,0,1,0,0,0,0,0,0,0,1,0,0,0,0,0,0,0,0,0,0,0,0,1,0,0,0,0,0,0,0,1,0,1,0,0,0,0,0,0,0,576.6522216796875,460.0
3940,0,3,0,1,0.0,1.0,1,1,0,1,0,1,0,0,0,0,0,0,0,1,0,0,0,0,0,1,0,0,1,0,0,0,1,0,0,0,0,0,0,0,0,0,1,0,0,0,0,0,0,0,544.2947998046875,460.0
3807,0,3,0,1,0.0,1.0,2,1,0,1,1,1,0,0,0,0,0,0,0,1,0,0,0,0,0,0,0,0,0,0,0,0,1,0,0,0,0,0,0,0,1,0,0,0,1,0,0,0,0,0,517.9471435546875,500.0
3887,0,3,0,1,0.0,1.0,2,1,0,1,0,1,0,0,0,0,0,0,0,1,0,0,0,0,1,0,0,1,0,0,0,0,1,0,0,0,0,0,0,0,1,0,0,0,1,0,0,0,0,0,473.1268615722656,425.0
3925,0,3,1,1,0.0,0.0,2,1,0,1,0,1,1,0,0,0,0,0,1,0,0,0,0,0,0,0,0,0,0,0,0,0,1,0,0,0,0,0,0,0,1,0,1,0,0,0,0,0,0,0,450.7831115722656,650.0
3773,0,3,0,1,0.0,2.0,0,0,0,1,0,1,0,0,0,0,0,0,0,0,0,0,0,0,0,0,0,0,0,0,0,0,0,1,0,0,0,0,0,0,0,0,1,0,0,0,0,0,0,0,763.9393310546875,450.0
3886,0,3,0,1,0.0,8.0,3,1,1,1,1,1,0,0,0,1,0,0,1,0,0,1,0,0,1,0,1,0,0,1,0,0,0,0,1,0,0,0,0,0,1,0,0,0,1,0,0,0,0,0,715.1834716796875,525.0
3772,0,3,0,1,0.0,0.0,3,1,1,1,1,0,0,0,0,0,0,0,0,1,0,0,0,0,1,0,0,0,0,0,0,0,0,0,0,0,0,0,0,0,0,0,0,0,1,0,0,0,0,0,278.0956115722656,700.0
1366,1,7,3,1,0.0,1.0,5,1,1,1,1,9,0,0,0,0,0,0,1,0,0,1,1,0,0,0,0,1,0,0,0,0,0,0,0,0,0,0,0,0,0,0,0,0,1,0,0,0,0,0,469836.1875,400000.0
1338,1,4,5,1,0.0,0.0,6,1,0,0,1,16,0,0,0,1,0,0,0,0,0,1,1,0,0,0,1,0,0,1,0,0,0,0,0,0,0,0,0,0,1,0,0,0,1,0,0,0,0,0,673767.375,650000.0
1334,1,4,2,1,0.0,1.0,3,1,1,1,1,6,0,0,0,1,1,0,0,0,0,1,0,0,1,0,1,0,1,0,0,0,0,0,0,0,0,0,0,0,1,0,0,0,1,0,0,0,0,0,250308.671875,250000.0
1357,1,7,2,3,0.0,2.0,3,1,1,2,0,6,0,0,0,1,1,1,0,0,0,0,0,0,1,0,0,1,1,0,0,0,0,0,0,0,0,0,0,0,1,0,0,0,1,0,0,0,0,0,238458.5,235000.0
1335,1,7,2,3,0.0,1.0,3,1,1,0,1,3,0,0,0,1,1,0,1,0,0,0,0,0,1,0,1,1,0,0,0,0,0,0,0,0,0,0,0,0,1,0,0,0,1,0,0,0,0,0,218438.109375,225000.0
1391,1,7,3,1,0.0,1.0,2,1,1,1,0,6,0,0,0,1,1,0,0,0,0,1,0,0,1,0,1,1,0,0,0,0,0,0,0,0,0,0,0,0,1,0,0,0,1,0,0,0,0,0,321218.8125,230000.0
1350,1,4,1,1,0.0,2.0,2,1,1,0,0,3,0,0,0,0,0,0,0,1,0,0,0,0,0,0,1,0,0,1,0,0,0,0,0,0,0,0,0,0,1,0,0,0,1,0,0,0,0,0,158288.109375,160000.0
1340,1,2,2,3,0.0,0.0,3,1,1,2,1,4,0,0,0,1,1,0,1,0,0,0,0,0,0,0,1,0,0,1,1,0,0,0,0,0,0,0,0,0,1,0,0,0,1,0,0,0,0,0,369065.6875,375000.0
1344,1,4,4,1,0.0,0.0,6,1,1,2,1,6,0,0,0,1,0,0,1,0,0,1,0,0,1,0,1,0,0,1,0,0,0,0,0,0,0,0,0,0,1,0,0,0,1,0,0,0,0,0,454982.4375,450000.0
4475,1,7,2,1,0.0,0.0,3,1,2,1,2,5,0,0,0,1,0,0,1,0,0,0,0,0,0,0,0,0,0,1,1,0,0,0,1,0,0,0,0,0,1,0,0,0,1,0,0,0,0,0,368472.8125,370000.0
4342,1,6,1,1,0.0,4.0,2,1,0,1,0,6,0,1,0,0,1,0,0,0,0,0,0,0,1,0,0,0,1,0,0,0,0,0,0,0,0,0,0,0,1,0,0,0,1,0,0,0,0,0,245893.3125,240000.0
4477,1,6,4,1,0.0,2.0,3,1,0,1,1,10,0,0,0,1,0,1,1,0,0,0,0,0,1,0,1,0,1,0,0,0,0,0,0,0,0,0,0,0,1,0,0,0,1,0,0,0,0,0,539542.75,539500.0
4448,0,3,3,1,0.0,4.0,2,1,0,1,0,3,0,0,0,0,0,1,1,0,0,0,0,0,1,0,0,1,1,0,0,0,0,0,0,0,0,0,0,0,1,0,0,0,1,0,0,0,0,0,0.0,1100.0
4335,1,6,1,1,0.0,2.0,2,1,0,0,1,5,0,0,0,1,0,0,1,0,0,0,0,0,1,0,1,0,1,0,0,0,0,0,0,0,0,0,0,0,1,0,1,0,0,0,0,0,0,0,213711.140625,215000.0
4460,1,6,2,1,0.0,0.0,2,1,0,1,0,5,0,0,0,0,0,0,1,0,0,0,0,0,1,0,0,0,0,0,0,0,0,0,0,0,0,0,0,0,1,0,0,0,1,0,0,0,0,0,291155.84375,290000.0
4468,0,3,1,1,0.0,3.0,2,1,0,0,0,8,0,0,0,0,1,0,1,0,0,0,0,0,1,0,0,0,1,0,0,0,0,0,0,0,0,0,0,0,1,0,0,0,1,0,0,0,0,0,872.2947998046875,950.0
4444,0,3,2,1,0.0,5.0,3,1,0,1,1,2,0,0,0,0,1,0,1,0,0,0,0,0,1,0,1,1,0,0,0,0,0,0,0,0,0,0,0,0,1,0,0,0,1,0,0,0,0,0,636.8748779296875,1050.0
4444,0,3,2,1,0.0,0.0,3,1,0,1,1,2,0,0,0,0,1,0,1,0,0,0,0,0,1,0,1,1,0,0,0,0,0,0,0,0,0,0,0,0,1,0,0,0,1,0,0,0,0,0,906.1424560546875,1050.0
4294,0,3,1,1,0.0,4.0,2,1,1,1,0,1,0,0,0,0,0,0,0,1,0,0,0,0,1,0,0,0,0,1,0,0,0,0,0,0,0,0,0,0,1,0,0,0,1,0,0,0,0,0,873.3612060546875,925.0
3619,0,3,4,1,0.0,4.0,4,1,1,1,2,9,0,0,0,1,0,0,0,0,0,0,0,0,0,0,0,0,1,0,1,0,0,0,0,0,0,0,0,1,1,0,0,0,0,0,0,0,0,0,0.0,1100.0
3598,0,3,0,1,0.0,5.0,2,1,1,1,1,4,0,0,0,1,0,0,1,0,0,1,0,0,1,0,0,0,0,1,1,0,0,0,0,0,0,0,0,1,1,0,0,0,1,0,0,0,0,0,634.4334716796875,695.0
3610,0,3,1,1,0.0,2.0,2,1,1,1,1,1,0,0,0,0,0,0,0,1,0,0,0,0,1,0,1,1,0,0,0,0,0,0,0,0,0,0,0,1,1,0,0,0,1,0,0,0,0,0,673.4217529296875,600.0
3621,0,3,0,1,0.0,0.0,2,1,1,1,1,2,0,0,0,1,0,0,1,0,0,1,0,0,1,0,1,0,0,1,0,0,0,0,0,0,0,0,0,1,1,0,0,0,1,0,0,0,0,0,754.5975341796875,650.0
3621,0,3,0,1,0.0,0.0,2,1,1,1,1,2,0,0,0,1,0,0,1,0,0,1,0,0,1,0,1,0,0,1,0,0,0,0,0,0,0,0,0,1,1,0,0,0,1,0,0,0,0,0,754.5975341796875,650.0
1826,1,7,0,1,0.0,0.0,3,1,0,0,1,8,0,0,0,0,1,0,0,1,0,0,0,0,0,0,0,1,0,0,1,0,1,0,0,0,0,0,0,0,1,0,0,0,1,0,0,0,0,0,117247.8125,115000.0
3614,0,3,1,1,0.0,6.0,1,1,1,0,1,2,1,0,0,0,0,0,1,0,0,1,0,0,0,1,0,0,0,0,0,0,0,1,0,0,0,0,0,1,1,0,0,0,1,0,0,0,0,0,1007.4061279296875,650.0
3903,0,3,2,1,0.0,2.0,3,1,1,1,1,3,0,0,0,0,0,0,1,0,0,0,0,0,0,0,0,1,0,0,1,0,0,0,0,0,0,0,0,0,1,0,0,0,1,0,0,0,0,0,0.0,560.0
5334,1,2,1,1,0.0,5.0,4,1,0,1,0,5,0,0,0,1,1,0,1,0,0,0,0,0,0,0,1,1,0,0,1,0,0,0,0,0,0,0,0,1,1,0,0,0,1,0,0,0,0,0,133782.15625,135000.0
3897,1,6,2,1,0.0,1.0,4,1,0,2,2,5,0,0,0,0,1,0,0,0,0,0,0,0,0,0,0,0,1,0,1,0,0,0,0,0,0,0,0,0,1,0,0,0,1,0,0,0,0,0,165813.609375,164500.0
3908,0,3,1,1,0.0,2.0,2,1,0,1,1,4,0,0,0,1,0,0,0,0,0,0,0,0,0,0,1,0,0,0,1,1,0,0,0,0,0,0,0,0,1,0,0,0,1,0,0,0,0,0,587.8143310546875,625.0
2493,1,7,0,1,0.0,1.0,2,1,0,1,0,4,0,0,0,0,0,0,0,1,0,0,0,0,0,0,0,0,0,0,0,0,0,0,0,0,0,0,0,0,1,0,0,0,1,0,0,0,0,0,113056.6640625,115000.0
2585,1,6,0,3,0.0,1.0,3,1,1,1,0,1,0,0,0,0,0,0,0,1,0,0,0,0,0,0,0,0,0,0,0,0,0,0,0,0,0,0,0,0,0,0,0,0,1,0,0,0,0,0,74769.2578125,76000.0
1201,0,3,4,1,0.0,2.0,4,1,1,1,1,2,0,0,0,0,1,1,0,0,0,1,0,0,1,0,1,0,0,0,0,0,0,0,1,0,0,0,0,1,1,0,0,0,0,0,1,0,0,0,738.4588623046875,1100.0
1186,0,3,2,1,0.0,0.0,4,2,1,2,1,6,1,0,0,1,0,0,1,0,0,0,0,0,0,0,1,0,1,1,0,0,0,0,1,0,0,0,1,0,1,0,0,0,0,0,0,0,0,1,511.6014709472656,3200.0
1195,0,3,4,1,0.0,2.0,3,1,1,2,1,6,0,0,0,1,0,0,0,0,0,0,0,0,1,0,1,0,0,1,0,0,1,0,0,0,0,0,0,1,1,0,0,1,0,0,0,0,0,0,0.0,1300.0
1175,0,3,3,1,0.0,1.0,3,1,0,2,1,3,1,0,0,1,1,0,0,0,0,0,0,0,1,0,1,0,0,0,0,1,1,0,0,0,0,0,0,1,1,0,0,0,1,0,0,0,0,0,701.5526123046875,1250.0
1192,0,3,3,1,0.0,4.0,4,1,1,2,1,3,0,0,0,1,1,0,0,1,0,0,0,0,1,0,1,0,0,1,0,0,1,0,0,0,0,1,0,1,1,0,0,1,0,0,0,0,0,0,1449.7791748046875,1350.0
1171,0,3,1,1,0.0,1.0,2,1,0,1,1,2,1,0,0,0,0,0,1,0,0,0,0,1,0,0,0,0,0,0,0,0,0,0,1,0,0,0,0,1,1,0,0,0,1,0,0,0,0,0,809.9237060546875,900.0
1196,0,3,1,1,0.0,2.0,3,1,0,0,1,4,1,0,0,0,0,0,1,0,0,0,0,0,1,0,0,0,0,0,0,0,0,0,1,0,0,0,0,1,1,0,0,1,0,0,0,0,0,0,1258.6112060546875,800.0
1172,0,3,3,1,0.0,1.0,4,1,0,0,1,5,0,0,0,1,1,0,0,0,0,0,0,0,1,0,1,0,1,0,0,0,1,0,0,0,0,0,0,1,1,0,0,1,0,0,0,0,0,0,974.1346435546875,1500.0
4018,0,3,1,1,0.0,5.0,1,1,0,1,0,1,0,0,0,0,0,0,1,0,0,0,0,0,0,0,0,1,0,0,0,0,0,0,1,0,0,0,0,0,1,0,0,0,1,0,0,0,0,0,524.0819091796875,595.0
3533,0,3,3,1,0.0,1.0,3,1,1,1,1,7,0,0,0,1,1,0,0,0,0,0,0,0,0,0,0,1,0,0,1,0,0,0,0,0,0,0,0,1,0,0,0,1,1,0,0,0,0,0,113.82998657226562,1000.0
3542,0,3,2,1,0.0,2.0,3,1,2,1,1,1,0,0,0,1,0,0,0,0,0,1,0,0,0,0,1,0,1,1,0,0,1,0,0,0,0,0,0,1,0,0,0,1,0,0,0,0,0,0,1140.4471435546875,950.0
3538,0,3,4,1,0.0,0.0,4,1,0,1,1,7,0,0,0,1,0,1,0,0,0,0,0,0,1,0,1,0,0,0,0,0,1,0,0,0,0,0,0,1,0,0,0,0,0,0,1,0,0,0,0.0,1300.0
3549,0,3,2,1,0.0,3.0,3,1,0,1,1,4,0,0,0,1,0,1,1,0,0,0,0,0,0,0,1,0,0,1,1,0,1,0,0,0,0,0,0,1,0,0,0,0,1,0,0,0,0,0,761.2440185546875,900.0
3546,1,4,2,1,0.0,1.0,3,1,0,1,1,6,0,0,0,1,1,0,1,0,0,0,0,0,0,0,0,0,0,0,1,0,1,0,0,0,0,0,0,1,0,0,0,0,0,0,1,0,0,0,440904.96875,450000.0
3536,0,3,1,1,0.0,7.0,3,1,0,1,1,5,1,0,0,0,0,0,1,0,0,0,0,0,1,0,0,0,0,0,0,0,0,0,0,0,0,0,0,1,0,0,0,0,1,0,0,0,0,0,757.2244873046875,750.0
961,0,3,1,1,0.0,3.0,2,1,0,1,1,5,0,0,0,0,0,0,0,0,0,0,0,0,1,0,0,1,0,0,0,0,0,0,1,0,0,0,0,0,1,0,0,0,1,0,0,0,0,0,613.3104248046875,660.0
136,0,3,1,1,0.0,3.0,2,1,1,1,0,5,0,0,0,1,0,0,0,0,0,0,0,0,1,0,1,1,0,0,0,0,0,0,1,0,0,0,0,0,0,0,1,0,0,0,0,0,0,0,593.4158935546875,725.0
2645,1,7,2,1,0.0,1.0,3,1,0,0,1,2,0,0,0,1,1,0,1,0,0,0,0,0,0,0,1,0,1,0,1,0,0,0,0,0,0,0,0,1,1,0,0,0,1,0,0,0,0,0,264221.34375,270000.0
2644,1,2,2,1,0.0,2.0,3,1,0,1,1,1,0,0,0,1,1,0,1,0,0,0,0,0,1,0,1,0,0,1,0,0,0,0,0,0,0,0,0,1,0,0,0,1,1,0,0,0,0,0,281875.75,280000.0
2629,1,4,1,1,0.0,3.0,4,1,0,0,1,4,0,0,0,0,1,0,0,1,1,0,0,0,1,0,1,0,0,1,0,0,0,0,0,0,0,0,0,1,0,0,0,1,1,0,0,0,0,0,404507.375,400000.0
2641,1,2,2,1,0.0,0.0,3,1,0,1,1,1,1,0,0,0,0,0,0,0,0,0,0,0,1,0,1,0,1,0,0,0,0,0,0,0,0,0,0,1,0,0,0,1,0,0,0,0,0,0,279350.5,280000.0
2623,1,4,0,1,0.0,2.0,1,0,0,1,1,0,1,0,0,1,0,0,1,0,0,0,0,0,0,0,0,1,0,0,0,0,0,0,0,0,0,0,0,0,1,0,0,1,1,0,0,0,0,0,202180.390625,160000.0
2625,1,2,3,1,0.0,3.0,3,1,0,0,1,3,0,0,0,1,1,0,1,0,0,0,0,0,0,0,1,0,1,1,0,0,0,0,0,0,0,0,0,0,1,0,0,1,1,0,0,0,0,0,420496.4375,425000.0
2642,1,7,2,1,0.0,0.0,3,1,1,0,0,1,0,0,0,1,0,1,1,0,0,0,0,0,0,0,1,0,0,1,1,0,0,0,0,0,0,0,0,1,1,0,0,0,1,0,0,0,0,0,294070.25,300000.0
2607,1,2,0,3,0.0,0.0,1,1,0,1,0,1,0,0,0,0,1,0,1,0,0,0,0,0,0,0,0,0,0,0,0,0,0,0,0,0,0,0,0,0,0,0,1,0,0,0,0,0,0,0,107406.0390625,110000.0
2596,0,3,4,3,0.0,2.0,4,1,0,0,1,2,0,0,0,0,0,0,1,1,0,0,0,0,1,0,1,0,0,1,0,0,0,0,0,0,0,0,0,0,1,0,0,1,1,0,0,0,0,0,1033.3221435546875,1500.0
3034,1,7,4,3,0.0,1.0,3,1,0,2,1,3,0,0,0,1,1,0,1,0,0,0,0,0,1,0,1,0,0,1,0,0,0,0,0,0,0,0,0,1,1,0,0,0,1,0,0,0,0,0,357156.78125,365000.0
2608,1,4,1,1,0.0,0.0,2,1,0,1,1,1,1,0,0,0,0,0,0,0,0,0,0,0,1,0,0,0,0,1,0,0,0,0,1,0,0,0,0,0,1,0,0,0,1,0,0,0,0,0,241963.296875,240000.0
2618,1,7,4,1,0.0,4.0,3,1,0,1,1,9,0,0,0,1,1,0,1,0,0,0,0,0,1,0,1,0,0,1,0,0,0,0,0,0,0,0,0,1,1,0,0,0,1,0,0,0,0,0,475657.15625,475000.0
3984,0,3,1,1,0.0,4.0,1,1,0,1,0,2,0,0,0,0,0,0,0,0,0,0,0,0,0,1,0,0,0,0,0,0,1,0,0,0,0,0,0,0,1,0,0,1,1,0,0,0,0,0,706.9959716796875,725.0
2627,0,3,1,1,0.0,0.0,2,1,0,1,1,0,1,0,0,0,0,0,0,0,0,0,0,0,0,1,0,0,0,0,0,0,0,0,0,0,0,0,0,0,0,0,1,0,0,1,0,0,0,0,988.9373779296875,900.0
2627,0,3,1,1,0.0,0.0,2,1,0,1,0,1,1,1,0,0,0,0,0,0,0,1,0,0,0,0,0,0,0,0,0,0,0,0,0,0,0,0,0,0,0,0,1,0,0,1,0,0,0,0,1877.9344482421875,900.0
4956,1,2,3,1,0.0,1.0,3,1,1,1,1,7,0,0,0,1,0,1,1,0,0,0,0,0,1,0,1,0,0,0,0,0,0,0,0,0,0,0,0,1,1,0,0,0,0,0,1,0,0,0,262364.96875,265000.0
4944,1,2,3,1,0.0,0.0,3,1,1,1,0,4,0,0,0,1,1,0,1,0,0,0,0,0,1,0,0,1,1,0,0,0,0,0,0,0,0,0,0,0,1,0,0,0,1,0,0,0,0,0,319413.375,279000.0
4947,0,3,1,1,0.0,6.0,4,1,1,1,0,5,0,0,0,1,0,0,1,0,0,0,0,0,1,0,1,0,0,0,0,0,0,0,0,0,0,0,0,0,0,0,0,0,1,0,0,0,0,0,745.7342529296875,900.0
4907,1,7,1,1,0.0,2.0,4,1,1,1,1,5,0,0,0,0,0,0,0,1,0,0,0,0,1,0,1,0,0,0,0,0,0,0,0,0,0,0,0,0,0,0,0,0,1,0,0,0,0,0,224964.71875,230000.0
4822,0,3,1,1,0.0,6.0,2,1,1,1,1,2,0,0,0,1,0,0,1,0,0,0,0,0,1,0,1,0,0,0,0,0,0,0,0,0,0,0,0,0,1,0,0,0,1,0,0,0,0,0,744.6795654296875,625.0
4785,0,3,3,1,0.0,3.0,3,1,1,1,1,6,0,0,0,1,1,0,1,0,0,0,0,0,1,0,1,0,1,0,0,0,0,0,0,0,0,0,0,0,1,0,0,0,1,0,0,0,0,0,1102.1190185546875,800.0
4879,1,7,3,3,0.0,2.0,4,1,1,2,1,5,0,0,0,1,1,0,1,0,0,0,0,0,1,0,1,0,1,0,0,0,0,0,0,0,0,0,0,0,1,0,0,0,0,0,1,0,0,0,266536.5,270000.0
4798,1,7,1,3,0.0,1.0,3,1,1,1,1,3,0,0,0,1,0,0,1,0,0,0,0,0,1,0,1,1,0,0,0,0,0,0,0,0,0,0,0,0,1,0,1,0,0,0,0,0,0,0,126443.4140625,130000.0
4936,1,2,3,3,0.0,4.0,3,1,1,2,1,6,0,0,0,1,1,0,1,0,0,0,0,0,1,0,1,1,0,0,0,0,0,0,0,0,0,0,0,0,1,0,0,0,0,0,0,0,0,0,248138.640625,250000.0
4884,1,7,2,1,0.0,3.0,3,1,1,1,1,3,0,0,0,1,1,0,1,0,0,0,0,0,1,0,1,0,1,0,0,0,0,0,0,0,0,0,0,0,1,0,0,0,1,0,0,0,0,0,206637.03125,207500.0
4957,1,7,2,1,0.0,8.0,3,1,1,1,1,5,0,0,0,1,0,0,1,0,0,0,0,0,1,0,1,0,0,1,0,0,0,0,0,0,0,0,0,0,1,0,0,1,1,0,0,0,0,0,160514.609375,160000.0
4873,1,7,2,1,0.0,1.0,2,1,0,1,1,1,0,0,0,0,0,0,1,0,0,0,0,0,0,0,0,0,0,0,0,0,0,0,0,0,0,0,0,0,0,0,0,0,0,0,0,0,0,0,247218.09375,105000.0
4971,1,7,5,1,0.0,0.0,5,1,1,1,1,8,0,0,0,1,1,0,1,0,0,0,0,0,0,0,1,0,1,1,0,0,0,0,0,0,0,0,0,0,1,0,0,0,0,0,1,0,0,0,420740.40625,425000.0
4989,1,7,1,1,0.0,1.0,3,1,1,1,1,3,0,0,0,1,0,0,1,0,0,0,0,0,0,0,0,1,1,0,1,0,0,0,0,0,0,0,0,0,0,0,1,0,0,0,0,0,0,0,169986.078125,170000.0
4756,0,3,1,1,0.0,7.0,3,1,1,1,0,3,0,0,0,1,0,0,1,0,0,1,0,0,1,0,1,1,0,0,0,0,0,0,0,0,0,0,0,0,1,0,0,0,1,0,0,0,0,0,759.6971435546875,675.0
4753,1,2,1,1,0.0,3.0,2,1,1,1,1,5,0,0,0,0,0,0,0,1,0,0,0,0,1,0,1,0,1,0,0,0,0,0,0,0,0,0,0,0,0,0,0,1,1,0,0,0,0,0,243387.671875,150000.0
4937,1,2,3,1,0.0,1.0,3,1,1,1,1,7,0,0,0,1,1,0,1,0,0,0,0,0,1,0,1,0,1,0,0,0,0,0,0,0,0,0,0,0,1,0,0,1,1,0,0,0,0,0,277523.3125,280000.0
4885,1,7,1,1,0.0,2.0,3,1,1,1,1,6,0,0,0,1,0,0,1,0,0,0,0,0,1,0,1,0,1,0,0,0,0,0,0,0,0,0,0,0,1,0,0,1,1,0,0,0,0,0,215967.078125,220000.0
4960,0,3,2,1,0.0,3.0,3,1,1,2,1,3,0,0,0,1,1,0,0,0,0,0,0,0,1,0,1,1,0,0,0,0,0,0,0,0,0,0,0,0,1,0,0,0,0,0,1,0,0,0,556.5262451171875,675.0
4754,0,3,1,1,0.0,1.0,2,1,1,1,1,1,0,0,0,0,0,0,1,0,0,0,0,0,1,0,0,0,0,0,0,0,0,0,0,0,0,0,0,0,0,0,0,0,1,0,0,0,0,0,630.8514404296875,620.0
4796,1,7,1,1,0.0,3.0,2,1,1,2,1,3,0,0,0,1,0,0,1,0,0,0,0,0,1,0,1,0,0,0,0,0,0,0,0,0,0,0,0,0,1,0,0,1,1,0,0,0,0,0,141664.234375,145000.0
4877,1,7,3,1,0.0,3.0,3,1,1,1,1,5,0,0,0,1,1,0,1,0,0,0,0,0,1,0,1,0,0,1,0,0,0,0,0,0,0,0,0,0,1,0,0,1,1,0,0,0,0,0,275942.6875,280000.0
4883,1,7,2,1,0.0,2.0,3,1,1,2,1,6,0,0,0,1,1,0,1,0,0,0,0,0,0,0,1,0,1,1,0,0,0,0,0,0,0,0,0,0,1,0,0,1,1,0,0,0,0,0,210021.234375,210000.0
4774,1,2,2,1,0.0,0.0,3,1,1,2,1,4,0,0,0,1,1,0,1,0,0,0,0,0,0,0,0,0,0,1,0,0,0,0,0,0,0,0,0,0,1,0,0,0,1,0,0,0,0,0,202625.296875,205000.0
4965,1,2,1,1,0.0,1.0,2,1,1,1,0,2,0,0,0,0,0,0,0,1,0,0,0,0,0,0,1,0,0,0,1,0,0,0,0,0,0,0,0,0,1,0,0,0,1,0,0,0,0,0,151589.5625,155000.0
4750,1,7,1,1,0.0,0.0,3,1,1,1,1,3,0,1,0,0,0,0,1,0,0,0,0,0,1,0,1,0,0,0,0,0,0,0,0,0,0,0,0,0,1,0,0,0,1,0,0,0,0,0,139824.125,142000.0
4992,1,2,2,1,0.0,2.0,2,1,1,1,1,3,0,0,0,1,0,0,1,0,0,0,0,0,0,0,0,0,1,1,1,0,0,0,1,0,0,0,0,0,1,0,0,0,1,0,0,0,0,0,395592.78125,395000.0
4781,1,7,1,1,0.0,3.0,3,1,1,1,0,6,0,0,0,0,0,0,0,1,0,0,0,0,0,0,1,1,0,0,1,0,0,0,0,0,0,0,0,0,1,0,0,1,1,0,0,0,0,0,212511.453125,135000.0
4772,1,7,1,1,0.0,3.0,3,1,1,1,1,5,0,0,0,1,0,0,1,0,0,0,0,0,1,0,1,0,0,0,0,0,0,0,0,0,0,0,0,0,1,0,0,1,1,0,0,0,0,0,198328.203125,200000.0
4966,1,7,2,1,0.0,0.0,3,1,1,1,0,4,0,0,0,1,0,0,1,0,0,0,0,0,1,0,1,0,0,0,0,0,0,0,0,0,0,0,0,0,1,0,0,0,0,0,0,0,0,0,231227.390625,230000.0
4944,1,7,3,1,0.0,0.0,3,1,1,1,0,4,0,0,0,1,1,0,1,0,0,0,0,0,1,0,0,1,1,0,0,0,0,0,0,0,0,0,0,0,1,0,0,0,1,0,0,0,0,0,274180.5,273000.0
5000,0,3,5,1,0.0,6.0,2,1,1,1,1,5,0,0,0,1,0,0,1,0,0,0,0,0,1,0,1,0,1,0,0,0,0,0,0,0,0,0,0,0,0,0,0,0,1,0,0,0,0,0,1289.6190185546875,650.0
4963,1,7,4,1,0.0,1.0,4,1,1,2,1,6,0,0,0,1,1,0,1,0,0,0,0,0,0,0,1,0,1,1,0,0,0,0,0,0,0,0,0,0,1,0,0,0,1,0,0,0,0,0,332925.78125,340000.0
4900,1,7,4,1,0.0,2.0,4,1,1,1,1,8,0,0,0,1,1,0,1,0,0,0,0,0,0,0,1,0,1,1,0,0,0,0,0,0,0,0,0,0,1,0,0,0,1,0,0,0,0,0,459786.375,469000.0
4905,1,2,3,1,0.0,1.0,3,1,1,1,1,5,0,0,0,1,1,0,1,0,0,0,0,0,0,0,1,0,1,1,0,0,0,0,0,0,0,0,0,0,1,0,0,0,1,0,0,0,0,0,423919.96875,425000.0
4886,1,7,3,1,0.0,3.0,5,1,1,2,1,6,0,0,0,1,1,0,1,0,0,0,0,0,1,0,1,0,1,0,0,0,0,0,0,0,0,0,0,0,1,0,0,0,1,0,0,0,0,0,284173.625,285000.0
4987,1,7,2,1,0.0,1.0,3,1,1,2,1,5,0,0,0,1,1,0,1,0,0,0,0,0,0,0,1,0,1,1,0,0,0,0,0,0,0,0,0,0,1,0,0,0,0,0,1,0,0,0,238449.859375,245000.0
4915,1,4,2,3,0.0,18.0,3,1,1,2,1,2,0,0,0,1,1,0,1,0,0,0,0,0,0,0,0,0,1,1,1,0,0,0,0,0,0,0,0,0,1,0,0,0,1,0,0,0,0,0,235874.984375,230000.0
914,1,7,0,1,0.0,2.0,2,1,1,1,1,4,0,0,0,1,0,0,0,0,0,0,0,0,0,0,0,0,0,0,1,1,0,0,0,0,0,0,0,1,0,0,0,0,0,0,0,0,0,0,72848.0703125,70000.0
823,1,7,1,1,0.0,6.0,4,1,0,1,1,6,0,0,0,1,0,0,1,0,0,0,0,0,1,0,0,1,0,0,0,0,0,0,0,0,0,0,0,0,0,0,0,0,1,0,0,0,0,0,212535.265625,210000.0
895,0,3,0,1,0.0,8.0,3,1,1,1,1,1,0,0,0,0,0,0,0,1,0,0,0,0,0,0,0,0,0,0,1,0,0,0,0,0,0,0,0,0,0,0,0,0,1,0,0,0,0,0,588.9783935546875,475.0
892,1,7,2,1,0.0,0.0,3,1,0,1,1,5,0,0,0,1,1,0,0,0,0,0,0,0,1,0,0,0,0,0,0,0,0,0,0,0,0,0,0,0,0,0,0,0,1,0,0,0,0,0,134198.375,130000.0
896,1,7,0,1,0.0,5.0,3,1,0,1,1,2,0,0,0,0,0,0,0,1,0,0,0,0,1,0,0,1,0,0,0,0,1,0,0,0,0,0,0,0,0,0,0,0,1,0,0,0,0,0,87516.4453125,86000.0
143,1,7,0,4,0.0,0.0,2,1,1,1,1,0,0,0,0,0,0,0,0,1,0,0,0,0,1,0,0,0,0,0,0,0,0,0,0,0,0,0,0,0,0,0,0,0,0,0,0,0,0,0,41338.68359375,40000.0
143,1,7,0,4,0.0,0.0,2,1,1,1,1,0,0,0,0,0,0,0,0,1,0,0,0,0,1,0,0,0,0,0,0,0,0,0,0,0,0,0,0,0,0,0,0,0,1,0,0,0,0,0,43002.796875,40000.0
957,1,7,3,1,0.0,5.0,4,1,2,1,1,5,0,0,0,0,1,0,1,0,0,0,0,0,0,0,1,0,0,0,0,0,0,0,0,0,0,0,0,0,0,0,0,0,1,0,0,0,0,0,259319.484375,255000.0
914,1,7,0,1,0.0,1.0,2,1,2,1,1,4,0,0,0,1,1,0,0,0,0,0,0,0,1,0,0,1,0,0,0,0,0,0,0,0,0,0,0,1,0,0,0,0,0,0,0,0,0,0,141410.703125,139950.0
889,1,7,0,1,0.0,3.0,1,1,0,1,1,1,0,0,1,0,0,1,0,0,0,0,0,0,0,0,0,0,0,0,0,0,0,1,0,0,0,1,0,0,0,0,1,0,0,0,0,0,0,0,65976.7109375,65000.0
820,1,7,0,1,0.0,2.0,2,1,0,1,1,7,0,0,0,0,1,0,1,0,0,0,0,0,0,0,1,0,0,0,1,0,0,0,0,0,0,0,0,0,0,0,0,0,1,0,0,0,0,0,107120.4921875,109995.0
2476,0,3,1,1,0.0,1.0,2,1,0,0,1,5,0,0,0,1,1,0,0,0,0,0,0,0,1,0,0,0,0,0,0,0,0,0,0,0,0,0,0,0,0,0,0,0,1,0,0,0,0,0,589.2498779296875,1000.0
1845,1,4,0,3,0.0,2.0,2,1,1,1,0,1,0,0,0,0,0,0,0,0,0,0,0,0,1,0,0,1,0,0,0,0,0,0,0,0,0,0,0,0,0,0,0,0,1,0,0,0,0,0,48739.6796875,45000.0
889,0,3,0,1,0.0,1.0,2,0,0,1,1,1,0,0,1,0,0,1,1,0,0,0,0,0,0,0,0,0,0,0,0,0,1,0,0,0,0,0,0,0,0,0,1,0,0,0,0,0,0,0,0.0,440.0
885,1,2,0,3,0.0,1.0,4,1,1,1,1,4,0,0,0,0,0,0,0,1,0,0,0,0,1,0,0,1,0,0,0,0,0,0,0,0,0,0,0,0,0,0,0,0,1,0,0,0,0,0,74439.3984375,70000.0
3790,1,2,0,1,0.0,1.0,3,1,0,1,1,4,0,0,0,0,0,0,0,1,0,0,0,0,0,0,1,0,0,0,0,0,0,0,0,0,0,0,0,0,0,0,0,0,1,0,0,0,0,0,99743.0078125,100000.0
3812,1,7,1,1,0.0,2.0,3,1,1,1,1,5,0,0,0,1,1,0,1,0,0,0,0,0,0,0,1,0,0,0,0,0,0,0,0,0,0,0,0,0,0,0,0,0,1,0,0,0,0,0,151889.671875,150000.0
3893,1,2,0,1,0.0,4.0,1,1,0,1,1,2,0,0,0,0,0,0,1,0,0,0,0,0,0,1,0,0,0,0,0,0,0,0,0,0,0,0,0,0,0,0,1,0,0,0,0,0,0,0,47414.296875,50000.0
98,1,7,3,1,0.0,0.0,4,1,1,2,1,9,0,0,0,1,1,0,1,0,0,0,0,0,1,0,1,1,0,0,0,0,0,0,0,0,0,0,0,1,0,0,0,1,1,0,0,0,0,0,448367.59375,450000.0
91,1,7,0,1,0.0,6.0,2,2,1,0,0,4,1,0,0,0,0,0,1,0,0,1,0,0,0,0,1,1,0,1,0,0,0,0,0,0,0,0,0,1,0,0,0,1,1,0,0,0,0,0,134051.953125,137000.0
94,1,7,1,1,0.0,1.0,3,1,1,1,1,4,0,1,0,0,0,0,0,1,0,0,0,0,1,0,1,1,0,0,0,0,0,0,0,0,0,0,0,1,0,0,0,1,1,0,0,0,0,0,214890.28125,217500.0
4204,1,6,2,1,0.0,0.0,4,1,1,1,1,6,0,0,0,1,1,0,1,0,0,0,0,0,1,0,1,0,0,1,0,0,0,0,0,0,0,0,0,1,0,0,0,1,1,0,0,0,0,0,247285.140625,255000.0
59,1,7,2,1,0.0,3.0,2,1,1,1,1,6,0,0,0,1,1,0,1,0,0,0,0,0,1,0,0,1,0,1,0,0,0,0,0,0,0,0,0,1,1,0,0,0,0,0,1,0,0,0,204138.1875,200000.0
60,1,7,2,1,0.0,0.0,4,1,1,1,1,7,0,0,0,1,1,0,1,0,0,0,0,0,1,0,1,0,0,1,0,0,0,0,0,0,0,0,0,1,0,0,0,1,1,0,0,0,0,0,278493.34375,270000.0
61,0,3,1,1,0.0,1.0,2,1,0,1,1,1,1,0,0,0,0,0,1,0,0,1,0,0,0,0,0,0,0,0,0,0,0,0,0,0,0,0,0,1,1,0,1,0,0,0,0,0,0,0,1058.4744873046875,625.0
4206,0,3,1,1,0.0,2.0,3,2,1,1,1,7,0,0,0,1,0,0,1,0,0,1,0,0,1,0,1,0,1,0,0,0,0,0,0,0,0,0,0,1,0,0,0,1,1,0,0,0,0,0,1032.7640380859375,850.0
65,1,6,1,1,0.0,2.0,3,1,0,0,1,7,1,0,0,1,0,0,1,0,0,0,0,0,1,0,1,0,0,1,0,0,0,0,0,0,0,0,0,1,0,0,0,1,1,0,0,0,0,0,176791.8125,180000.0
95,1,7,2,1,0.0,0.0,4,1,1,1,1,10,0,0,0,1,1,0,1,0,0,0,0,0,1,0,1,1,0,0,0,0,0,0,0,0,0,0,0,1,0,0,0,1,1,0,0,0,0,0,334919.0625,335000.0
4193,1,7,2,1,0.0,1.0,2,1,1,1,1,8,0,0,0,1,1,1,0,0,0,0,0,0,1,0,1,0,0,1,0,0,0,0,0,0,0,0,0,0,1,0,1,0,0,1,0,0,0,0,304489.40625,300000.0
3738,0,3,5,1,0.0,2.0,4,1,0,1,1,2,0,0,0,1,1,0,0,0,0,0,0,0,1,0,0,1,0,0,0,0,1,0,0,0,0,0,0,0,0,0,0,0,1,0,0,0,0,0,1871.0174560546875,1900.0
149,1,4,3,1,0.0,0.0,5,1,0,2,1,8,0,0,0,1,0,0,0,0,0,0,0,0,0,0,1,0,1,0,1,0,0,0,1,0,0,0,0,0,1,0,0,0,1,0,0,0,0,0,353599.21875,350000.0
172,1,7,0,3,0.0,3.0,2,1,0,1,1,3,0,0,0,0,0,0,0,1,0,0,0,0,0,0,0,0,0,0,0,1,0,0,1,0,0,0,0,0,1,0,0,0,1,0,0,0,0,0,108814.5078125,107000.0
168,0,3,0,1,0.0,4.0,2,1,1,1,0,0,0,0,0,0,0,0,0,1,0,0,0,0,1,0,0,1,0,0,0,0,1,0,0,0,0,0,0,0,0,0,0,0,1,0,0,0,0,0,611.2908935546875,550.0
188,1,2,4,1,0.0,0.0,4,1,0,1,1,11,0,0,0,1,1,0,0,0,0,0,0,0,0,0,0,1,1,0,1,0,0,0,1,0,0,0,0,0,1,0,0,0,1,0,0,0,0,1,347143.28125,342500.0
150,0,3,1,3,0.0,2.0,3,1,1,1,1,3,0,0,0,0,0,0,0,1,0,0,0,0,0,0,0,1,1,0,0,0,0,0,1,0,0,0,0,0,1,0,0,0,1,0,0,0,0,0,424.8221740722656,650.0
165,0,3,0,1,0.0,1.0,3,1,1,1,0,1,0,0,0,0,0,0,0,1,0,0,0,0,0,0,0,0,0,0,0,0,1,0,0,0,0,0,0,0,1,0,0,0,1,0,0,0,0,0,390.2518615722656,450.0
169,0,3,0,1,0.0,4.0,2,1,1,1,0,4,0,0,0,0,0,0,0,1,0,0,0,0,0,0,0,0,0,0,0,0,0,0,1,0,0,0,0,0,1,0,0,0,1,0,0,0,0,0,251.39248657226562,450.0
190,0,3,0,1,0.0,1.0,4,1,0,1,1,7,0,0,0,1,0,0,0,0,0,0,0,0,1,0,0,1,0,0,0,0,0,0,1,0,0,0,0,0,1,0,0,0,1,0,0,0,0,0,698.1463623046875,900.0
164,1,2,0,1,0.0,1.0,2,1,0,1,1,3,0,0,0,0,0,0,0,1,0,0,0,0,0,0,0,0,1,0,0,1,0,0,1,0,0,0,0,0,1,0,0,0,1,0,0,0,0,0,76176.5234375,75000.0
160,0,3,0,1,0.0,3.0,2,1,0,1,1,6,0,0,0,0,0,0,0,1,0,0,0,0,0,0,0,1,0,0,1,0,0,0,1,0,0,0,0,0,1,0,0,0,1,0,0,0,0,0,675.1697998046875,500.0
171,1,6,1,1,0.0,3.0,4,1,0,2,1,11,0,0,0,0,0,0,1,0,0,0,0,0,1,0,0,1,0,0,0,0,0,0,1,0,0,0,0,0,1,0,0,0,1,0,0,0,0,0,301558.0625,295000.0
163,1,6,1,1,0.0,7.0,4,1,1,1,1,9,0,0,0,0,0,0,0,1,0,0,0,0,0,0,1,0,1,0,1,0,0,0,1,0,0,0,0,0,1,0,0,0,1,0,0,0,0,0,202632.84375,200000.0
139,1,2,2,1,0.0,1.0,3,1,1,1,1,8,0,0,0,1,1,0,0,0,0,0,0,0,0,0,0,1,0,0,1,1,1,0,0,0,0,0,0,0,1,0,0,0,1,0,0,0,0,0,297414.5625,300000.0
178,0,3,0,1,0.0,3.0,2,1,1,0,1,9,0,0,0,0,0,0,0,1,0,0,0,0,0,0,0,1,0,0,0,0,0,0,1,0,0,0,0,0,1,0,0,0,1,0,0,0,0,0,476.5917053222656,550.0
4323,1,7,0,1,0.0,4.0,3,1,1,1,0,2,0,0,0,1,0,0,1,0,0,0,0,0,0,0,0,0,0,0,0,0,0,0,0,0,0,0,0,0,1,0,0,1,1,0,0,0,0,0,171701.828125,175000.0
4323,1,7,0,1,0.0,3.0,2,1,1,1,0,2,0,0,0,1,0,0,1,0,0,0,0,0,1,0,0,0,0,1,1,0,0,0,0,0,0,0,0,0,1,0,0,1,1,0,0,0,0,0,170763.546875,175000.0
5499,0,3,3,1,0.0,1.0,2,1,0,1,1,2,1,0,0,0,0,0,0,0,0,0,0,0,0,1,0,0,0,1,0,0,1,0,0,0,0,0,0,0,0,0,1,0,0,0,0,0,0,0,915.3768310546875,775.0
5355,0,3,1,1,0.0,6.0,2,1,0,1,1,2,1,0,0,0,0,0,1,0,0,1,0,0,0,1,0,0,0,0,0,0,0,0,1,0,0,0,0,0,0,1,1,0,0,0,0,0,0,0,919.3201904296875,750.0
5510,0,3,5,1,0.0,3.0,5,1,0,2,1,8,0,0,0,1,1,0,1,0,0,0,0,0,1,0,1,1,0,0,0,0,0,0,1,0,0,0,0,0,0,0,0,0,1,0,0,0,0,0,1677.1776123046875,1850.0
5367,1,6,3,1,0.0,2.0,4,1,0,2,1,4,0,0,0,1,1,0,1,0,0,0,0,0,1,0,1,1,0,0,0,0,0,0,1,0,0,0,0,0,1,0,0,1,1,0,0,0,0,0,288387.4375,285000.0
5355,0,3,1,1,0.0,4.0,2,1,0,1,1,2,1,0,0,0,0,0,1,0,0,1,0,0,0,1,0,0,0,0,0,0,0,0,1,0,0,0,0,0,0,1,1,0,0,0,0,0,0,0,935.8865966796875,750.0
5447,1,6,1,1,0.0,3.0,2,1,0,1,0,2,1,0,0,0,0,0,1,0,0,0,1,0,1,0,1,0,0,0,1,0,0,0,1,0,0,0,0,0,1,0,0,0,1,0,0,0,0,0,180699.015625,175000.0
2894,1,0,2,1,0.0,4.0,2,1,0,2,1,3,1,0,0,0,0,0,1,0,0,1,0,0,1,0,0,0,0,1,1,0,0,0,1,0,0,0,0,0,1,0,0,1,1,0,0,0,0,0,244925.640625,245000.0
3021,0,3,2,1,0.0,3.0,3,1,1,1,1,4,0,0,0,1,0,0,1,0,0,0,0,1,0,0,0,0,1,1,1,0,0,0,1,0,0,0,0,1,1,0,0,0,1,0,0,0,0,0,0.0,1200.0
2799,1,2,1,1,0.0,0.0,2,1,0,1,1,3,0,0,0,0,0,0,0,1,0,0,0,0,1,0,0,0,0,1,1,0,0,0,1,0,0,0,0,0,1,0,0,1,1,0,0,0,0,0,265369.875,260000.0
2864,0,3,3,1,0.0,1.0,3,1,0,2,1,5,0,0,0,1,1,0,1,0,0,0,0,0,1,0,0,0,0,1,1,0,0,0,1,0,0,0,0,1,1,0,0,0,1,0,0,0,0,0,917.2283935546875,975.0
2687,0,3,2,1,0.0,1.0,2,1,1,1,0,3,0,0,0,1,1,0,1,0,0,0,0,0,1,0,0,0,0,1,1,0,0,0,1,0,0,0,0,0,1,0,0,1,1,0,0,0,0,0,959.5057373046875,750.0
2763,1,7,1,1,0.0,0.0,3,1,1,2,1,5,0,0,0,0,1,0,0,0,0,0,0,0,0,1,0,0,0,0,0,0,0,0,1,0,0,0,0,1,1,0,0,0,1,0,0,0,0,0,239885.796875,240000.0
2703,1,4,2,1,0.0,0.0,2,1,1,1,1,4,0,0,0,1,0,0,1,0,0,0,0,0,1,0,1,0,0,1,0,0,0,0,0,0,0,0,0,1,1,0,0,0,1,0,0,0,0,0,240782.671875,250000.0
2819,1,4,2,1,0.0,0.0,3,1,1,1,1,5,0,0,0,1,1,0,1,0,0,0,0,0,1,0,0,1,1,0,0,0,0,0,1,0,0,0,0,0,1,0,0,1,1,0,0,0,0,0,302549.53125,300000.0
767,1,7,1,1,0.0,4.0,3,1,1,1,1,3,0,0,0,1,0,0,1,0,0,1,0,0,0,0,0,1,1,0,1,0,0,0,1,0,0,0,0,1,1,0,0,0,1,0,0,0,0,0,198774.546875,200000.0
4010,1,7,1,4,0.0,1.0,2,1,0,1,1,1,0,0,0,0,0,1,1,0,0,1,0,0,1,0,1,1,0,0,0,0,1,0,0,0,0,0,0,0,0,0,0,0,1,0,0,0,0,0,178948.578125,175000.0
4012,1,6,3,1,0.0,0.0,4,1,1,1,2,1,0,0,0,1,0,0,1,0,0,0,0,0,1,0,1,0,1,0,0,0,1,0,0,0,0,0,0,0,1,0,0,0,0,0,1,0,0,0,293257.25,300000.0
4490,0,3,0,1,0.0,1.0,1,1,1,1,0,0,0,0,0,0,0,0,0,0,0,0,0,0,0,0,0,0,0,0,0,0,0,0,1,0,0,0,0,0,1,0,0,0,1,0,0,0,0,0,589.5838623046875,440.0
4648,0,3,0,1,0.0,4.0,3,1,0,1,1,4,0,0,0,0,0,0,0,0,0,0,0,0,1,0,0,1,1,0,0,0,1,0,1,0,0,0,0,0,0,0,0,0,1,0,0,0,0,0,565.3807373046875,550.0
4504,1,7,1,1,0.0,0.0,3,1,1,2,1,4,0,0,0,0,0,0,0,0,0,0,0,0,1,0,0,0,1,0,1,0,1,0,1,0,0,0,0,0,1,0,0,0,1,0,0,0,0,0,152031.546875,150000.0
4611,0,3,0,1,0.0,3.0,2,1,0,2,1,2,0,0,0,1,0,0,1,0,0,0,0,0,1,0,0,0,1,0,1,0,1,0,1,0,0,0,0,0,1,0,0,0,1,0,0,0,0,0,497.0165100097656,575.0
4647,0,3,0,1,0.0,1.0,2,1,1,1,1,2,0,0,0,0,0,0,0,1,0,0,0,0,1,0,0,0,1,0,1,0,0,0,1,0,0,0,0,0,1,0,0,0,1,0,0,0,0,0,568.6912841796875,460.0
4652,0,3,0,1,0.0,1.0,1,1,0,1,1,2,0,0,0,0,0,0,0,0,0,0,0,0,0,0,0,0,0,0,0,0,0,0,1,0,0,0,0,0,1,0,1,0,0,1,0,0,0,0,843.2733154296875,470.0
4526,0,3,0,1,0.0,2.0,3,1,0,1,1,1,0,0,0,0,0,0,0,1,0,0,0,0,1,0,1,0,0,0,1,0,0,0,1,0,0,0,0,0,1,0,0,0,1,0,0,0,0,0,537.9520263671875,510.0
4650,0,3,0,1,0.0,1.0,2,1,0,2,1,0,0,0,0,0,0,1,1,0,0,0,0,1,0,0,0,0,0,0,0,0,0,0,1,0,0,0,0,0,1,0,0,0,1,0,0,0,0,0,170.22061157226562,385.0
4539,1,4,0,1,0.0,2.0,3,1,1,1,1,2,0,0,0,0,0,0,0,1,0,0,0,0,1,0,1,0,1,0,0,0,1,0,0,0,0,0,0,0,1,0,0,0,1,0,0,0,0,0,108911.9296875,110000.0
4693,0,3,1,1,0.0,0.0,2,1,1,1,1,2,0,0,0,0,0,0,0,1,0,0,0,0,1,0,1,0,1,0,0,0,0,0,1,0,0,0,0,0,1,0,0,0,1,0,0,0,0,0,665.2713623046875,600.0
4708,0,3,0,1,0.0,2.0,3,1,0,1,1,3,0,0,0,1,0,0,1,0,0,0,0,0,1,0,0,0,0,0,0,0,0,0,1,0,0,0,0,0,0,0,0,0,0,0,0,0,0,0,605.2274169921875,575.0
4642,0,3,1,1,0.0,2.0,2,1,0,2,1,3,0,0,0,0,0,0,1,0,0,1,1,0,1,0,1,0,0,0,0,0,1,0,0,0,0,0,0,0,1,0,0,0,1,0,0,0,0,0,677.8748779296875,575.0
4621,0,3,0,1,0.0,1.0,1,1,0,1,1,1,0,0,0,0,0,0,0,1,0,0,0,0,1,0,0,0,1,0,0,0,0,0,0,0,0,0,0,0,0,0,1,0,0,1,0,0,0,0,0.0,450.0
4594,1,4,3,1,0.0,4.0,3,1,0,2,1,5,0,0,0,1,1,0,1,0,0,0,0,0,1,0,0,1,0,0,1,0,0,0,1,0,0,0,0,0,1,0,0,0,1,0,0,0,0,0,217054.484375,210000.0
4559,1,7,1,1,0.0,1.0,2,1,0,1,1,3,0,0,0,0,0,0,0,1,0,0,0,0,0,0,0,0,1,0,1,0,1,0,1,0,0,0,0,0,1,0,0,0,1,0,0,0,0,0,144144.390625,135000.0
4488,1,4,2,1,0.0,2.0,3,1,1,2,1,2,1,0,0,0,0,0,1,0,0,0,0,1,1,0,1,0,1,0,0,0,1,0,1,0,0,0,0,0,1,0,0,0,1,0,0,0,0,0,146055.859375,145000.0
624,0,3,4,1,0.0,4.0,4,1,0,1,1,3,0,0,0,1,1,0,1,0,0,0,0,0,1,0,0,0,0,0,0,0,0,0,1,0,0,0,0,0,1,0,0,0,1,0,0,1,0,0,1551.2518310546875,990.0
4663,0,3,0,1,0.0,4.0,2,1,1,1,1,1,0,0,0,0,0,0,0,1,0,0,0,0,1,0,1,0,1,0,0,0,0,0,1,0,0,0,0,0,0,0,0,0,1,0,0,0,0,0,406.1229553222656,450.0
4692,0,3,1,1,0.0,1.0,2,1,0,1,1,2,0,0,0,1,0,0,1,0,0,1,0,0,1,0,1,0,1,0,0,0,1,0,1,0,0,0,0,0,1,0,0,0,1,0,0,0,0,0,480.3319396972656,540.0
4618,0,3,1,1,0.0,1.0,2,1,1,1,1,1,0,0,0,1,0,0,1,0,0,0,0,0,1,0,0,0,1,0,1,0,0,0,1,0,0,0,0,0,1,0,0,0,1,0,0,0,0,0,487.2743225097656,575.0
4592,1,7,0,1,0.0,1.0,3,1,0,1,1,3,0,0,0,0,0,0,0,1,0,0,0,0,1,0,1,1,0,0,0,0,0,0,1,0,0,0,0,0,1,0,0,0,1,0,0,0,0,0,115699.1640625,115000.0
4503,1,2,0,2,0.0,0.0,3,1,0,2,1,3,0,0,0,1,0,0,1,0,0,0,0,0,1,0,0,0,1,0,0,0,1,0,1,0,0,0,0,0,1,0,0,0,1,0,0,0,0,0,59312.44140625,60000.0
4556,1,7,1,1,0.0,0.0,1,1,0,1,1,1,1,0,0,0,0,0,1,0,0,0,0,1,0,0,0,0,0,0,0,0,0,0,1,0,0,0,0,0,1,0,0,0,1,0,0,0,0,0,108292.9296875,110000.0
4532,1,4,3,1,0.0,0.0,2,1,1,1,1,4,0,0,0,1,1,0,1,0,0,0,0,0,1,0,0,0,1,0,1,0,0,0,1,0,0,0,0,0,1,0,0,0,1,0,0,0,0,0,255671.5625,250000.0
625,0,3,0,1,0.0,2.0,2,1,0,1,1,1,0,0,0,0,0,0,1,0,0,0,0,1,1,0,1,0,1,0,0,0,1,0,1,0,0,0,0,0,1,0,0,0,1,0,0,0,0,0,418.8885803222656,495.0
4501,0,3,0,1,0.0,7.0,1,1,0,1,1,0,1,0,0,0,0,0,1,0,0,0,1,0,0,0,0,0,0,0,0,0,0,0,1,0,0,0,0,0,1,0,0,0,1,0,0,0,0,0,378.7577209472656,425.0
4654,0,3,0,1,0.0,3.0,2,1,1,1,1,2,0,0,0,0,0,0,0,1,0,0,0,0,1,0,0,1,1,0,0,0,0,0,1,0,0,0,0,0,1,0,1,0,0,0,0,0,0,0,408.6112365722656,375.0
4495,0,3,0,1,0.0,3.0,1,1,1,0,0,1,0,0,0,0,0,0,0,1,0,0,0,0,0,0,0,0,0,0,0,0,0,0,1,0,0,0,0,0,1,0,0,0,1,0,0,0,0,0,618.9979248046875,425.0
4699,0,3,0,1,0.0,1.0,2,1,1,1,1,1,0,0,0,0,0,0,0,0,0,0,0,0,0,0,0,0,0,0,0,0,1,0,1,0,0,0,0,0,0,0,0,0,1,0,0,0,0,0,500.0995178222656,450.0
4493,0,3,0,1,0.0,3.0,1,0,1,0,0,1,1,0,0,0,0,0,1,0,0,0,0,1,0,0,0,0,0,0,0,0,0,0,1,0,0,0,0,0,1,1,0,0,1,0,0,0,0,0,622.8865966796875,625.0
4573,0,3,1,1,0.0,1.0,3,1,0,2,1,4,0,0,0,1,0,0,1,0,0,0,0,0,0,0,0,0,1,0,1,1,1,0,1,0,0,0,0,0,1,0,0,0,1,0,0,0,0,0,0.0,600.0
4640,0,3,0,1,0.0,1.0,1,0,1,1,0,0,0,0,0,0,0,0,0,0,0,0,0,0,0,0,0,0,0,0,0,0,0,0,1,0,0,0,0,0,0,0,1,0,0,0,0,0,0,0,580.2596435546875,425.0
4496,0,3,0,1,0.0,1.0,2,1,1,1,1,1,0,0,0,0,0,0,0,1,0,0,0,0,1,0,0,0,1,0,1,0,0,0,1,0,0,0,0,0,0,0,0,0,1,0,0,0,0,0,624.0213623046875,425.0
4556,0,3,1,1,0.0,1.0,1,1,0,1,1,1,1,0,0,0,0,0,1,0,0,0,0,1,0,0,0,0,0,0,0,0,0,0,1,0,0,0,0,0,1,0,0,0,1,0,0,0,0,0,519.2108154296875,475.0
4667,1,4,1,1,0.0,3.0,2,1,1,1,1,3,0,0,0,1,1,0,1,0,0,0,0,0,1,0,0,0,1,0,1,0,0,0,1,0,0,0,0,0,1,0,0,0,1,0,0,0,0,0,99475.0625,100000.0
4720,1,2,1,4,0.0,0.0,2,1,1,2,0,3,0,0,0,1,1,0,1,0,0,0,0,0,1,0,0,0,1,0,1,0,1,0,1,0,0,0,0,0,0,0,1,0,0,0,0,0,0,0,109181.3984375,110000.0
4596,1,4,0,2,0.0,6.0,4,1,2,2,0,2,0,0,0,1,0,0,1,1,0,0,0,0,1,0,1,0,0,0,1,0,0,0,1,0,0,0,0,0,1,0,0,0,1,0,0,0,0,0,65009.65625,65000.0
4571,1,7,1,1,0.0,1.0,2,1,1,1,1,2,0,0,0,1,0,0,1,0,0,0,0,0,1,0,1,1,0,0,0,0,1,0,1,0,0,0,0,0,1,0,0,0,1,0,0,0,0,0,148898.296875,150000.0
4706,0,3,0,1,0.0,2.0,1,1,0,1,1,2,0,0,0,1,0,0,1,1,0,0,0,0,1,0,0,1,1,0,0,0,1,0,0,0,0,0,0,0,1,0,0,0,1,0,0,0,0,0,542.0467529296875,495.0
4659,0,3,0,1,0.0,2.0,1,1,0,1,1,0,0,0,0,0,0,0,0,1,0,0,0,0,0,0,0,0,0,0,0,0,0,0,1,0,0,0,0,0,0,0,1,0,0,0,0,0,0,0,466.7088928222656,375.0
4727,1,4,2,3,0.0,1.0,3,1,1,2,1,5,0,0,0,0,1,0,0,1,0,1,0,0,1,0,0,1,1,0,0,0,0,0,1,0,0,0,0,0,1,0,0,0,1,0,0,0,0,0,185530.390625,190000.0
4525,0,3,0,1,0.0,1.0,2,1,1,1,1,0,0,0,0,0,0,0,0,1,0,0,0,0,0,0,0,0,0,0,0,0,0,0,1,0,0,0,0,0,1,0,1,0,0,0,0,0,0,0,418.8788146972656,385.0
4531,0,3,1,1,0.0,2.0,3,1,1,1,1,1,0,0,0,0,0,0,0,1,0,0,0,0,1,0,0,0,1,0,1,0,0,0,1,0,0,0,0,0,1,0,0,0,1,0,0,0,0,0,740.7615966796875,540.0
4644,1,7,0,3,0.0,2.0,2,1,1,1,0,1,0,0,0,0,0,0,0,1,0,0,0,0,1,0,1,0,0,0,1,0,1,0,1,0,0,0,0,0,1,0,0,0,1,0,0,0,0,0,74489.203125,75000.0
4497,0,3,0,1,0.0,1.0,1,1,0,0,1,1,0,0,0,0,0,0,0,0,0,0,0,0,0,1,0,0,1,0,1,0,0,0,1,0,0,0,0,0,1,0,0,0,1,0,0,0,0,0,391.9198303222656,415.0
4665,0,3,0,1,0.0,1.0,2,1,1,1,1,3,0,0,0,0,0,0,0,1,0,0,0,0,1,0,0,0,1,0,0,0,1,0,0,0,0,0,0,0,1,0,0,0,1,0,0,0,0,0,554.0057373046875,440.0
4563,1,4,1,1,0.0,2.0,4,1,1,1,1,3,0,0,0,0,0,0,0,1,0,0,0,0,1,0,0,0,1,0,1,0,1,0,1,0,0,0,0,0,1,0,0,0,1,0,0,0,0,0,132700.296875,130000.0
4691,0,3,0,1,0.0,3.0,2,1,1,1,1,1,0,0,0,0,0,0,0,0,0,0,0,0,1,0,1,0,1,0,0,0,0,0,1,0,0,0,0,0,1,0,0,1,1,0,0,0,0,0,693.2479248046875,525.0
4673,1,4,0,4,0.0,2.0,2,1,1,1,1,2,0,0,0,0,0,0,0,0,0,0,0,0,1,0,1,1,0,0,0,0,0,0,1,0,0,0,0,0,1,0,0,0,1,0,0,0,0,0,79431.9453125,80000.0
627,1,2,6,1,0.0,0.0,6,1,1,2,1,7,0,0,0,1,1,0,1,0,0,0,0,0,0,0,0,0,1,1,0,1,1,0,0,0,0,0,0,0,1,0,0,0,0,0,1,0,0,0,657673.0625,675000.0
4729,1,4,3,1,0.0,1.0,2,1,0,1,1,4,0,0,0,1,1,0,1,0,0,0,0,0,1,0,0,0,1,0,1,0,0,0,1,0,0,0,0,0,0,0,0,0,1,0,0,0,0,0,180393.296875,175000.0
4651,1,7,0,1,0.0,1.0,3,1,0,2,1,3,0,0,0,0,0,0,0,1,0,0,0,0,1,0,1,0,1,0,0,0,1,0,1,0,0,0,0,0,1,0,0,0,1,0,0,0,0,0,93329.6640625,90000.0
4655,0,3,0,1,0.0,1.0,2,1,1,1,1,1,0,0,0,0,0,0,0,1,0,0,0,0,0,0,0,0,1,0,1,0,0,0,1,0,0,0,0,0,1,0,0,0,1,0,0,0,0,0,646.5858154296875,430.0
4709,0,3,0,1,0.0,3.0,2,1,1,1,1,3,0,0,0,0,0,0,1,0,0,0,1,0,0,0,0,1,0,0,0,0,0,0,1,0,0,0,0,0,0,0,0,0,1,0,0,0,0,0,274.4764709472656,490.0
4695,0,3,0,1,0.0,2.0,2,1,1,1,1,2,0,0,0,0,0,0,0,1,0,0,0,0,1,0,0,0,1,0,1,0,1,0,1,0,0,0,0,0,1,0,0,0,1,0,0,0,0,0,525.6658935546875,450.0
4646,1,4,2,4,0.0,1.0,2,1,1,1,1,5,0,0,0,1,1,0,1,0,0,0,0,0,1,0,0,1,1,0,0,0,0,0,1,0,0,0,0,0,1,0,1,0,0,0,0,0,0,1,247261.859375,160000.0
4716,0,3,2,1,0.0,1.0,3,1,0,1,1,7,0,0,0,1,1,0,1,0,0,0,0,0,1,0,0,1,1,0,0,0,1,0,0,0,0,0,0,0,1,0,0,0,0,0,1,0,0,0,0.0,640.0
4557,0,3,2,1,0.0,1.0,2,1,1,1,1,1,0,0,0,0,0,0,1,0,0,0,1,1,0,1,0,0,0,0,0,0,1,0,0,0,0,0,0,0,1,0,1,0,0,0,0,0,0,0,0.0,625.0
4537,1,4,0,1,0.0,1.0,1,1,0,1,1,1,0,0,0,0,0,1,1,0,0,0,0,1,0,1,0,0,1,0,0,0,1,0,0,0,0,0,0,0,1,0,1,0,0,0,0,0,0,0,74211.3984375,80000.0
4621,0,3,0,1,0.0,2.0,0,1,1,1,0,0,0,0,0,0,0,0,0,0,0,0,0,0,0,0,0,0,0,0,0,0,0,0,1,0,0,0,0,0,1,0,1,0,0,0,0,0,0,0,454.5604553222656,367.0
5271,1,7,2,1,0.0,0.0,3,1,0,1,1,6,0,0,0,0,1,0,1,1,0,0,0,0,1,0,0,1,1,0,0,0,1,0,0,0,0,0,0,1,1,0,0,0,0,0,0,0,0,0,260771.296875,259000.0
5281,1,5,0,1,0.0,1.0,2,1,1,1,0,2,0,0,0,0,0,0,0,1,0,0,0,0,0,0,0,1,0,0,1,0,0,0,1,0,0,0,0,0,0,0,0,0,1,0,0,0,0,0,108365.9921875,110000.0
5261,1,6,1,1,0.0,1.0,3,1,1,1,1,0,0,0,0,1,0,0,1,0,0,0,0,0,0,0,0,0,0,1,1,0,1,0,0,0,0,0,0,0,1,0,0,0,1,0,0,1,0,0,92501.0703125,90000.0
5198,1,5,1,1,0.0,2.0,2,1,1,1,0,2,0,0,0,0,0,0,0,0,0,0,0,1,0,1,1,0,0,0,0,0,1,0,0,0,0,0,0,1,1,0,0,0,0,0,0,0,0,0,100058.0078125,100000.0
5306,1,7,2,1,0.0,1.0,3,1,1,1,1,3,0,0,0,1,0,0,1,0,0,0,0,0,1,0,0,1,0,0,1,0,1,0,0,0,0,0,0,0,1,0,0,0,1,0,0,0,0,0,183692.859375,180000.0
5291,1,4,3,1,0.0,4.0,4,1,1,2,1,6,0,0,0,1,1,0,1,0,0,0,0,0,1,0,0,0,1,0,1,0,0,0,1,0,0,0,0,0,1,0,0,0,1,0,0,0,0,0,269796.8125,270000.0
5290,1,2,2,3,0.0,1.0,3,1,1,2,1,3,0,0,0,1,1,1,0,0,0,0,0,0,0,0,0,1,0,0,1,0,1,0,1,0,0,0,0,0,1,0,0,0,1,0,0,0,0,0,186174.171875,185000.0
5275,1,7,3,1,0.0,2.0,4,1,1,2,0,5,0,0,0,1,0,0,1,0,0,0,0,0,1,0,0,0,0,0,1,0,0,0,1,0,0,0,0,0,1,0,0,0,1,0,0,0,0,0,326232.46875,249000.0
5266,1,2,0,3,0.0,2.0,2,1,1,2,0,5,0,0,0,1,0,1,0,0,0,0,0,0,0,0,0,1,0,0,1,0,0,0,1,0,0,0,0,0,1,0,0,0,1,0,0,0,0,0,146408.1875,145000.0
5245,1,6,2,1,0.0,1.0,3,1,0,1,1,3,0,0,0,1,1,0,0,0,0,0,0,0,1,0,0,1,0,0,0,0,1,0,1,0,0,0,0,0,0,0,0,0,1,0,0,0,0,0,205478.671875,185000.0
5269,1,7,0,1,0.0,1.0,2,1,1,1,0,1,0,0,0,0,0,0,0,1,0,0,0,0,1,0,0,0,0,0,1,0,0,0,1,0,0,0,0,0,1,0,0,0,1,0,0,0,0,0,115801.1953125,115000.0
5291,1,7,3,1,0.0,1.0,4,1,1,1,1,4,0,0,0,1,1,0,0,0,0,0,0,0,0,0,0,0,0,0,1,0,0,0,1,0,0,0,0,0,1,0,0,0,1,0,0,0,0,0,273870.4375,270000.0
5247,1,7,1,1,0.0,1.0,2,1,2,1,1,1,0,0,0,1,0,0,0,0,0,0,0,0,0,0,1,1,0,0,1,0,1,0,1,0,0,0,0,0,1,0,0,0,1,0,0,0,0,0,131345.71875,130000.0
5269,1,4,0,1,0.0,1.0,2,1,1,1,0,1,0,0,0,0,0,0,0,1,0,0,0,0,1,0,1,0,0,0,1,0,1,0,1,0,0,0,0,0,1,0,0,0,1,0,0,0,0,0,99862.1015625,100000.0
5202,1,7,4,1,0.0,1.0,5,1,1,1,1,8,0,0,0,0,1,1,1,0,0,0,0,0,0,0,1,0,0,0,1,0,0,0,1,0,0,0,0,0,1,0,0,0,1,0,0,0,0,0,421353.75,410000.0
709,0,3,1,1,0.0,4.0,2,1,0,1,0,2,0,0,0,1,0,0,0,0,0,0,0,0,0,0,0,1,0,0,1,0,0,0,0,0,0,0,0,1,0,0,0,0,1,0,0,0,0,0,1069.2069091796875,1200.0
755,1,6,2,1,0.0,6.0,3,1,0,1,0,3,0,0,0,1,0,0,0,0,0,0,0,0,0,0,0,0,0,1,0,0,0,0,0,0,0,0,0,0,1,0,0,0,1,0,0,0,0,0,315765.03125,325000.0
589,1,4,1,3,0.0,5.0,3,1,1,1,0,1,0,0,0,0,0,0,0,1,0,0,0,0,1,0,0,1,0,0,0,0,0,0,0,0,0,0,0,0,1,0,0,0,1,0,0,0,0,0,210357.703125,170000.0
587,1,4,0,3,0.0,2.0,1,1,1,1,0,1,0,0,0,0,0,0,0,1,0,0,0,0,0,1,0,1,0,0,1,0,1,0,0,0,0,0,0,0,1,0,0,0,1,0,0,0,0,0,74420.1484375,75000.0
571,1,4,0,3,0.0,4.0,1,1,0,1,0,2,0,1,0,0,0,0,0,0,0,0,0,0,0,1,0,1,0,0,1,0,0,0,1,0,0,0,0,0,1,0,0,0,1,0,0,0,0,0,86324.4609375,85000.0
564,1,4,0,3,0.0,5.0,1,1,1,0,0,2,0,0,0,0,0,0,0,1,0,0,0,0,1,1,0,1,0,0,0,0,0,0,0,0,0,0,0,0,1,0,0,0,1,0,0,0,0,0,132190.046875,130000.0
726,1,2,4,1,0.0,1.0,4,1,0,2,1,6,0,0,0,1,0,0,0,0,0,0,0,0,0,0,0,0,0,0,1,0,0,0,0,0,0,0,0,0,1,0,0,0,1,0,0,0,0,0,546947.0,550000.0
662,0,3,3,1,0.0,2.0,2,1,0,0,1,4,0,0,0,0,0,0,0,1,0,0,0,0,1,0,0,1,0,0,1,0,0,0,1,0,0,0,0,1,1,0,0,0,1,0,0,0,0,0,609.9315185546875,1250.0
641,0,3,1,1,0.0,2.0,1,1,0,1,0,2,0,0,0,0,0,0,0,0,0,0,0,0,0,0,0,0,0,0,0,0,0,0,0,0,0,0,0,0,1,0,1,0,0,0,0,0,0,0,941.9119873046875,775.0
713,1,4,4,1,0.0,0.0,3,1,0,1,1,4,0,0,1,0,0,0,1,0,0,1,0,0,0,0,0,0,0,0,1,0,0,0,0,0,0,0,0,0,1,0,0,0,1,0,0,0,0,0,403972.90625,400000.0
585,1,4,1,3,0.0,3.0,2,1,1,1,0,2,0,0,0,0,0,0,0,1,0,0,0,0,1,0,0,1,0,0,0,0,0,0,1,0,0,0,0,0,1,0,0,0,1,0,0,0,0,0,175506.046875,170000.0
570,1,4,1,4,0.0,2.0,3,1,1,1,0,2,0,0,0,1,0,0,0,0,0,0,0,0,1,0,0,1,0,0,0,0,0,0,1,0,0,0,0,0,1,0,0,0,1,0,0,0,0,0,176100.703125,170000.0
683,0,3,2,1,0.0,1.0,2,1,0,0,1,4,0,0,0,0,0,0,0,1,0,0,0,0,0,0,0,0,0,0,1,0,0,0,0,0,0,0,0,0,1,0,0,0,1,0,0,0,0,0,889.8221435546875,1000.0
654,0,3,2,1,0.0,2.0,2,1,0,1,0,2,0,0,0,0,0,0,0,1,0,0,0,0,1,0,0,0,0,0,0,0,0,0,0,0,0,0,0,0,0,0,1,0,0,0,0,0,0,0,1190.3651123046875,1000.0
643,1,4,3,2,0.0,5.0,3,1,0,2,1,4,0,0,0,1,0,0,0,1,0,0,0,0,0,0,0,0,0,0,1,0,0,0,0,0,0,0,0,0,1,0,0,0,1,0,0,0,0,0,302706.3125,300000.0
706,1,4,2,1,0.0,1.0,2,1,0,1,1,0,0,0,0,0,0,0,0,1,0,0,0,0,0,0,0,0,0,0,1,0,0,0,0,0,0,0,0,0,1,0,0,0,1,0,0,0,0,0,263855.0625,260000.0
734,0,3,3,1,0.0,1.0,2,1,0,1,1,2,0,0,0,1,0,0,0,0,0,0,0,0,0,0,0,1,0,0,1,0,0,0,0,0,0,0,0,0,0,0,0,0,0,0,0,0,0,0,964.0252685546875,1300.0
753,1,4,3,1,0.0,0.0,4,1,0,2,0,4,1,0,0,0,0,0,0,0,0,0,0,0,1,0,0,1,0,0,0,0,0,0,0,0,0,0,0,0,1,0,0,0,1,0,0,0,0,0,429617.6875,425000.0
571,1,4,0,3,0.0,1.0,1,1,1,0,0,2,0,1,0,0,0,0,0,0,0,0,0,0,1,1,0,0,0,0,0,0,1,0,0,0,0,0,0,1,1,0,0,0,0,0,0,0,0,0,94385.5078125,90000.0
711,0,3,1,1,0.0,1.0,2,1,0,1,0,2,0,0,0,0,0,0,1,0,0,0,0,0,1,0,0,0,0,0,1,0,0,0,0,0,0,0,0,0,1,0,0,0,1,0,0,0,0,0,933.1033935546875,1125.0
735,1,2,2,1,0.0,0.0,2,1,1,0,0,3,0,0,0,0,1,0,0,0,0,0,0,0,0,0,0,0,0,0,0,0,0,0,0,0,0,0,0,0,0,0,0,0,1,0,0,0,0,0,250070.046875,250000.0
689,1,4,4,1,0.0,2.0,3,1,0,2,1,3,0,0,0,1,1,0,1,0,0,0,0,0,1,0,0,0,0,1,1,0,1,0,0,0,0,0,0,0,1,0,0,0,1,0,0,0,0,0,498359.8125,500000.0
734,0,3,3,1,0.0,0.0,2,1,0,1,1,2,0,0,0,1,0,0,0,0,0,0,0,0,0,0,0,1,0,0,1,0,0,0,0,0,0,0,0,0,0,0,0,0,0,0,0,0,0,0,943.8690185546875,1300.0
5071,1,4,5,1,0.0,0.0,5,1,0,1,1,7,0,0,0,1,1,0,0,0,0,0,0,0,1,0,0,0,0,1,1,0,0,0,0,0,0,0,0,0,1,0,0,0,1,0,0,0,0,0,682971.75,675000.0
710,1,4,4,1,0.0,1.0,4,1,0,1,1,5,0,0,0,1,0,0,0,0,0,0,0,0,1,0,0,0,0,1,1,0,0,0,0,0,0,0,0,0,1,0,0,0,1,0,0,0,0,0,505156.8125,500000.0
5072,1,2,4,1,0.0,0.0,4,1,0,1,1,6,0,0,0,1,0,0,1,0,0,0,0,0,0,0,1,0,1,0,1,0,1,0,0,0,0,0,0,0,1,0,0,0,1,0,0,0,0,0,537841.1875,550000.0
1113,0,3,1,1,0.0,1.0,2,1,1,1,0,1,0,0,0,1,0,0,1,0,0,1,0,0,1,0,1,0,0,0,1,0,0,0,1,0,0,0,0,1,1,0,0,0,1,0,0,0,0,0,813.4197998046875,765.0
1090,0,3,3,1,0.0,1.0,1,1,1,1,0,1,1,0,0,0,0,0,1,0,0,1,0,0,0,1,0,0,0,0,0,0,0,0,1,0,0,0,0,1,0,0,0,1,1,0,0,0,0,0,1140.5526123046875,950.0
1111,1,2,3,1,0.0,0.0,3,1,1,1,1,6,0,0,0,1,1,0,0,0,0,1,0,0,1,0,1,0,1,0,0,0,0,0,1,0,0,0,0,0,1,0,0,1,1,0,0,0,0,0,320069.25,320000.0
1104,0,3,1,1,0.0,6.0,4,1,1,1,0,1,0,0,0,0,0,0,0,0,0,0,0,0,1,0,1,0,0,0,1,0,0,0,1,0,0,0,0,0,0,0,0,0,1,0,0,0,0,0,856.3299560546875,800.0
1168,0,3,3,1,0.0,1.0,3,1,0,1,1,1,0,0,0,0,1,0,0,0,0,0,0,1,0,1,0,0,0,0,0,0,0,1,0,1,0,0,0,1,1,0,0,1,0,0,0,0,0,0,1045.5115966796875,875.0
1121,0,3,4,1,0.0,1.0,5,1,1,2,1,2,0,0,0,1,0,0,1,0,0,1,0,0,1,0,1,0,0,1,0,0,0,0,1,0,0,0,0,0,1,0,0,0,1,0,0,0,0,1,1578.8026123046875,1995.0
1123,0,3,1,1,0.0,1.0,2,1,1,1,0,0,1,0,0,1,0,0,1,0,0,0,0,0,0,0,0,0,0,0,0,0,0,0,1,0,0,0,0,1,0,0,0,1,1,0,0,0,0,0,701.1854248046875,750.0
1098,0,3,0,1,0.0,0.0,5,1,1,1,0,3,0,0,0,0,0,0,0,0,1,0,0,0,0,0,0,0,1,1,1,0,0,0,1,0,0,0,0,1,1,0,0,1,0,0,0,0,0,0,1639.3455810546875,1980.0
1133,0,3,2,1,0.0,5.0,3,1,1,0,0,4,0,0,0,1,0,0,1,0,0,1,0,0,0,0,1,0,0,1,1,0,0,0,1,0,0,0,0,1,0,0,0,0,1,0,0,0,0,0,877.5213623046875,895.0
1165,1,2,1,1,0.0,4.0,2,1,1,1,1,1,1,0,0,0,0,0,0,0,0,1,0,1,0,0,0,0,0,0,0,0,0,0,1,0,0,0,0,0,1,0,0,1,1,0,0,0,0,0,208513.734375,210000.0
1092,0,3,0,1,0.0,1.0,1,1,1,1,1,0,0,0,0,0,0,0,0,1,1,0,0,0,0,0,0,0,1,0,0,0,1,0,0,0,0,0,0,1,0,0,0,1,1,0,0,0,0,0,943.7908935546875,625.0
1103,0,3,1,1,0.0,1.0,2,1,1,0,1,2,0,0,0,0,0,0,0,0,1,0,0,0,1,0,0,0,1,1,0,0,0,0,1,0,0,0,0,1,1,0,0,1,0,0,0,0,0,0,1534.6932373046875,795.0
1123,0,3,1,1,0.0,1.0,2,1,1,1,0,2,1,0,0,1,0,0,1,0,0,0,0,0,0,0,0,0,0,0,0,0,0,0,1,0,0,0,0,0,1,0,0,1,1,0,0,0,0,0,867.1815185546875,775.0
1104,0,3,1,1,0.0,0.0,4,1,1,1,0,1,0,0,0,0,0,0,0,0,0,0,0,0,1,0,1,0,0,0,1,0,0,0,1,0,0,0,0,0,0,0,0,0,1,0,0,0,0,0,829.7967529296875,800.0
1104,0,3,1,1,0.0,2.0,4,1,1,1,0,1,0,0,0,0,0,0,0,0,0,0,0,0,1,0,1,0,0,0,1,0,0,0,1,0,0,0,0,0,0,0,0,0,1,0,0,0,0,0,870.8416748046875,800.0
1141,1,7,3,4,0.0,3.0,6,1,1,2,0,6,0,0,0,0,0,0,0,0,0,0,0,0,0,0,1,0,1,0,0,0,0,0,1,0,0,0,0,0,0,0,0,1,1,0,0,0,0,0,457911.34375,550000.0
1165,1,2,1,1,0.0,7.0,2,1,0,1,1,1,1,0,0,0,0,0,0,0,0,1,0,1,0,0,0,0,0,0,0,0,0,0,1,0,0,0,0,0,1,0,0,1,1,0,0,0,0,0,223855.859375,225000.0
1160,0,3,2,1,0.0,2.0,3,1,0,1,1,2,1,0,0,0,0,0,0,0,0,1,0,1,1,0,1,0,1,0,0,0,0,0,1,0,0,0,0,1,1,0,0,1,0,0,0,0,0,0,1341.6541748046875,850.0
1124,1,2,2,1,0.0,4.0,2,1,0,1,1,6,0,0,0,1,0,1,1,0,0,0,0,0,1,0,1,0,0,0,1,0,1,0,0,0,0,0,0,1,1,0,0,0,1,0,0,0,0,0,281776.3125,275000.0
1099,0,3,3,1,0.0,1.0,3,1,0,1,0,5,0,0,0,1,1,0,1,0,0,0,0,0,1,0,1,0,1,0,0,0,0,0,1,0,0,0,0,1,1,0,0,1,0,0,0,0,0,0,1569.4002685546875,1200.0
1095,0,3,0,1,0.0,1.0,1,1,0,1,1,0,1,0,0,0,0,0,1,0,0,1,0,0,0,1,0,0,0,0,1,0,0,0,1,0,0,0,0,0,0,0,0,1,1,0,0,0,0,0,672.6971435546875,725.0
1137,0,3,0,1,0.0,0.0,2,1,1,0,1,1,1,0,0,0,0,0,1,0,0,1,0,0,0,0,0,0,0,0,0,0,0,0,1,0,0,0,0,1,0,0,0,1,1,0,0,0,0,0,1081.0877685546875,675.0
4132,1,4,2,1,0.0,0.0,1,1,1,1,0,3,1,0,0,0,0,0,1,0,0,0,0,0,1,0,0,0,0,1,1,0,0,0,0,0,0,0,0,0,0,0,1,0,0,1,0,0,0,0,239371.609375,240000.0
4151,1,2,5,1,0.0,2.0,4,1,1,1,1,4,0,0,0,1,1,0,0,0,0,0,0,0,1,0,0,0,0,0,0,0,0,0,0,0,0,0,0,0,0,0,0,0,1,0,0,0,0,0,703793.625,700000.0
4096,1,4,3,1,0.0,4.0,4,1,1,2,1,3,0,0,0,0,0,1,1,0,0,1,0,0,1,0,0,0,0,1,0,0,0,0,0,0,0,0,0,0,1,0,0,0,1,0,0,0,0,0,639923.0,625000.0
4120,1,4,4,1,0.0,3.0,3,1,1,1,1,1,0,0,0,1,0,0,1,0,0,0,0,0,1,0,0,0,0,1,0,0,0,0,0,0,0,0,0,0,0,0,0,0,1,0,0,0,0,0,480464.65625,475000.0
4095,0,3,4,1,0.0,1.0,3,1,1,1,1,5,0,0,0,1,1,0,1,0,0,0,0,0,1,0,1,0,0,1,0,0,0,0,0,0,0,0,0,0,1,0,0,0,1,0,0,0,0,1,0.0,1400.0
4153,1,2,5,1,0.0,2.0,3,1,2,2,1,4,0,0,0,1,0,0,1,0,0,0,0,0,1,0,0,0,0,1,0,0,0,0,0,0,0,0,0,0,0,0,0,0,1,0,0,0,0,0,672542.5,675000.0
4098,1,4,3,1,0.0,0.0,2,1,1,1,1,1,0,0,0,0,0,0,1,0,0,0,0,0,1,0,0,0,0,0,1,0,0,0,1,0,0,0,0,0,0,0,0,0,1,0,0,0,0,0,454649.78125,450000.0
4078,1,4,4,1,0.0,7.0,3,1,1,1,1,3,0,0,0,0,1,0,1,0,0,0,0,0,1,0,0,0,0,1,0,0,0,0,0,0,0,0,0,0,0,0,0,0,1,0,0,0,0,0,454326.0,450000.0
4168,1,2,3,1,0.0,3.0,3,1,1,1,1,3,0,0,0,0,1,0,1,0,0,0,0,0,0,0,0,1,0,1,1,0,0,0,0,0,0,0,0,0,0,0,0,0,1,0,0,0,0,0,337332.09375,340000.0
4155,1,4,3,1,0.0,5.0,2,1,1,1,1,4,0,0,0,0,1,0,1,0,0,0,0,0,1,0,0,1,0,1,0,0,0,0,0,0,0,0,0,0,0,0,0,0,1,0,0,0,0,0,323185.0625,325000.0
4095,1,4,4,1,0.0,3.0,3,1,1,1,1,5,0,0,0,1,1,0,1,0,0,0,0,0,1,0,1,0,0,1,0,0,0,0,0,0,0,0,0,0,1,0,0,0,1,0,0,0,0,1,397537.5625,400000.0
5174,1,4,2,1,0.0,1.0,2,1,0,1,1,1,0,0,0,0,0,0,0,0,0,0,0,0,0,0,0,0,0,0,1,0,1,0,0,0,0,0,0,0,0,0,0,0,0,0,0,0,0,0,314512.75,320000.0
2131,0,3,3,1,0.0,1.0,2,1,1,0,1,3,1,0,0,0,0,0,1,0,0,0,0,1,1,0,0,0,1,0,0,0,0,0,1,0,0,0,0,1,1,0,0,0,1,0,0,0,0,0,1227.9100341796875,1300.0
2134,0,3,3,1,0.0,3.0,2,1,0,1,1,1,1,0,0,0,0,0,0,0,0,0,0,0,0,1,0,0,0,0,0,0,0,0,1,0,0,0,0,0,1,0,0,0,1,0,0,0,0,0,1242.8455810546875,1100.0
2146,0,3,3,1,0.0,4.0,3,1,1,1,1,2,0,0,0,1,0,0,1,0,0,0,0,0,1,0,1,0,1,0,0,0,0,0,1,0,0,0,0,0,1,0,0,0,1,0,0,0,0,0,1224.1190185546875,1400.0
2135,0,3,4,1,0.0,4.0,3,1,1,1,0,2,0,0,0,0,0,0,1,0,0,0,0,0,1,0,0,1,0,0,0,0,0,0,1,0,0,0,0,0,1,0,0,0,1,0,0,0,0,0,1662.7127685546875,1450.0
5156,1,2,3,1,0.0,1.0,2,1,1,1,1,1,0,0,0,0,1,0,1,0,1,0,0,0,1,0,0,0,0,1,0,0,0,0,1,0,0,0,0,0,1,0,0,0,1,0,0,0,0,0,354564.59375,360000.0
5152,1,2,6,1,0.0,0.0,4,1,1,1,1,4,0,0,0,1,1,0,1,0,0,0,0,0,1,0,1,1,0,0,0,0,0,0,1,0,0,0,0,1,1,0,0,0,1,0,0,0,0,0,654027.75,650000.0
5142,0,3,3,1,0.0,4.0,2,1,1,1,1,2,1,0,0,0,0,0,1,0,0,0,0,0,0,0,0,0,0,0,0,1,0,0,1,0,0,0,0,0,1,0,1,0,0,1,0,0,0,0,410.4940490722656,1250.0
1236,0,3,2,1,0.0,2.0,2,1,1,1,0,0,0,0,0,0,0,0,0,1,0,0,0,0,0,0,0,0,0,0,1,0,1,0,0,0,0,0,0,0,0,0,0,0,1,0,0,0,0,0,1127.1033935546875,1275.0
5179,1,4,2,1,0.0,1.0,2,1,0,1,0,1,1,0,0,0,0,0,0,0,0,0,0,0,0,1,0,0,0,0,0,0,0,0,0,0,0,0,0,0,0,0,0,0,1,0,0,0,0,0,291108.875,292000.0
377,1,4,1,1,0.0,5.0,2,1,1,1,1,6,0,0,0,1,0,0,0,0,0,0,0,0,1,0,0,1,0,1,0,0,0,0,1,0,0,0,0,0,1,0,0,0,1,0,0,0,0,0,143023.046875,139995.0
369,1,6,0,1,0.0,6.0,4,1,0,1,1,9,0,0,0,0,0,0,1,0,0,0,0,0,0,0,0,1,0,1,1,0,0,1,0,0,0,0,0,0,1,0,0,0,1,0,0,0,0,0,230627.015625,230000.0
5081,0,3,0,1,0.0,4.0,2,1,1,1,1,0,0,0,0,0,0,0,0,1,0,0,0,0,0,0,0,0,0,0,1,0,1,0,0,0,0,0,0,0,0,0,0,0,1,0,0,0,0,0,512.7049560546875,675.0
5083,0,3,1,1,0.0,4.0,2,1,1,1,0,0,0,0,0,1,0,0,0,0,0,0,0,0,1,0,0,1,0,0,0,0,1,0,0,0,0,0,0,0,0,0,0,0,1,0,0,0,0,0,803.1268310546875,685.0
5084,0,3,0,1,0.0,6.0,1,0,0,0,1,1,0,0,0,0,0,0,0,1,0,0,0,0,0,0,0,0,0,0,0,0,0,0,1,0,0,0,0,0,0,0,0,0,1,0,0,0,0,0,823.7908935546875,475.0
271,1,0,5,1,0.0,1.0,4,1,2,1,1,2,0,0,0,1,1,0,1,0,0,0,0,0,1,0,0,0,1,1,0,0,0,0,0,0,0,0,0,0,1,0,0,0,1,0,0,0,0,0,402178.1875,400000.0
2504,1,0,3,1,0.0,6.0,3,1,1,2,1,4,0,0,0,1,1,0,0,0,0,0,0,0,0,0,1,0,0,1,0,0,0,0,0,0,0,0,0,0,1,0,0,0,1,0,0,0,0,0,278460.8125,280000.0
2507,1,0,4,1,0.0,9.0,4,2,0,2,2,10,0,0,0,1,1,0,0,0,0,0,0,0,0,0,1,1,0,0,1,0,1,0,0,0,0,0,0,1,1,0,0,0,0,0,0,0,0,0,446353.25,450000.0
3973,0,3,3,1,0.0,1.0,3,1,1,1,1,3,0,0,0,0,0,0,0,1,0,0,0,0,1,0,0,0,0,0,0,0,0,0,1,0,0,0,0,0,1,0,0,0,1,0,0,0,0,0,928.3455810546875,1800.0
4737,0,3,0,1,0.0,0.0,1,1,1,0,0,3,0,1,0,0,0,0,0,0,0,1,0,1,1,1,0,0,0,0,0,0,0,0,1,0,0,0,0,1,0,0,0,0,0,0,0,0,0,0,925.2908935546875,1100.0
2416,0,3,2,1,0.0,9.0,2,1,0,0,0,2,0,0,0,1,0,0,0,0,0,0,0,0,1,0,0,0,0,0,0,0,0,0,0,0,1,0,0,0,1,0,0,0,1,0,0,0,0,0,1251.2537841796875,575.0
2422,1,4,2,1,0.0,3.0,3,1,2,1,1,2,0,0,0,1,0,0,0,0,0,0,0,0,1,0,0,0,0,0,0,0,0,0,1,0,0,0,0,0,1,0,0,1,0,0,0,0,0,0,275862.71875,280000.0
2270,1,4,0,1,0.0,1.0,2,1,0,1,1,1,0,0,0,0,0,0,0,1,0,0,0,0,1,0,0,0,0,0,0,0,0,0,1,0,0,0,0,1,1,0,0,0,0,0,0,0,0,0,122774.8125,120000.0
2418,0,3,1,1,0.0,2.0,2,0,0,1,1,1,1,0,0,0,0,0,0,1,0,0,0,0,0,0,0,0,0,0,0,0,0,0,1,0,0,0,0,0,0,0,1,0,0,0,0,0,0,0,839.3924560546875,650.0
1462,0,3,2,1,0.0,0.0,3,1,1,1,1,3,0,0,0,0,0,0,0,0,1,0,0,0,1,0,0,0,0,0,0,0,0,0,1,0,0,0,0,0,1,0,0,0,1,0,0,0,0,0,1100.9627685546875,1300.0
5356,0,3,2,1,0.0,6.0,4,1,1,0,1,0,0,0,0,0,0,0,0,1,1,0,0,0,0,0,0,0,0,0,0,0,0,0,1,0,0,0,0,1,0,0,0,1,1,0,0,0,0,0,1415.8240966796875,1325.0
5355,0,3,1,1,0.0,3.0,2,1,0,1,1,2,1,0,0,0,0,0,1,0,0,1,0,0,0,1,0,0,0,0,0,0,0,0,1,0,0,0,0,0,0,1,1,0,0,0,0,0,0,0,944.2030029296875,750.0
5386,0,3,1,1,0.0,4.0,2,1,0,1,1,2,0,0,0,1,0,0,0,0,0,0,0,0,1,0,0,1,0,0,0,0,0,0,1,0,0,0,0,0,1,0,0,0,1,0,0,0,0,0,509.7411193847656,750.0
5473,0,3,1,1,0.0,2.0,1,1,1,1,0,1,1,0,0,0,0,0,1,0,0,0,0,0,0,0,0,0,0,0,0,0,0,0,1,0,0,0,0,0,0,0,0,0,0,0,0,0,0,1,48.167877197265625,635.0
5474,0,3,2,1,0.0,3.0,2,1,0,1,1,4,0,0,0,1,1,0,0,0,0,1,0,0,0,1,0,0,0,0,0,0,0,0,1,0,0,0,0,0,0,0,1,0,0,0,0,0,0,0,1054.8084716796875,850.0
5350,0,3,0,1,0.0,9.0,2,1,0,1,0,2,0,0,0,0,0,0,0,1,0,0,0,0,0,0,0,0,0,0,0,0,1,0,0,0,0,0,0,0,1,0,0,0,1,0,0,0,0,0,586.8182373046875,675.0
5346,0,3,3,1,0.0,4.0,2,1,0,1,1,6,1,0,0,0,0,0,0,0,0,0,0,0,0,1,0,0,0,0,0,0,1,1,0,0,0,0,0,0,0,0,1,0,0,0,0,0,0,0,1189.3846435546875,1000.0
2490,0,3,1,1,0.0,1.0,2,1,0,1,1,3,1,0,0,0,0,0,0,0,0,0,0,0,0,1,0,0,0,0,0,0,0,0,0,0,0,0,0,0,0,0,1,0,0,0,0,0,0,0,928.5018310546875,650.0
3921,0,3,0,1,0.0,4.0,3,1,1,1,0,2,0,0,0,0,0,0,1,1,0,1,0,0,1,0,0,0,1,0,0,0,0,0,0,0,0,0,0,1,1,0,0,0,0,0,0,0,0,0,806.6444091796875,525.0
332,1,7,2,1,0.0,0.0,3,1,0,1,1,4,0,0,0,1,1,0,0,0,0,0,0,0,0,0,1,0,0,0,1,0,0,0,0,0,0,0,0,0,0,0,0,0,1,0,0,0,0,0,159790.796875,160000.0
1394,0,3,3,1,0.0,4.0,3,1,1,1,1,2,1,0,0,0,0,0,0,0,0,1,0,0,1,0,0,0,0,0,0,0,0,0,1,0,0,0,0,0,1,0,0,0,1,0,0,0,0,0,1306.2908935546875,900.0
5533,1,4,4,1,0.0,1.0,3,1,2,3,1,2,0,0,0,1,1,0,1,0,0,0,0,0,0,0,0,0,1,1,1,0,0,0,1,0,0,0,0,0,1,0,0,0,1,0,0,1,0,0,355116.46875,350000.0
1395,0,3,2,1,0.0,1.0,2,1,1,1,0,3,0,0,0,0,0,0,0,1,0,0,0,0,0,0,0,1,0,0,1,0,0,0,1,0,0,0,0,0,1,0,0,0,1,0,0,0,0,0,552.1151123046875,600.0
5532,1,6,3,1,0.0,0.0,3,1,1,1,1,1,0,0,0,1,1,0,1,0,0,0,0,0,0,0,1,0,0,1,1,0,0,0,1,0,0,0,0,0,1,0,0,0,1,0,0,0,0,0,253472.75,250000.0
5539,1,6,3,3,0.0,0.0,3,1,1,1,1,2,0,0,0,1,1,0,1,0,0,0,0,0,1,0,1,0,0,1,0,0,0,0,1,0,0,0,0,0,0,0,1,0,0,0,0,0,0,0,228027.125,230000.0
5541,0,3,1,1,0.0,1.0,2,1,1,1,0,1,0,0,0,1,0,0,1,0,0,1,0,0,0,0,1,0,0,1,0,0,0,0,1,0,0,0,0,0,0,0,0,0,1,0,0,0,0,0,606.5955810546875,650.0
1343,1,7,3,3,0.0,1.0,3,1,1,1,1,5,0,0,0,1,1,0,1,0,0,0,0,0,1,0,0,1,0,1,0,0,0,0,1,0,0,0,0,0,1,0,0,0,1,0,0,0,0,0,275048.34375,275000.0
4406,1,7,3,1,0.0,0.0,3,1,0,2,1,5,0,0,0,1,1,0,1,0,0,0,0,0,1,0,0,0,0,0,1,0,0,0,0,0,0,0,0,0,1,0,0,1,1,0,0,0,0,0,353358.625,350000.0
4319,1,2,0,1,0.0,0.0,2,1,0,1,0,3,0,0,0,0,0,0,0,1,1,0,0,0,1,0,0,0,0,0,1,0,0,0,0,0,0,0,0,0,1,0,0,0,1,0,0,0,0,0,202290.921875,200000.0
4309,1,2,1,1,0.0,0.0,3,1,0,0,0,3,0,0,0,0,0,0,0,1,0,0,0,0,1,0,0,0,0,0,1,0,0,0,0,0,0,0,0,0,1,0,0,1,1,0,0,0,0,0,181962.8125,180000.0
4306,1,4,0,1,0.0,0.0,2,1,0,1,0,3,0,0,0,0,0,0,0,1,0,0,0,0,1,0,0,0,0,1,1,0,0,0,0,0,0,0,0,0,1,0,0,0,1,0,0,0,0,0,187798.828125,190000.0
4301,1,4,0,1,0.0,1.0,2,1,0,1,0,2,0,0,0,0,0,0,0,1,0,0,0,0,1,1,0,0,0,0,1,0,0,0,0,0,0,0,0,0,1,0,0,1,1,0,0,0,0,0,191149.734375,195000.0
4297,1,2,2,1,0.0,0.0,4,1,0,1,1,5,0,0,0,0,0,0,0,1,1,0,0,0,1,0,0,0,0,1,1,0,0,0,0,0,0,0,0,0,1,0,0,0,1,0,0,0,0,0,414960.65625,400000.0
307,1,2,0,1,0.0,0.0,1,0,0,0,0,1,0,0,0,0,0,0,0,0,0,0,0,1,0,1,0,0,0,0,0,0,0,0,0,0,0,1,0,0,0,0,1,0,0,0,0,0,0,0,185763.90625,10000.0
511,1,2,1,1,0.0,0.0,2,1,1,1,1,1,0,0,0,0,0,0,0,1,0,0,0,0,1,0,1,0,0,0,0,0,0,0,0,0,0,0,0,1,1,0,0,1,0,0,0,0,0,0,198469.078125,200000.0
503,1,7,0,3,0.0,1.0,2,1,1,1,0,0,0,0,0,0,0,0,1,0,0,0,0,0,0,1,0,0,0,0,0,0,0,0,0,0,0,0,0,0,0,0,0,0,0,1,0,0,0,1,175065.75,160000.0
2177,0,3,3,1,0.0,1.0,3,1,1,1,1,1,0,0,0,0,0,1,0,0,0,1,0,0,0,0,0,0,1,0,0,0,0,0,1,0,0,0,0,1,0,0,0,0,0,0,0,0,0,0,1186.8455810546875,925.0
2156,1,4,2,1,0.0,2.0,3,1,0,2,1,4,0,0,0,1,0,0,0,0,0,0,0,0,0,0,1,0,0,0,0,0,0,0,1,0,0,0,0,1,0,0,0,0,0,0,0,0,0,0,320145.6875,320000.0
2175,0,3,1,1,0.0,2.0,3,1,1,2,0,1,0,0,0,1,0,0,0,0,0,0,0,0,1,0,0,0,0,0,0,0,0,0,1,0,0,0,0,1,0,0,0,0,0,0,0,0,0,0,1048.7752685546875,825.0
2147,1,2,1,3,0.0,5.0,3,1,0,2,0,4,0,0,0,1,0,0,0,0,0,0,0,0,0,0,1,0,0,0,0,0,0,0,1,0,0,0,0,0,0,0,0,0,1,0,0,0,0,0,151088.3125,150000.0
2159,0,3,2,1,0.0,2.0,3,1,1,1,1,2,0,0,0,1,0,0,0,0,0,0,0,0,0,0,1,0,0,0,0,0,0,1,0,0,0,0,0,1,0,0,0,0,0,0,0,0,0,0,621.1151123046875,850.0
2152,0,3,1,1,0.0,1.0,3,1,0,1,1,2,0,0,0,1,0,0,0,0,0,0,0,0,1,0,0,0,0,0,0,0,0,0,1,0,0,0,0,1,0,0,0,0,0,0,0,0,0,0,953.2166748046875,775.0
5085,1,4,1,1,0.0,2.0,2,1,0,1,0,4,0,0,0,1,1,0,0,0,0,1,0,0,0,0,0,0,0,1,0,0,0,0,1,0,0,0,0,1,0,0,0,1,0,0,0,0,0,0,180189.265625,180000.0
5073,0,3,2,1,0.0,1.0,2,1,1,0,0,3,0,0,0,0,1,0,1,0,0,0,0,0,1,0,1,1,0,0,0,0,0,0,1,0,1,0,0,0,1,0,0,0,0,0,1,0,0,0,0.0,725.0
5100,0,3,0,1,0.0,2.0,0,0,1,0,0,0,0,1,0,0,0,0,1,0,0,0,0,0,0,1,0,0,0,0,0,0,0,0,1,0,0,0,0,0,1,0,1,0,0,0,0,0,0,0,504.1610412597656,485.0
5103,1,2,1,1,0.0,0.0,2,1,2,1,1,1,0,0,0,0,0,0,0,1,0,0,0,0,0,0,1,0,0,1,0,0,0,0,1,0,0,0,0,0,0,0,0,0,0,0,1,0,0,0,147380.34375,150000.0
5079,1,4,0,1,0.0,1.0,1,0,1,1,0,1,1,0,0,0,0,0,1,0,0,0,0,0,0,0,0,0,0,0,0,0,0,0,1,0,0,0,0,0,0,0,1,0,0,0,0,0,0,0,98275.4765625,100000.0
5082,1,7,2,4,0.0,1.0,2,1,1,1,1,1,0,0,0,1,1,0,0,0,0,0,0,0,1,0,0,1,1,0,0,0,1,0,0,1,0,0,0,0,1,0,0,0,1,0,0,0,0,0,187614.484375,190000.0
5111,1,2,3,1,0.0,0.0,3,1,1,3,0,4,0,0,0,1,0,0,0,0,0,0,0,0,1,0,1,0,0,0,0,0,0,0,1,0,0,0,0,0,0,0,0,0,0,0,1,0,0,0,367582.0,400000.0
5088,1,4,2,1,0.0,4.0,3,0,1,2,0,2,0,0,0,1,0,0,0,0,0,0,0,0,0,0,1,0,0,0,0,0,0,0,0,0,0,0,0,0,1,0,0,0,1,0,0,0,0,0,200237.21875,200000.0
5091,1,4,3,1,0.0,1.0,4,1,1,2,1,0,0,0,0,1,0,0,0,0,0,0,0,0,1,0,1,0,0,0,0,0,1,0,0,0,0,0,0,0,0,0,1,0,0,0,0,0,0,0,256357.375,250000.0
5108,0,3,0,1,0.0,3.0,1,1,1,1,0,0,0,0,0,0,0,0,0,0,0,0,0,0,0,0,0,0,0,0,0,0,0,0,1,0,0,0,0,0,0,0,1,0,0,0,0,0,0,0,531.0682373046875,465.0
5106,0,3,0,1,0.0,1.0,1,1,1,1,0,0,0,0,0,0,0,0,0,1,0,0,0,0,0,0,1,0,0,0,0,0,1,0,0,0,0,0,0,0,0,0,1,0,0,0,0,0,0,0,511.1542053222656,540.0
3757,0,3,1,1,0.0,2.0,2,1,1,1,0,4,0,0,0,0,0,0,1,1,0,0,0,0,0,1,0,0,0,0,0,0,0,0,0,0,0,0,0,0,0,0,0,0,1,0,0,0,0,0,361.8924865722656,925.0
3750,0,3,2,1,0.0,1.0,2,1,1,1,0,1,1,0,0,1,0,0,1,0,0,0,0,0,0,0,0,0,0,0,0,0,0,0,1,0,0,0,0,0,0,0,0,0,1,0,0,0,0,0,774.4041748046875,1050.0
1223,0,3,7,1,0.0,1.0,5,1,0,5,1,10,0,0,0,1,1,0,1,0,0,0,0,0,0,0,0,0,1,1,1,0,0,0,0,0,0,0,0,0,0,0,0,0,1,0,0,0,0,0,2866.296875,2600.0
4787,1,7,2,1,0.0,1.0,5,1,1,2,1,6,0,0,0,1,1,0,1,0,0,0,0,0,1,0,1,0,0,1,0,0,0,0,0,0,0,0,0,0,1,0,0,0,1,0,0,0,0,0,352581.71875,350000.0
2471,1,4,2,1,0.0,1.0,3,1,0,1,1,10,0,0,0,1,1,0,1,0,0,0,0,0,0,0,0,1,0,0,1,1,0,0,1,0,0,0,0,0,1,0,0,0,1,0,0,0,0,0,226915.4375,220000.0
2216,1,6,1,1,0.0,2.0,3,1,0,1,1,6,0,0,0,1,0,0,1,0,0,0,0,0,0,0,0,0,1,0,1,0,1,0,1,0,0,0,0,0,1,0,0,0,1,0,0,0,0,0,181337.921875,180000.0
2265,1,2,4,1,0.0,2.0,6,1,1,1,0,12,0,0,0,1,1,0,0,0,0,0,1,0,0,0,0,1,0,0,1,1,0,0,1,0,0,0,0,0,1,0,0,0,1,0,0,0,0,1,536878.1875,525000.0
2260,1,6,1,1,0.0,0.0,3,1,0,1,1,9,0,0,0,1,0,0,1,0,0,0,0,0,0,0,0,0,0,1,1,0,1,0,0,0,0,0,0,0,1,0,0,0,1,0,0,0,0,0,245728.421875,245000.0
2235,1,2,0,1,0.0,2.0,3,1,0,2,1,4,0,0,0,0,0,0,0,1,0,0,0,0,0,0,0,0,0,0,1,0,1,0,1,0,0,0,0,0,1,0,0,0,1,0,0,0,0,0,142243.125,140000.0
2236,1,2,3,1,0.0,1.0,3,1,0,1,1,6,0,0,0,1,0,0,1,0,0,0,0,0,0,0,0,0,1,1,1,0,0,0,0,1,0,1,0,0,1,0,0,0,1,0,0,0,0,0,265070.78125,260000.0
2257,1,2,3,1,0.0,9.0,3,1,0,0,1,11,0,0,0,1,1,0,1,0,0,0,0,0,0,0,0,1,0,0,1,0,1,0,0,0,0,0,0,0,1,0,0,0,1,0,0,0,0,0,283672.40625,280000.0
2232,1,2,2,1,0.0,2.0,3,1,0,1,1,9,0,0,0,1,1,0,1,0,0,0,0,0,0,0,0,1,0,1,1,0,1,0,0,0,0,0,0,0,0,0,0,0,1,0,0,1,1,0,297928.875,270000.0
2261,1,6,1,1,0.0,1.0,4,1,0,2,1,6,0,0,0,1,0,0,1,0,0,0,0,0,0,0,0,0,1,0,1,0,1,0,0,0,0,0,0,0,1,0,0,0,1,0,0,0,0,0,187836.265625,180000.0
2239,1,4,2,1,0.0,1.0,3,1,0,1,1,8,0,0,0,1,1,0,1,0,0,0,0,0,0,0,0,1,1,0,1,0,1,0,0,0,0,1,0,0,1,0,0,0,1,0,0,0,0,1,240121.9375,235000.0
2227,1,6,3,1,0.0,0.0,3,1,0,1,1,8,0,0,0,1,1,0,1,0,0,0,0,0,0,0,0,1,0,0,1,0,1,0,0,0,0,1,0,0,1,0,0,0,1,0,0,0,0,0,245587.734375,240000.0
2455,1,2,3,1,0.0,1.0,5,1,0,1,1,10,0,0,0,1,1,0,1,0,0,0,0,0,0,0,0,1,0,0,1,0,1,0,0,0,0,0,0,0,1,0,0,0,1,0,0,0,0,0,309594.6875,320000.0
2203,1,2,3,1,0.0,1.0,3,1,0,1,1,9,0,0,0,1,1,0,1,0,0,0,0,0,0,0,0,1,0,0,1,0,1,0,0,0,0,0,0,0,1,0,0,0,1,0,0,0,0,1,248497.4375,250000.0
2227,1,2,2,1,0.0,2.0,3,1,0,1,1,7,1,0,0,0,0,0,0,1,0,0,0,0,0,0,0,1,0,0,1,0,1,0,0,0,0,1,0,0,1,0,0,0,1,0,0,0,0,0,213716.265625,210000.0
2466,1,4,4,1,0.0,1.0,5,1,0,1,2,11,0,0,0,1,1,0,1,0,0,0,0,0,0,0,0,1,0,0,1,0,1,0,0,0,0,1,0,0,1,0,0,0,1,0,0,0,0,0,375942.875,375000.0
2263,1,4,5,1,0.0,2.0,4,1,0,1,1,10,0,0,1,0,1,1,0,0,0,0,0,0,0,0,0,0,0,1,1,1,1,0,0,0,0,0,0,0,1,0,0,0,1,0,0,0,0,1,878567.75,900000.0
2247,1,4,4,1,0.0,2.0,4,1,0,1,1,11,0,0,0,1,1,0,1,0,0,0,0,0,0,0,0,0,1,1,1,0,1,0,0,0,0,1,0,0,0,0,0,0,1,0,0,0,0,1,419615.90625,415000.0
2200,0,3,2,1,0.0,3.0,4,1,0,1,1,7,1,0,0,0,1,0,0,0,0,0,0,0,0,0,0,0,0,0,1,0,1,0,0,0,0,1,0,0,1,0,0,0,1,0,0,0,0,0,819.9276123046875,875.0
2207,0,3,2,1,0.0,1.0,4,1,0,1,1,7,1,0,0,0,1,0,0,0,0,0,0,0,0,0,0,0,0,0,1,0,1,0,0,0,0,1,0,0,1,0,0,0,1,0,0,0,0,0,813.0799560546875,890.0
2220,1,6,1,1,0.0,2.0,3,1,0,1,1,5,0,0,0,1,0,0,1,0,0,0,0,0,0,0,0,0,0,0,1,0,1,0,0,0,0,0,0,0,1,0,0,0,1,0,0,0,0,0,193870.578125,190000.0
2467,1,6,0,1,0.0,1.0,1,1,1,0,1,5,1,0,0,0,0,0,0,0,0,0,0,0,0,0,0,0,0,0,0,0,0,0,1,0,0,0,0,0,1,0,0,0,1,0,0,0,0,0,120875.5546875,95000.0
2135,1,6,4,1,0.0,0.0,3,1,1,1,0,3,0,0,0,0,1,1,1,0,0,0,0,0,1,0,1,0,1,0,0,0,0,0,1,0,0,0,0,1,1,0,0,0,1,0,0,0,0,0,478228.125,475000.0
2129,1,2,3,2,0.0,2.0,3,1,1,0,1,2,0,0,0,1,1,0,0,1,0,0,0,0,1,0,0,1,0,0,0,0,0,0,1,0,0,0,0,0,1,0,0,0,1,0,0,0,0,0,406824.1875,400000.0
3218,1,4,2,1,0.0,2.0,2,1,0,2,1,6,0,0,0,1,1,0,1,0,0,0,0,0,0,0,1,0,0,1,1,0,0,0,1,0,0,0,0,0,1,0,0,0,1,0,0,0,0,0,188924.3125,190000.0
3203,1,4,1,1,0.0,2.0,3,1,1,1,2,6,0,0,0,0,1,0,1,0,0,0,0,0,0,0,1,0,0,0,1,1,0,0,1,0,0,0,0,0,1,0,0,0,1,0,0,0,0,0,215610.0,220000.0
3267,1,7,4,1,0.0,0.0,3,1,1,2,1,6,0,0,0,1,1,0,1,0,0,0,0,0,0,0,1,0,0,1,1,0,0,0,1,0,0,0,0,1,1,0,0,0,0,0,1,0,0,0,440706.0,345000.0
3194,1,4,4,1,0.0,1.0,5,1,1,2,1,8,0,0,0,1,1,0,1,0,0,0,0,0,0,0,1,0,1,0,1,0,1,0,0,0,0,0,0,0,0,0,0,0,1,0,0,0,0,0,426392.5,425000.0
3281,0,3,5,1,0.0,2.0,5,1,1,3,1,9,0,0,0,1,1,0,1,0,0,0,0,0,1,0,1,0,0,1,0,0,0,0,1,0,0,0,0,0,1,0,0,0,1,0,0,0,0,0,1608.8104248046875,1250.0
3213,1,4,2,1,0.0,2.0,3,1,0,1,1,8,0,0,0,1,1,0,1,0,0,0,0,0,1,0,1,0,0,0,1,0,1,0,0,1,0,1,0,0,1,0,0,0,1,0,0,0,0,0,205576.234375,195000.0
3249,1,2,4,1,0.0,2.0,4,1,0,3,1,10,0,0,0,1,1,0,1,0,0,0,0,0,0,0,1,0,0,1,1,0,0,0,1,0,0,0,0,0,1,0,0,0,0,0,1,0,0,0,426809.03125,425000.0
3173,1,4,4,4,0.0,3.0,5,1,2,1,0,8,0,0,0,1,1,0,1,0,0,0,0,0,0,0,1,0,0,1,1,0,0,0,1,0,0,0,0,0,1,0,0,0,1,0,0,0,0,0,338538.875,335000.0
3177,1,4,4,1,0.0,1.0,4,1,1,3,2,8,0,0,0,1,1,0,1,0,0,0,0,0,0,0,1,0,0,1,1,0,0,0,1,0,0,0,0,0,1,0,0,0,1,0,0,0,0,0,378953.125,375000.0
3264,1,4,3,1,0.0,0.0,4,1,1,1,1,13,0,0,0,1,1,0,1,0,0,0,0,0,0,0,0,1,0,1,1,0,0,0,1,0,0,0,0,1,1,0,0,0,0,0,0,0,0,0,361186.125,350000.0
3140,1,4,3,1,0.0,1.0,4,1,1,2,1,6,0,0,0,0,0,0,0,1,0,0,0,0,0,0,1,0,0,1,1,0,0,0,0,0,0,1,0,0,1,0,0,0,1,0,0,0,0,0,301011.6875,290000.0
3180,1,4,4,1,0.0,1.0,4,1,1,2,1,8,0,0,0,1,1,0,1,0,0,0,0,0,0,0,1,0,0,1,1,0,0,0,1,0,0,0,0,0,1,0,0,0,1,0,0,0,0,0,325768.4375,315000.0
3175,1,7,4,1,0.0,5.0,4,1,1,2,2,9,0,0,0,1,1,0,1,0,0,0,0,0,0,0,0,1,0,1,1,0,0,0,1,0,0,0,0,0,1,0,0,0,1,0,0,0,0,0,409452.9375,400000.0
3104,1,7,4,1,0.0,0.0,4,1,0,2,1,9,0,0,0,1,1,0,1,0,0,0,0,0,0,0,1,0,0,1,1,0,0,0,1,0,0,0,0,0,1,0,0,0,1,0,0,0,0,0,458336.6875,450000.0
3172,1,7,1,1,0.0,1.0,3,1,1,1,1,3,0,0,0,0,0,0,0,1,0,0,0,0,0,0,1,0,0,1,1,0,0,0,1,0,0,0,0,0,1,0,0,0,1,0,0,0,0,0,183546.171875,185000.0
3166,1,7,1,1,0.0,2.0,3,1,1,2,1,6,0,0,0,1,1,0,1,0,0,0,0,0,0,0,1,0,0,1,1,0,0,0,1,0,0,0,0,0,1,0,0,0,1,0,0,0,0,0,199938.859375,200000.0
3140,1,7,0,1,0.0,3.0,2,1,1,2,1,5,0,0,0,0,0,0,0,1,0,0,0,0,0,0,1,0,0,1,1,0,0,0,1,0,0,0,0,0,1,0,0,0,1,0,0,0,0,0,148442.15625,150000.0
3210,1,4,4,1,0.0,0.0,4,1,0,2,2,16,0,0,0,1,1,0,1,0,0,0,0,0,0,0,0,1,0,1,1,0,0,0,1,0,0,0,0,1,0,0,0,0,0,0,1,0,0,0,919382.0,900000.0
3185,1,4,2,1,0.0,2.0,3,1,0,1,1,8,0,0,0,1,1,0,1,0,0,0,0,0,0,0,1,0,0,1,1,0,0,0,1,0,0,0,0,0,1,0,0,0,1,0,0,0,0,0,257048.9375,255000.0
3170,0,3,2,1,0.0,4.0,3,1,0,1,1,6,0,0,0,1,1,0,1,0,0,0,0,0,1,0,1,0,0,1,0,0,0,0,1,0,0,0,0,0,1,0,0,0,1,0,0,0,0,0,704.4315185546875,725.0
3169,1,4,1,1,0.0,2.0,2,1,1,1,1,4,0,0,0,0,0,0,0,1,0,0,0,0,0,0,1,0,0,1,1,0,0,0,1,0,0,0,0,0,1,0,0,0,1,0,0,0,0,0,160154.953125,160000.0
3138,1,2,0,3,0.0,3.0,3,1,0,1,1,6,0,0,0,0,0,0,0,1,0,0,0,0,0,0,1,0,0,1,1,0,0,0,1,0,0,0,0,0,1,0,0,0,1,0,0,0,0,0,72911.8203125,140000.0
3188,0,3,1,1,0.0,5.0,2,1,0,1,1,4,0,0,0,1,1,0,1,0,0,0,0,0,1,0,1,1,0,0,0,0,0,0,1,0,0,0,0,0,1,0,0,0,1,0,0,0,0,0,547.4647216796875,675.0
3266,1,4,2,1,0.0,1.0,2,1,0,2,1,6,0,0,0,1,1,0,1,0,0,0,0,0,0,0,1,0,0,1,1,0,0,0,1,0,0,0,0,1,1,0,0,0,0,0,1,0,0,0,252571.546875,250000.0
3878,1,6,0,1,0.0,0.0,4,1,0,2,1,4,0,0,0,0,0,0,0,0,0,0,0,0,1,0,0,0,0,0,0,0,0,0,0,0,0,0,0,1,1,0,0,0,0,0,0,0,0,0,210321.1875,210000.0
2502,1,6,2,1,0.0,2.0,3,1,1,2,1,1,0,0,0,1,1,0,0,0,0,0,0,0,1,0,0,1,0,0,0,0,0,0,0,0,0,0,0,0,0,0,0,0,1,0,0,0,0,0,199458.625,200000.0
2578,1,6,1,1,0.0,3.0,2,1,1,1,1,0,0,0,0,1,0,0,0,0,0,0,0,0,1,0,0,0,0,0,0,1,0,0,0,0,0,0,0,1,0,0,0,1,0,0,0,0,0,0,210418.953125,210000.0
2551,0,3,1,1,0.0,2.0,3,1,1,1,1,0,0,0,0,0,0,0,1,0,0,0,0,0,1,0,0,0,0,0,0,0,0,0,0,0,0,0,0,0,0,0,0,0,1,0,0,0,0,0,889.9783935546875,795.0
2500,1,6,3,1,0.0,1.0,4,1,0,2,1,2,0,0,0,0,0,0,0,1,0,0,0,0,1,0,0,0,0,0,0,0,0,0,0,0,0,0,0,0,1,0,0,0,1,0,0,0,0,0,244849.796875,250000.0
2516,1,6,2,1,0.0,1.0,3,1,1,1,1,0,0,0,0,0,0,0,1,0,0,0,0,0,1,0,0,1,0,0,0,0,0,0,0,0,0,0,0,1,1,0,0,0,0,0,0,0,0,0,249188.890625,250000.0
2518,1,6,5,1,0.0,7.0,5,1,1,2,2,1,0,0,0,1,1,0,0,0,0,0,0,0,1,0,1,0,1,0,0,0,0,0,0,0,0,0,0,1,1,0,0,0,0,0,0,0,0,0,585402.75,600000.0
2552,1,6,0,1,0.0,5.0,2,1,1,1,1,0,0,0,0,0,0,0,0,1,0,0,0,0,0,0,0,0,1,0,0,1,0,0,0,0,0,0,0,1,1,0,0,0,0,0,0,0,0,0,116063.9609375,115000.0
2571,0,3,2,1,0.0,2.0,3,1,2,2,1,0,0,0,0,0,0,0,1,0,0,0,0,0,1,0,0,1,0,0,0,0,0,0,0,0,0,0,0,0,0,0,0,0,1,0,0,0,0,0,0.0,825.0
990,1,6,2,1,0.0,0.0,2,1,0,1,0,2,0,0,0,0,0,0,1,0,0,0,0,0,0,0,0,0,0,0,0,0,0,0,1,0,0,0,0,0,1,0,1,0,0,0,0,0,0,0,132941.234375,135000.0
3520,1,2,2,1,0.0,1.0,5,1,0,2,1,14,0,0,0,1,1,0,1,0,0,0,0,0,1,0,1,1,0,0,0,0,0,0,0,0,0,0,0,0,1,0,0,0,1,0,0,0,0,0,358390.625,350000.0
3515,1,6,3,1,0.0,0.0,4,1,1,2,1,8,0,0,0,1,1,0,1,0,0,0,0,0,1,0,0,0,1,0,0,0,0,0,1,0,0,0,0,0,1,0,0,0,1,0,0,0,0,0,284590.125,280000.0
3512,1,6,0,1,0.0,1.0,2,1,0,2,1,5,1,0,0,0,0,0,1,0,0,0,0,0,1,0,0,0,1,0,0,0,0,0,0,0,0,0,0,0,1,0,0,0,1,0,0,0,0,0,153630.09375,150000.0
3495,1,6,2,1,0.0,1.0,4,1,1,2,1,8,0,0,0,1,1,0,0,0,0,0,0,0,1,0,1,0,1,0,0,0,0,0,1,0,0,0,0,0,1,0,0,0,1,0,0,0,0,0,188996.734375,190000.0
3518,1,6,1,1,0.0,1.0,3,1,0,2,1,9,0,0,0,1,1,0,1,0,0,0,0,0,0,0,0,1,0,0,1,0,0,0,1,0,0,0,0,0,1,0,0,0,0,0,1,0,0,0,250112.421875,250000.0
3493,1,6,2,1,0.0,1.0,3,1,1,1,1,7,0,0,0,0,0,0,1,0,0,0,0,0,1,0,0,0,0,0,0,0,0,0,0,0,0,0,0,0,1,0,0,0,1,0,0,0,0,0,296359.96875,300000.0
3725,1,2,5,4,0.0,1.0,4,1,1,0,1,1,0,0,0,1,0,1,1,0,0,0,0,0,1,0,1,0,1,0,0,0,1,0,0,0,0,0,0,0,1,0,0,0,0,0,1,0,0,0,690728.0625,700000.0
3707,1,2,5,1,0.0,3.0,4,1,1,0,1,2,0,0,0,1,1,0,1,0,0,0,0,0,0,0,0,0,1,1,1,0,0,0,0,0,0,0,0,0,1,0,0,0,1,0,0,1,0,0,420325.25,415000.0
3746,1,2,1,1,0.0,1.0,1,1,0,0,0,1,1,0,0,0,0,0,1,0,0,1,0,0,0,0,0,0,0,0,0,0,0,0,0,0,0,0,0,0,0,0,0,0,1,0,0,0,0,0,175538.46875,175000.0
3696,1,2,2,1,0.0,2.0,3,1,1,0,0,2,0,0,0,0,1,0,1,0,0,1,0,0,1,0,0,0,0,1,1,0,0,0,0,0,0,0,1,0,0,0,0,0,1,0,0,0,0,0,344479.4375,330000.0
3651,1,2,3,1,0.0,1.0,3,1,1,0,1,0,1,0,0,0,0,0,1,0,0,0,0,0,1,0,0,0,0,1,1,0,0,0,0,0,0,0,0,0,1,0,0,0,1,0,0,0,0,0,390656.1875,389950.0
3688,1,2,2,3,0.0,1.0,3,1,1,0,0,0,0,0,0,1,0,0,1,0,0,0,0,0,0,0,1,0,1,1,0,0,0,0,0,0,0,0,0,0,1,0,0,0,1,0,0,0,0,0,232504.46875,237500.0
3700,1,2,2,4,0.0,1.0,3,1,1,0,1,2,0,0,0,0,0,0,0,0,0,0,0,0,1,0,1,0,0,1,0,0,0,0,0,0,0,0,0,0,0,0,0,1,0,0,0,0,0,0,298695.71875,300000.0
3749,1,2,4,1,0.0,1.0,4,1,1,0,2,0,0,0,0,1,0,0,1,0,0,1,0,0,1,0,1,0,1,0,0,0,0,0,0,0,1,0,0,0,0,0,0,0,1,0,0,0,0,0,626397.6875,625000.0
3712,1,2,1,1,0.0,1.0,2,1,2,0,0,0,0,0,0,1,1,0,1,0,0,0,0,0,1,0,1,0,0,1,0,0,0,0,0,0,0,0,0,0,1,0,0,0,1,0,0,0,0,0,226173.03125,235000.0
3724,1,2,4,1,10.0,2.0,3,1,1,0,1,2,0,0,0,1,1,0,1,0,0,0,0,0,1,0,1,0,1,0,0,0,0,0,0,0,0,0,0,0,1,0,0,0,1,0,0,0,0,1,497202.4375,500000.0
3666,1,4,2,1,0.0,2.0,3,2,1,1,1,2,1,0,0,1,0,0,1,0,0,0,0,0,1,0,1,0,0,1,0,0,0,0,0,0,0,0,0,0,1,0,0,0,1,0,0,0,0,0,401644.8125,400000.0
3685,1,2,4,4,0.0,2.0,3,1,1,0,0,1,0,0,0,1,0,1,1,0,0,0,0,0,1,0,1,0,0,1,0,0,0,0,0,0,0,0,0,0,0,0,0,0,1,0,0,0,0,0,502633.0,500000.0
3713,1,2,2,1,0.0,2.0,3,1,1,0,1,1,0,0,0,1,0,0,1,0,0,1,0,0,1,0,0,0,1,1,0,0,0,0,0,0,0,0,0,0,1,0,0,0,1,0,0,0,0,0,312460.1875,315000.0
3703,1,2,2,1,0.0,0.0,4,1,0,0,1,1,0,0,0,0,0,0,0,0,0,0,0,0,1,0,1,0,0,1,0,0,0,0,0,0,0,0,0,0,1,0,0,0,1,0,0,0,0,0,302888.25,300000.0
3727,1,2,5,2,0.0,4.0,4,1,2,0,1,1,0,0,0,1,1,0,1,0,0,0,0,0,1,0,1,1,0,0,0,0,0,0,0,0,0,0,0,0,0,0,0,0,0,0,1,0,0,0,551168.875,550000.0
3717,1,2,5,1,0.0,1.0,4,1,1,0,1,3,0,0,0,1,1,0,1,0,0,0,0,0,1,0,1,0,0,1,0,0,0,0,0,0,0,0,0,0,1,0,0,1,1,0,0,0,0,0,534184.75,535000.0
3695,1,2,5,3,0.0,1.0,4,1,1,0,1,1,0,0,0,1,1,0,1,0,0,0,0,0,1,0,1,1,0,0,0,0,0,0,0,0,0,0,0,0,1,0,0,0,1,0,0,0,0,0,523193.25,520000.0
3718,1,2,5,4,0.0,2.0,4,1,0,0,1,0,0,0,0,1,1,0,1,0,0,0,0,0,0,0,1,1,0,1,0,0,1,0,0,1,1,0,0,0,0,0,1,0,0,0,0,0,0,0,450144.4375,450000.0
3719,1,2,5,1,0.0,2.0,5,1,1,0,1,1,0,0,0,1,0,1,0,0,0,1,0,0,1,0,1,0,0,1,0,0,0,0,0,0,0,0,0,0,1,0,0,0,1,0,0,0,0,0,523643.09375,520000.0
3686,1,2,2,1,0.0,1.0,2,1,1,0,0,0,1,0,0,0,0,0,1,0,0,0,0,0,1,0,1,0,0,0,1,0,0,0,0,0,0,0,0,0,1,0,0,0,1,0,0,0,0,0,234842.703125,200000.0
3693,1,2,3,1,0.0,2.0,3,1,1,0,1,1,0,0,0,1,1,0,1,0,0,0,0,0,1,0,1,0,0,1,0,0,0,0,0,0,0,0,0,0,1,0,0,1,0,0,0,0,0,0,398099.15625,400000.0
3684,1,2,2,3,0.0,1.0,3,1,1,0,0,0,1,0,0,0,1,0,0,0,0,0,0,0,1,0,1,0,0,1,0,0,0,0,0,0,0,0,0,0,1,0,0,0,1,0,0,0,0,0,249251.265625,250000.0
3307,0,3,0,1,0.0,1.0,3,1,0,1,0,6,0,0,0,1,0,0,0,0,0,0,0,0,1,0,1,0,0,0,0,0,0,0,0,0,0,0,0,0,1,0,0,0,1,0,0,0,0,0,686.8612060546875,750.0
3313,0,3,1,1,0.0,1.0,2,1,0,1,0,3,1,0,0,0,0,0,0,0,0,0,0,0,0,1,0,0,0,0,0,0,0,0,1,0,0,0,0,0,0,0,0,0,1,0,0,0,0,0,966.2147216796875,600.0
4268,0,3,2,1,0.0,1.0,1,0,0,0,0,0,0,0,0,0,0,0,0,0,1,0,0,0,1,0,1,0,0,0,1,0,1,0,0,0,0,0,0,0,1,0,0,1,1,0,0,0,0,0,1031.6737060546875,475.0
2148,1,4,0,3,0.0,1.0,2,1,1,0,1,2,0,0,0,1,0,0,0,0,0,0,0,0,1,0,0,0,0,0,0,0,0,0,1,0,0,0,0,0,0,0,0,0,1,0,0,0,0,0,116433.2421875,115000.0
2157,1,4,2,1,0.0,4.0,4,1,1,0,2,1,0,0,0,0,0,0,0,1,0,0,0,0,1,0,0,0,0,0,0,0,0,0,1,0,0,0,0,1,0,0,0,0,0,0,0,0,0,0,238488.859375,240000.0
2155,1,4,4,1,0.0,1.0,4,1,0,2,1,6,0,0,0,1,0,0,0,0,0,0,0,0,0,0,1,0,0,0,0,0,0,0,1,0,0,0,0,1,0,0,0,0,0,0,0,0,0,0,303085.6875,300000.0
2157,1,4,2,1,0.0,3.0,3,1,0,1,1,3,0,0,0,0,0,0,0,1,0,0,0,0,1,0,0,0,0,0,0,0,0,0,1,0,0,0,0,1,0,0,0,0,0,0,0,0,0,0,242522.953125,235000.0
2153,1,4,2,1,0.0,2.0,3,1,1,1,1,9,0,0,0,1,0,0,0,0,0,0,0,0,0,0,1,0,0,0,0,0,0,0,1,0,0,0,0,0,0,0,0,0,1,0,0,0,0,0,248966.375,250000.0
1588,1,6,1,1,1.0,2.0,3,1,0,0,1,8,1,0,0,0,0,0,1,0,0,0,0,0,0,0,0,0,0,0,1,0,1,0,0,0,0,0,0,0,0,0,0,0,1,0,0,0,0,0,400619.21875,410000.0
1627,1,6,5,1,0.0,3.0,4,1,1,2,1,9,0,0,0,1,1,0,1,0,0,0,0,0,1,0,0,1,0,0,0,0,1,0,0,0,0,0,0,0,1,0,0,0,1,0,0,0,0,0,496370.09375,495000.0
1669,1,6,0,1,0.0,7.0,2,1,0,1,1,5,0,0,0,0,0,0,1,0,0,0,1,0,0,0,0,1,0,0,1,0,1,0,0,0,0,0,0,0,1,0,0,0,1,0,0,0,0,0,140369.015625,140000.0
1678,1,6,5,1,0.0,1.0,4,1,0,2,1,14,0,0,0,1,1,0,1,0,0,0,0,0,0,0,0,1,0,0,1,0,1,0,0,0,0,0,0,0,1,0,0,0,1,0,0,0,0,0,605251.125,600000.0
1668,1,6,1,1,0.0,7.0,3,1,0,1,1,5,0,0,0,0,1,0,0,1,0,0,0,0,0,0,0,1,0,0,1,0,1,0,0,0,0,0,0,0,1,0,0,0,1,0,0,0,0,0,170862.90625,165000.0
1557,1,7,2,1,0.0,2.0,2,1,1,1,0,3,1,0,0,0,0,0,1,0,0,0,0,0,0,0,0,0,0,0,0,0,0,0,1,0,0,0,0,0,1,0,1,0,0,0,0,0,0,0,168997.546875,170000.0
5281,0,3,0,1,0.0,6.0,3,1,1,1,0,0,0,0,0,0,0,0,0,1,0,0,0,0,1,0,0,0,0,0,0,0,0,0,0,0,0,0,0,0,0,0,0,0,1,0,0,0,0,0,395.1874084472656,565.0
1006,1,4,2,1,0.0,3.0,2,1,0,1,1,4,0,0,0,0,0,0,1,1,0,0,0,0,1,0,0,0,1,0,0,0,1,0,0,0,0,0,0,0,1,0,0,0,1,0,0,0,0,0,454317.28125,450000.0
1009,1,4,7,1,0.0,5.0,4,1,2,2,2,14,0,0,0,0,1,1,1,0,0,0,0,0,0,0,1,1,0,0,1,0,1,0,0,0,1,0,1,0,1,0,0,0,1,0,0,0,0,0,1407878.875,1450000.0
1010,1,4,5,1,0.0,0.0,3,1,1,2,0,8,1,0,0,0,0,0,0,0,0,0,0,0,0,0,1,0,0,1,1,0,0,0,0,0,0,0,0,0,1,0,0,0,1,0,0,0,0,0,806850.375,800000.0
1003,1,7,4,3,0.0,8.0,3,1,1,0,0,7,0,0,0,1,1,0,1,0,0,0,0,0,1,0,0,1,0,0,1,0,0,0,0,0,0,0,0,0,1,0,0,0,1,0,0,0,0,0,546867.5625,550000.0
4247,1,6,3,1,0.0,3.0,3,1,1,1,1,1,0,0,0,1,1,0,0,0,0,0,0,0,1,0,1,0,0,1,0,0,0,0,1,0,0,0,0,0,1,0,0,0,1,0,0,0,0,0,247517.96875,250000.0
4256,1,6,5,1,0.0,1.0,6,1,2,1,1,3,0,0,0,1,1,0,0,0,0,1,0,0,1,0,1,0,0,0,1,0,1,0,0,0,0,0,0,1,1,0,0,0,1,0,0,0,0,0,544616.375,550000.0
4249,1,6,3,1,0.0,0.0,3,1,1,1,0,2,1,0,0,0,1,0,0,0,0,0,0,0,1,0,0,0,0,0,1,0,0,0,0,0,0,0,0,0,0,0,0,0,1,0,0,0,0,0,235755.6875,230000.0
4390,1,2,3,1,0.0,4.0,3,1,0,1,1,6,1,0,0,1,0,0,0,0,0,1,0,0,1,0,0,0,0,1,1,0,0,0,0,0,0,0,0,0,1,0,0,0,1,0,0,0,0,0,377479.5625,375000.0
4284,1,7,1,3,0.0,0.0,3,1,1,2,0,1,0,0,0,1,0,0,1,0,0,0,0,0,1,0,0,0,1,0,1,0,0,0,0,0,0,0,0,0,1,0,0,1,1,0,0,0,0,0,246806.25,250000.0
4436,1,7,0,1,0.0,1.0,1,1,1,1,0,3,1,0,0,1,0,0,1,0,0,0,0,0,1,0,0,1,1,0,0,0,0,0,0,0,0,0,0,1,1,0,0,1,0,0,0,0,0,0,135161.953125,137500.0
4304,1,4,2,1,0.0,0.0,3,1,1,1,1,1,0,0,0,0,0,0,0,1,0,0,0,0,1,0,0,0,1,0,1,0,0,0,0,0,0,0,0,0,1,0,0,1,1,0,0,0,0,0,299250.90625,300000.0
4392,1,7,2,1,0.0,6.0,2,1,0,1,1,6,0,0,0,1,0,0,1,0,0,0,0,0,1,0,0,0,0,1,1,0,0,0,0,0,0,0,0,0,1,0,0,0,1,0,0,0,0,0,267379.5625,270000.0
4346,1,4,2,1,0.0,0.0,3,1,0,1,1,4,0,0,0,1,0,0,1,0,0,0,0,0,1,0,0,0,0,1,1,0,0,0,0,0,0,0,0,0,1,0,0,1,1,0,0,0,0,0,270980.34375,270000.0
4347,1,2,2,3,0.0,13.0,3,1,1,1,1,2,0,0,0,0,0,0,0,1,0,0,0,0,1,0,0,0,1,0,1,0,0,0,0,0,0,0,0,0,1,0,0,0,1,0,0,0,0,0,220987.609375,220000.0
4299,1,4,3,3,0.0,0.0,3,1,0,1,0,2,0,1,0,0,0,0,1,0,1,0,0,0,0,0,0,0,0,0,0,0,0,1,0,0,0,0,0,0,1,0,1,0,0,0,0,0,0,0,248529.96875,250000.0
4401,1,7,2,3,0.0,1.0,3,1,0,2,1,3,0,0,0,0,0,0,0,0,0,0,0,0,1,0,0,0,0,0,1,0,0,0,0,0,0,0,0,0,1,0,0,1,1,0,0,0,0,0,240200.59375,250000.0
4320,1,2,1,3,0.0,3.0,2,1,0,1,0,3,0,0,0,0,0,1,1,0,0,1,0,0,0,1,0,0,0,0,0,0,0,1,0,0,0,0,0,0,1,0,1,0,0,0,0,0,0,0,149884.890625,150000.0
4474,1,2,2,1,0.0,0.0,4,1,1,1,0,5,0,0,0,1,0,0,1,1,0,0,0,0,1,0,0,0,0,0,1,0,0,0,0,0,0,0,0,0,1,0,0,1,1,0,0,0,0,0,502006.34375,500000.0
4408,1,7,5,1,0.0,1.0,5,1,0,2,1,5,0,0,0,1,1,0,1,0,0,0,0,0,1,0,0,1,0,0,1,0,0,0,0,0,0,0,0,0,1,0,0,1,1,0,0,0,0,0,497935.125,500000.0
4300,1,2,1,1,0.0,0.0,3,1,0,1,0,3,0,0,0,0,0,0,0,1,0,0,0,0,1,0,0,0,1,0,1,0,0,0,0,0,0,0,0,0,1,0,0,1,1,0,0,0,0,0,326684.125,325000.0
4428,1,2,2,1,0.0,3.0,3,1,0,2,1,5,0,0,0,1,1,0,1,0,0,0,0,0,1,0,0,0,0,1,1,0,0,0,0,0,0,0,0,0,1,0,0,0,1,0,0,0,0,0,324528.09375,325000.0
4367,1,2,0,1,0.0,3.0,3,1,0,1,1,5,0,0,0,0,0,0,0,1,0,1,0,0,1,0,0,0,0,1,1,0,0,0,0,0,0,0,0,0,1,0,0,0,1,0,0,0,0,0,207322.359375,210000.0
4417,1,4,4,1,0.0,0.0,4,1,0,2,1,4,0,0,0,1,0,0,1,0,0,0,0,0,1,0,0,1,0,0,1,0,0,0,0,0,0,0,0,0,1,0,0,1,1,0,0,0,0,0,420246.09375,420000.0
4361,1,4,5,1,0.0,3.0,4,1,0,1,1,6,0,0,0,1,1,0,1,0,0,0,0,0,1,0,0,0,0,0,1,0,1,0,0,0,0,1,0,0,1,0,0,0,1,0,0,0,0,0,447295.6875,435000.0
4424,1,4,0,3,0.0,1.0,2,1,1,1,1,5,1,0,0,1,0,0,1,0,0,0,0,0,1,0,0,1,0,0,1,0,0,0,0,0,0,0,0,0,1,0,0,1,1,0,0,0,0,0,167645.59375,170000.0
4373,1,1,0,1,0.0,0.0,2,1,0,0,0,3,0,0,0,0,0,0,0,1,1,0,0,1,1,0,0,0,1,0,1,0,0,0,0,0,0,0,0,0,1,0,0,1,1,0,0,0,0,0,195517.359375,190000.0
4353,1,2,1,3,0.0,2.0,2,1,1,1,0,2,1,0,0,0,0,1,1,0,0,0,0,0,0,1,0,0,0,0,0,0,0,0,0,0,0,0,0,0,1,0,1,0,0,0,0,0,0,0,162461.28125,160000.0
4429,1,2,2,1,0.0,2.0,3,1,0,1,1,5,0,0,0,1,1,0,1,0,0,0,0,0,1,0,0,0,0,1,1,0,0,0,0,0,0,0,0,0,1,0,0,1,1,0,0,0,0,0,296088.625,290000.0
4368,1,2,2,4,0.0,7.0,3,1,0,0,1,7,0,0,0,1,0,0,1,1,0,0,0,0,1,0,0,0,0,1,1,0,0,0,0,0,0,0,0,0,1,0,0,0,1,0,0,0,0,0,281902.09375,280000.0
4418,1,7,2,3,0.0,0.0,2,1,0,1,1,5,0,0,0,0,0,0,0,1,0,0,0,0,1,0,0,1,0,0,1,0,0,0,0,0,1,0,0,1,0,0,0,1,1,0,0,0,0,0,290136.40625,300000.0
4329,1,4,5,1,0.0,4.0,4,1,1,2,1,8,1,0,0,1,0,0,1,0,0,0,0,0,1,0,0,0,0,1,1,0,0,0,0,0,0,0,0,0,1,0,0,0,1,0,0,0,0,0,668715.8125,650000.0
4354,1,2,0,1,0.0,2.0,2,1,0,1,1,4,0,0,0,1,0,0,1,0,0,0,1,0,1,0,0,0,0,0,1,0,0,0,0,0,0,0,0,0,1,0,0,1,1,0,0,0,0,0,173065.046875,170000.0
4318,1,2,0,4,0.0,2.0,2,1,0,1,0,2,0,0,0,0,0,0,1,0,1,0,0,0,0,1,0,0,0,0,1,0,0,0,0,0,0,0,0,0,1,0,0,0,1,0,0,0,0,0,150770.734375,150000.0
4320,1,2,1,1,0.0,1.0,1,1,0,1,1,1,1,0,0,0,0,1,1,0,0,0,0,0,0,1,0,0,0,0,0,0,0,0,0,0,0,0,0,0,1,0,1,0,0,0,0,0,0,0,146842.703125,150000.0
4389,1,2,2,1,0.0,2.0,3,1,1,1,0,4,0,0,0,0,1,0,0,0,0,0,0,0,1,0,0,0,0,1,1,0,0,0,0,0,0,0,0,0,1,0,0,0,1,0,0,0,0,0,274273.71875,270000.0
4390,1,4,3,1,0.0,1.0,3,1,1,1,1,10,1,0,0,1,1,0,0,0,0,0,0,0,1,0,0,0,0,1,1,0,0,0,0,0,0,0,0,0,1,0,0,0,1,0,0,0,0,0,383690.3125,375000.0
4361,1,2,2,1,0.0,5.0,2,1,1,1,1,4,1,0,0,1,0,0,1,0,0,0,0,0,1,0,0,0,0,1,1,0,0,0,0,0,0,0,0,0,1,0,0,0,1,0,0,0,0,0,287658.65625,290000.0
4381,1,4,2,1,0.0,0.0,3,1,1,1,1,3,0,0,0,0,0,0,0,1,0,0,0,0,0,0,1,0,0,1,0,0,0,0,0,0,0,0,0,0,1,0,0,0,1,0,0,0,0,0,309171.9375,315000.0
4327,1,2,2,1,0.0,5.0,2,1,1,1,0,5,1,0,0,0,0,1,1,0,0,0,0,0,0,1,0,0,0,0,0,0,0,0,0,0,0,0,0,0,1,0,1,0,0,0,0,0,0,0,207299.015625,210000.0
4371,1,2,2,1,0.0,1.0,2,1,1,1,1,3,0,0,0,1,0,1,1,0,0,0,0,0,1,0,0,0,0,1,1,0,0,0,0,0,0,0,0,0,1,0,0,0,1,0,0,0,0,0,267594.75,270000.0
4322,1,2,1,1,0.0,1.0,3,1,1,1,0,5,0,0,0,1,0,0,0,1,0,0,0,0,1,0,0,0,0,1,1,0,0,0,0,0,0,0,0,0,1,0,0,0,1,0,0,0,0,0,215738.953125,220000.0
4393,1,2,3,1,0.0,3.0,3,1,1,1,0,6,0,0,0,1,0,0,1,0,0,0,0,0,1,0,0,0,0,1,1,0,0,0,0,0,0,0,0,0,1,0,0,0,1,0,0,0,0,0,400702.75,400000.0
4378,1,2,1,1,0.0,0.0,3,1,0,1,1,2,0,0,0,0,0,0,0,1,0,0,0,0,1,0,0,0,0,1,1,0,0,0,0,0,0,0,0,0,1,0,0,0,1,0,0,0,0,0,280042.875,275000.0
4345,1,2,2,1,0.0,1.0,3,1,1,1,1,7,0,0,0,1,0,0,1,0,0,0,0,0,1,0,0,0,0,1,1,0,0,0,0,0,0,0,0,0,1,0,0,0,1,0,0,0,0,0,346301.03125,340000.0
861,1,7,3,1,0.0,1.0,3,1,0,1,0,4,0,0,0,1,1,0,0,0,0,0,0,0,1,0,0,0,0,0,0,0,1,0,0,0,0,0,0,0,1,0,0,0,1,0,0,0,0,0,242687.5625,240000.0
855,0,3,1,1,0.0,0.0,2,1,0,1,1,1,0,0,0,0,0,0,1,0,0,0,0,0,1,0,0,0,0,0,0,0,1,0,0,0,0,0,0,0,1,0,0,0,1,0,0,0,0,0,904.4940185546875,550.0
2332,1,6,3,1,0.0,0.0,2,1,0,1,1,6,0,0,0,1,0,0,1,0,0,0,0,0,1,0,1,1,0,0,0,0,0,0,0,0,0,0,0,1,0,0,0,0,0,0,1,0,0,0,255909.640625,260000.0
2354,1,2,2,1,0.0,2.0,3,1,0,1,1,5,0,0,0,1,1,0,1,0,0,0,0,0,1,0,0,0,1,1,0,0,0,0,0,0,0,0,0,0,0,0,0,0,1,0,0,0,0,0,333954.78125,325000.0
1710,1,6,0,1,0.0,1.0,3,1,0,1,1,5,0,0,0,0,0,0,0,1,0,0,0,0,1,0,0,1,0,0,1,0,0,0,1,0,0,0,0,0,1,0,0,1,1,0,0,0,0,0,143894.65625,120000.0
1757,1,2,2,1,0.0,1.0,3,1,0,1,1,6,0,0,0,1,1,0,1,0,0,0,0,0,1,0,0,1,0,0,1,0,0,0,1,0,0,0,0,0,1,0,0,1,1,0,0,0,0,0,179684.375,180000.0
1854,1,6,0,1,0.0,2.0,3,1,0,1,1,6,0,0,0,0,0,0,0,1,0,0,0,0,1,0,1,0,0,0,1,0,0,0,1,0,0,0,0,0,1,0,0,1,1,0,0,0,0,0,119921.484375,120000.0
1782,1,6,1,1,0.0,3.0,3,1,0,1,1,5,0,0,0,0,1,0,1,0,0,0,1,0,1,0,0,1,0,0,1,0,0,0,1,0,0,0,0,0,1,0,0,1,1,0,0,0,0,0,122401.6953125,120000.0
1742,1,2,0,1,0.0,2.0,3,1,0,1,1,6,0,0,0,0,0,0,0,1,0,0,0,0,1,0,1,0,0,0,1,0,0,0,1,0,0,0,0,0,1,0,0,1,1,0,0,0,0,0,108770.6640625,105000.0
1707,1,2,2,1,0.0,2.0,3,1,0,2,0,9,0,0,0,1,0,0,1,0,0,1,0,0,1,0,1,0,0,0,1,0,0,0,1,0,0,0,0,0,1,0,0,1,1,0,0,0,0,0,158734.203125,155000.0
1806,1,6,1,1,0.0,3.0,2,1,0,2,1,6,0,0,0,1,0,0,1,0,0,1,0,0,1,0,1,0,0,1,0,0,0,0,1,0,0,0,0,0,1,0,0,1,1,0,0,0,0,0,140014.4375,140000.0
1751,1,6,2,1,0.0,3.0,4,1,1,1,1,8,0,0,0,0,1,0,1,0,0,0,1,0,1,0,0,0,0,1,1,0,0,0,1,0,0,0,0,0,1,0,0,1,1,0,0,0,0,0,213099.453125,210000.0
1766,1,6,2,1,0.0,2.0,3,1,0,2,1,7,0,0,0,0,0,0,0,1,0,0,0,0,1,0,1,0,0,0,1,0,0,0,1,0,0,0,0,0,0,0,0,1,1,0,0,0,0,0,193665.546875,190000.0
1867,0,3,1,1,0.0,5.0,3,1,0,1,1,6,0,0,0,0,0,0,1,0,0,1,1,0,1,0,1,0,0,0,1,0,0,0,1,0,0,0,0,0,1,0,0,1,1,0,0,0,0,0,365.0018615722656,625.0
1768,1,6,0,1,0.0,5.0,2,1,0,1,2,5,0,0,0,0,0,0,0,1,0,0,0,0,1,0,1,0,0,0,1,0,0,0,1,0,0,0,0,0,1,0,0,1,1,0,0,0,0,0,122003.3515625,120000.0
1774,1,6,0,3,0.0,2.0,3,1,0,1,1,5,0,0,0,0,0,0,0,1,0,0,0,0,1,0,1,0,0,0,1,0,0,0,1,0,0,0,0,0,1,0,0,1,1,0,0,0,0,0,84037.6484375,85000.0
1798,1,6,1,1,0.0,10.0,3,1,0,1,1,6,0,0,0,1,1,0,1,0,0,0,0,0,1,0,1,0,0,0,1,0,0,0,1,0,0,0,0,0,1,0,0,1,1,0,0,0,0,0,129813.4140625,130000.0
1705,1,2,2,1,0.0,0.0,4,1,0,2,1,8,0,0,0,1,1,0,1,0,0,0,0,0,1,0,1,0,0,0,1,0,0,0,1,0,0,0,0,0,1,0,0,1,1,0,0,0,0,0,161634.265625,155000.0
1733,1,2,1,1,0.0,0.0,3,1,0,1,0,7,0,0,0,1,0,0,1,0,0,1,0,0,1,0,1,0,0,0,1,0,0,0,1,0,0,0,0,0,1,0,0,1,1,0,0,0,0,0,135897.90625,135000.0
1691,1,2,0,3,0.0,4.0,2,1,0,2,1,5,0,0,0,1,0,0,1,0,0,1,0,0,1,0,1,0,0,0,1,0,0,0,1,0,0,0,0,0,1,0,0,1,1,0,0,0,0,0,85667.0078125,85000.0
1867,1,6,1,1,0.0,4.0,3,1,0,2,1,6,0,0,0,0,1,0,0,1,0,0,0,0,1,0,1,0,0,0,1,0,0,0,1,0,0,0,0,0,1,0,0,1,1,0,0,0,0,0,135147.359375,130000.0
1764,1,2,1,1,0.0,5.0,3,1,0,1,2,5,0,0,0,0,0,0,0,1,0,0,0,0,1,0,1,0,0,0,1,0,0,0,1,0,0,0,0,0,1,0,0,1,1,0,0,0,0,0,180702.515625,180000.0
1754,1,6,0,1,0.0,0.0,3,1,0,1,0,9,0,0,0,1,0,0,1,0,0,1,0,0,1,0,1,0,0,0,1,0,0,0,1,0,0,0,0,0,1,0,0,1,1,0,0,0,0,0,146955.734375,150000.0
1776,1,6,0,1,0.0,0.0,2,1,0,1,0,4,0,0,0,1,0,0,1,0,0,1,0,0,1,0,1,0,0,0,1,0,0,0,1,0,0,0,0,0,1,0,0,1,1,0,0,0,0,0,95226.328125,97000.0
1706,1,2,2,1,0.0,2.0,3,1,0,2,0,8,0,0,0,0,1,0,1,0,0,1,0,0,1,0,1,0,0,0,1,0,0,0,1,0,0,0,0,0,1,0,0,1,1,0,0,0,0,0,157693.890625,155000.0
1825,1,6,0,3,0.0,2.0,2,1,0,1,0,5,0,0,0,1,0,0,1,0,0,1,0,0,1,0,1,0,0,0,1,0,0,0,1,0,0,0,0,0,1,0,0,1,1,0,0,0,0,0,79080.0859375,80000.0
1711,1,2,1,1,0.0,1.0,3,1,0,1,1,6,0,0,0,1,0,0,1,0,0,1,0,0,1,0,1,0,0,0,1,0,0,0,1,0,0,0,0,0,1,0,0,1,1,0,0,0,0,0,141204.0625,140000.0
5505,0,3,0,1,0.0,4.0,1,1,1,1,0,2,1,0,0,0,0,0,1,0,0,0,0,0,0,0,0,0,0,0,0,0,0,0,1,0,0,0,0,1,0,0,0,0,0,0,0,0,0,0,0.0,595.0
5391,1,6,3,1,0.0,0.0,3,1,1,1,0,4,0,0,0,1,1,0,0,0,0,0,0,0,1,0,0,1,0,0,0,0,0,0,1,0,0,0,0,0,0,0,0,0,1,0,0,0,0,0,284004.90625,280000.0
5419,0,3,2,1,0.0,1.0,3,1,1,2,1,2,0,0,0,1,0,0,1,0,0,0,0,0,1,0,1,0,0,0,0,0,0,0,1,0,0,0,0,0,1,0,0,0,1,0,0,0,0,0,819.4647216796875,875.0
5481,1,6,1,1,0.0,0.0,2,1,1,1,0,0,0,0,0,0,0,0,0,1,1,0,0,0,0,0,0,0,0,1,1,1,0,0,1,0,0,0,0,0,0,0,1,0,0,0,0,0,0,0,215305.9375,220000.0
5412,0,3,1,1,0.0,3.0,2,1,0,1,1,3,0,0,0,0,0,0,0,1,0,0,0,0,0,0,0,0,0,0,0,0,0,0,1,0,0,0,0,0,0,0,0,0,1,0,0,0,0,0,658.8397216796875,700.0
5467,0,3,2,1,0.0,0.0,5,1,2,1,2,3,0,0,0,1,1,0,0,0,0,0,0,0,1,0,0,0,1,0,0,0,0,0,1,0,0,0,0,1,0,0,0,0,1,0,0,0,0,0,1250.3612060546875,1400.0
5384,0,3,0,1,0.0,5.0,2,1,1,1,0,0,0,0,0,0,0,0,0,1,0,0,0,0,0,0,0,0,0,0,0,0,0,0,1,0,0,0,0,0,0,0,1,0,0,1,0,0,0,0,791.4266357421875,650.0
5516,0,3,2,1,0.0,2.0,3,1,1,1,0,0,0,0,0,1,1,0,1,0,0,0,0,0,1,0,0,0,0,0,0,0,0,0,1,0,0,0,0,0,0,0,0,1,1,0,0,0,0,0,1070.1483154296875,725.0
5503,1,6,4,1,0.0,0.0,3,1,1,1,0,2,0,0,0,1,1,0,1,0,0,0,0,0,1,0,0,0,0,0,0,0,0,0,1,0,0,0,0,0,0,0,0,0,1,0,0,0,0,0,332545.0625,330000.0
5476,1,6,1,1,0.0,1.0,2,1,1,1,1,4,0,0,0,0,0,0,0,1,0,0,0,0,1,0,0,0,1,0,0,0,0,0,1,0,0,0,0,1,0,0,0,1,0,0,0,0,0,0,219711.171875,220000.0
5514,1,6,1,1,0.0,7.0,3,1,2,1,0,2,0,0,0,0,0,0,1,1,0,0,0,0,0,0,1,0,0,0,0,0,0,0,1,0,0,0,0,1,1,0,0,0,0,0,0,0,0,0,125333.8515625,240000.0
5470,0,3,1,1,0.0,0.0,1,1,1,0,1,2,0,0,0,0,0,0,0,1,1,0,0,0,0,0,0,0,0,0,0,0,0,0,1,0,0,0,0,0,0,0,1,0,0,0,0,0,0,0,733.1033935546875,700.0
5422,1,6,1,1,0.0,8.0,3,1,1,1,0,3,0,0,0,1,1,0,0,0,0,0,0,0,1,0,0,0,1,0,0,0,0,0,1,0,0,0,0,1,0,0,0,1,0,0,0,0,0,0,219966.125,220000.0
5430,0,3,0,1,0.0,1.0,2,1,1,2,1,1,0,0,0,0,0,0,1,0,0,0,0,0,0,0,0,0,0,0,0,0,0,0,1,0,0,0,0,1,0,0,0,1,0,0,0,0,0,0,0.0,700.0
5468,1,6,3,1,0.0,0.0,2,1,1,2,0,2,0,0,0,1,1,0,0,0,0,0,0,0,1,0,0,1,0,0,0,0,0,0,1,0,0,0,0,0,0,0,1,0,0,1,0,0,0,0,284743.8125,280000.0
5446,1,6,2,1,0.0,2.0,4,1,0,2,1,6,0,0,0,1,0,0,1,0,0,0,0,0,0,0,0,1,0,0,0,0,0,0,1,0,0,0,0,0,0,0,0,0,0,0,1,0,0,1,338135.78125,399000.0
5420,1,6,2,1,0.0,3.0,3,1,1,1,1,2,0,0,0,1,0,0,0,0,0,0,0,0,1,0,0,1,0,0,0,0,0,0,1,0,0,0,0,0,1,0,0,0,1,0,0,0,0,0,261373.9375,260000.0
5448,1,6,2,1,0.0,2.0,2,1,1,1,0,4,0,0,0,1,0,0,0,0,0,0,0,0,1,0,0,1,0,0,0,0,0,0,1,0,0,0,0,1,1,0,0,0,0,0,0,0,0,0,222868.671875,220000.0
5433,1,6,4,1,0.0,6.0,3,1,1,1,1,1,0,0,0,1,0,0,0,0,0,0,0,0,1,0,0,1,0,0,0,0,0,0,1,0,0,0,0,0,1,0,0,0,1,0,0,0,0,0,331758.90625,325000.0
5472,0,3,0,1,0.0,3.0,1,1,1,1,0,2,0,0,0,0,0,0,0,0,0,0,0,0,0,0,0,0,0,0,0,0,0,0,1,0,0,0,0,0,1,0,0,1,1,0,0,0,0,0,649.2498779296875,650.0
5426,1,6,1,1,0.0,7.0,3,1,1,1,1,2,0,0,0,1,0,0,1,0,0,0,0,0,1,0,0,1,0,0,0,0,0,0,1,0,0,0,0,0,1,0,0,0,1,0,0,0,0,0,221567.609375,220000.0
5537,1,6,2,3,0.0,2.0,3,1,1,1,1,3,0,0,0,0,0,0,0,1,0,0,0,0,1,0,0,0,0,0,0,0,0,0,1,0,0,0,0,0,0,0,0,0,0,0,1,0,0,0,236698.109375,240000.0
5503,1,6,4,1,0.0,3.0,3,1,1,1,0,2,0,0,0,0,1,0,1,0,0,0,0,0,1,0,0,0,0,0,0,0,0,0,1,0,0,0,0,0,0,0,0,1,1,0,0,0,0,0,319938.71875,315000.0
5478,0,3,1,1,0.0,7.0,2,1,0,1,1,3,0,0,0,0,0,0,0,1,1,0,0,1,0,0,0,0,1,0,0,0,0,0,1,0,0,0,0,0,1,0,0,1,1,0,0,0,0,0,849.0291748046875,800.0
5462,1,6,2,1,0.0,5.0,4,1,1,1,1,2,0,0,0,0,0,0,1,0,0,0,0,0,1,0,0,0,1,0,0,0,0,0,1,0,0,0,0,0,0,0,0,0,1,0,0,0,0,0,238725.421875,240000.0
3934,1,7,1,1,0.0,0.0,3,1,0,1,1,3,0,0,0,1,0,0,1,0,0,0,0,0,1,0,0,1,0,0,0,0,0,0,0,0,0,0,0,0,1,0,0,0,1,0,0,0,0,0,230141.46875,230000.0
3814,1,7,1,1,0.0,0.0,2,1,1,1,0,3,0,0,0,0,0,0,1,0,0,0,0,1,0,1,0,0,0,0,0,0,0,0,1,0,0,0,0,0,0,0,0,0,1,0,0,0,0,0,96083.9453125,95000.0
3640,1,7,2,1,0.0,5.0,2,1,1,1,0,1,0,0,0,0,0,0,1,0,1,0,0,1,0,1,0,0,1,0,0,0,0,1,0,0,0,0,0,0,0,0,1,0,0,0,0,0,0,0,260104.03125,265000.0
1480,1,2,3,1,0.0,0.0,2,1,1,1,1,6,0,0,0,0,0,0,0,1,0,0,0,0,0,0,1,0,0,0,0,0,0,0,1,0,0,0,0,0,0,0,0,0,1,0,0,0,0,0,425541.03125,425000.0
2174,1,2,1,4,0.0,0.0,3,1,0,2,0,4,0,0,0,1,0,0,1,0,0,0,0,0,1,0,1,0,0,0,1,0,0,0,1,0,0,0,0,1,1,0,0,0,1,0,0,0,0,0,92658.4765625,90000.0
3958,1,4,3,4,0.0,2.0,0,0,1,0,0,0,1,0,0,0,0,0,0,0,0,0,0,0,0,1,0,0,0,0,0,0,1,0,0,0,0,0,0,0,0,0,1,0,0,0,0,0,0,0,303627.75,300000.0
828,1,6,2,1,0.0,1.0,3,1,0,2,1,4,0,0,0,0,1,0,1,0,0,0,0,0,1,0,0,0,0,0,0,0,1,0,0,0,0,0,0,0,1,0,0,0,1,0,0,0,0,0,185733.25,180000.0
831,1,4,2,1,0.0,4.0,2,1,1,1,0,1,0,0,0,1,0,0,0,0,0,0,0,0,1,0,0,1,0,0,0,0,1,0,0,0,0,0,0,0,1,0,0,0,1,0,0,0,0,0,170885.34375,165000.0
1000,0,3,2,1,0.0,6.0,1,1,0,1,1,2,0,0,0,0,0,0,0,0,0,0,0,0,0,0,0,0,0,0,0,0,0,0,1,0,0,0,0,0,0,0,0,0,1,0,0,0,0,0,942.5526123046875,725.0
992,1,6,4,1,0.0,0.0,2,1,0,1,1,2,0,0,0,0,0,0,0,1,0,0,0,0,0,1,1,0,0,0,0,0,0,0,1,0,0,0,0,0,0,0,0,0,1,0,0,0,0,0,338735.46875,340000.0
985,1,6,2,1,0.0,0.0,2,1,0,1,0,3,0,0,0,0,0,0,0,1,1,0,0,0,0,1,0,0,0,0,0,0,0,0,1,0,0,0,0,1,1,0,0,0,0,0,0,0,0,0,305588.65625,300000.0
986,0,3,3,1,0.0,3.0,3,1,0,1,1,1,0,0,1,0,0,0,1,0,0,0,0,0,0,1,0,0,0,0,0,0,0,0,1,0,0,0,0,0,1,0,1,0,0,0,0,0,0,0,880.2596435546875,960.0
1822,1,6,0,1,0.0,2.0,3,1,0,1,1,8,0,0,0,0,1,0,0,0,0,0,0,0,0,0,0,1,0,0,1,0,1,0,0,0,0,0,0,0,1,0,0,0,1,0,0,0,0,0,131387.34375,130000.0
1656,0,3,4,1,0.0,4.0,4,1,0,1,1,10,0,0,0,1,1,0,1,0,0,0,0,0,0,0,0,1,0,0,1,0,1,0,0,0,0,0,0,0,1,0,0,0,1,0,0,0,0,0,767.5643310546875,950.0
1657,1,7,4,1,0.0,1.0,4,1,0,1,1,10,0,0,0,1,1,0,1,0,0,0,0,0,0,0,0,1,0,0,1,0,1,0,0,0,0,0,0,0,1,0,0,0,1,0,0,0,0,0,276465.09375,325000.0
1578,1,6,4,1,0.0,0.0,3,1,0,1,1,12,0,0,0,1,1,0,1,0,0,0,0,0,0,0,0,1,0,0,1,0,1,0,0,0,0,0,0,0,0,0,0,0,0,0,1,0,0,0,349957.0,355000.0
1532,1,7,0,1,0.0,0.0,3,1,0,2,1,6,0,0,0,0,0,0,1,0,0,0,0,0,0,0,0,1,0,0,1,0,1,0,0,0,0,0,0,0,0,0,0,0,1,0,0,0,0,0,148757.59375,150000.0
1583,1,7,3,1,0.0,0.0,3,1,0,1,1,9,0,0,0,1,0,0,1,0,0,0,0,0,0,0,0,1,0,0,1,0,1,0,0,0,0,0,0,0,1,0,0,0,1,0,0,0,0,0,287999.125,285000.0
1666,0,3,1,1,0.0,2.0,3,1,0,1,1,5,0,0,0,0,1,0,1,0,0,0,0,0,0,0,0,1,0,0,1,0,1,0,0,0,0,0,0,0,1,0,0,0,1,0,0,0,0,0,576.6268310546875,700.0
1614,0,3,1,1,0.0,3.0,2,1,0,1,0,5,0,0,0,0,0,0,0,1,0,0,0,0,1,0,0,0,0,0,0,0,1,0,0,0,0,0,0,0,1,0,0,0,1,0,0,0,0,0,883.0135498046875,575.0
1622,0,3,3,1,0.0,3.0,3,1,0,1,2,5,1,0,0,0,1,0,0,0,0,0,0,0,0,0,0,0,0,0,1,0,1,0,0,0,0,0,0,0,1,0,0,0,1,0,0,0,0,0,1079.8299560546875,795.0
5184,1,6,4,1,0.0,1.0,4,1,1,1,1,3,0,0,0,0,0,0,1,0,0,0,0,0,1,0,1,0,0,0,1,0,0,0,0,0,0,0,0,0,0,0,0,0,0,0,0,0,0,0,592164.375,600000.0
3107,1,4,1,4,0.0,0.0,3,2,1,1,0,1,0,0,0,1,0,1,1,0,0,0,0,0,1,0,0,0,1,1,0,0,0,0,0,0,0,0,0,0,0,0,0,1,1,0,0,0,0,0,157169.90625,160000.0
3381,1,7,4,1,0.0,0.0,4,1,1,2,1,5,0,0,0,1,1,0,0,0,0,1,0,0,1,0,0,1,0,0,0,0,0,0,0,0,0,0,0,0,0,0,0,0,1,0,0,0,0,0,414938.5625,420000.0
681,1,2,3,1,14.0,4.0,3,1,0,2,1,3,0,0,0,0,0,0,0,1,0,0,0,0,0,0,0,0,0,1,1,0,0,0,0,0,0,0,0,1,1,0,0,0,1,0,0,0,0,0,334991.375,325000.0
1237,0,3,3,1,0.0,6.0,3,1,1,0,1,0,0,0,0,1,0,0,0,0,0,0,0,0,1,0,0,0,0,0,0,0,0,0,0,0,0,0,0,0,1,0,0,0,1,0,0,0,0,0,1646.1112060546875,1600.0
4584,1,2,1,1,0.0,2.0,3,1,0,1,0,2,0,0,0,1,1,0,1,0,0,0,0,0,0,0,0,0,1,0,0,0,0,0,0,0,0,0,0,0,1,0,0,0,1,0,0,0,0,0,146311.609375,145000.0
4612,1,7,1,1,0.0,3.0,3,1,1,1,1,4,0,0,0,1,1,0,1,0,0,0,0,0,1,0,1,0,0,0,1,0,0,0,0,0,1,0,0,1,0,0,0,1,1,0,0,0,0,0,193210.421875,195000.0
4511,1,2,0,1,0.0,0.0,3,1,1,1,1,3,0,0,0,0,0,0,0,0,0,0,0,0,1,0,1,0,0,0,0,0,0,0,0,0,0,0,0,1,1,0,0,0,1,0,0,0,0,0,119768.6328125,125000.0
4610,1,7,1,1,0.0,3.0,2,1,0,0,1,5,0,0,0,1,0,0,1,0,0,0,0,0,1,0,1,0,0,0,0,0,0,0,0,0,0,0,0,1,0,0,0,1,1,0,0,0,0,0,141324.140625,142000.0
4521,1,2,1,1,0.0,2.0,2,1,0,0,0,5,0,0,0,1,0,0,0,0,0,0,0,0,0,0,1,0,0,0,0,0,0,0,0,0,0,0,0,0,0,0,0,0,0,0,0,1,0,0,186035.1875,185000.0
4613,1,7,1,1,0.0,1.0,3,1,0,1,1,1,0,0,0,1,1,0,0,0,0,0,0,0,1,0,1,0,0,0,0,0,0,0,0,0,0,0,0,1,1,0,0,0,1,0,0,0,0,0,153548.609375,155000.0
4520,1,2,4,1,0.0,1.0,4,1,1,2,1,4,0,0,0,1,1,0,1,0,0,0,0,0,1,0,0,0,1,1,0,0,1,0,0,1,1,0,0,1,0,0,0,1,1,0,0,0,0,0,351153.125,360000.0
355,1,2,1,1,0.0,3.0,2,1,1,1,0,4,0,0,0,0,1,0,1,0,0,0,0,0,1,0,0,1,0,0,1,0,1,0,0,0,0,0,0,0,1,0,0,0,1,0,0,0,0,0,182834.53125,225000.0
342,0,3,2,1,0.0,1.0,2,1,1,1,0,3,0,0,0,0,1,0,0,0,0,1,0,0,0,0,0,0,0,0,0,0,0,0,1,0,0,0,0,0,1,0,0,0,1,0,0,0,0,0,752.2244873046875,950.0
353,1,2,3,1,0.0,1.0,2,1,1,3,1,6,0,0,0,0,1,0,1,0,0,0,0,0,1,0,0,0,1,1,0,0,0,0,1,0,0,0,0,0,1,0,0,0,1,0,0,0,0,0,323171.65625,320000.0
356,0,3,1,1,0.0,3.0,1,1,1,2,0,4,0,0,0,1,1,0,1,0,0,0,0,0,1,0,1,0,0,1,0,0,0,0,1,0,0,0,0,1,1,0,0,0,1,0,0,0,0,0,749.5643310546875,875.0
354,0,3,2,1,0.0,2.0,3,1,1,2,0,6,0,0,0,1,1,0,1,0,0,0,0,0,1,0,1,0,0,1,0,0,1,0,0,0,0,0,0,0,1,0,0,0,0,0,0,0,0,0,494.2655334472656,1100.0
346,0,3,1,1,0.0,0.0,1,1,1,2,0,2,1,0,0,0,1,0,1,0,0,0,0,0,0,1,0,0,0,0,0,0,1,0,0,0,0,0,0,0,1,0,0,0,0,0,0,0,0,0,625.7713623046875,920.0
3933,1,7,0,1,0.0,0.0,3,1,1,0,1,3,0,0,0,0,0,0,0,1,0,0,0,0,1,0,1,0,0,0,0,0,0,0,0,0,0,0,0,0,1,0,0,0,1,0,0,0,0,0,170775.578125,175000.0
3926,1,7,0,1,0.0,1.0,3,1,0,1,1,2,0,0,0,1,0,0,1,0,0,0,0,0,1,0,1,0,0,0,0,0,0,0,0,0,0,0,0,0,1,0,0,0,1,0,0,0,0,0,116336.6328125,115000.0
3928,1,2,0,1,0.0,1.0,3,1,1,1,1,3,0,0,0,1,0,0,1,0,0,0,0,0,1,0,1,0,1,0,0,0,0,0,0,0,0,0,0,0,1,0,0,0,1,0,0,0,0,0,103946.1796875,110000.0
3808,1,2,0,3,0.0,26.0,3,1,0,1,1,4,0,0,0,0,0,0,0,1,0,0,0,0,0,0,1,0,1,0,1,0,0,0,0,0,0,0,0,0,1,0,0,0,1,0,0,0,0,0,104466.4921875,110000.0
3740,1,4,2,1,0.0,2.0,2,1,1,1,0,0,0,0,0,1,1,0,0,0,0,0,0,0,1,0,0,0,0,1,0,0,0,0,0,0,0,0,0,0,0,0,0,0,1,0,0,0,0,0,291359.625,290000.0
3741,0,3,3,1,0.0,1.0,2,1,1,1,1,1,1,0,0,0,0,0,1,0,0,0,0,0,1,0,0,1,0,0,0,0,0,0,0,0,0,0,0,0,0,0,0,0,1,0,0,0,0,0,1247.6268310546875,1200.0
3739,0,3,2,1,0.0,3.0,3,1,0,1,1,5,0,0,0,0,0,0,0,0,0,0,0,0,1,0,0,0,0,0,0,0,0,0,0,0,0,0,0,0,0,0,0,0,1,0,0,0,0,0,1232.3807373046875,1250.0
16,1,6,2,1,0.0,1.0,3,1,1,1,1,3,1,0,0,1,0,0,1,0,0,0,0,0,1,0,0,1,0,1,0,0,0,0,1,0,0,0,0,0,1,0,0,0,1,0,0,0,0,0,198143.640625,200000.0
35,1,0,3,1,0.0,2.0,2,1,1,1,1,1,1,0,1,0,0,1,0,0,0,0,0,0,0,1,0,0,0,0,0,0,0,0,1,0,0,0,0,0,1,0,0,0,1,0,0,0,0,0,132830.96875,130000.0
19,0,3,5,1,0.0,2.0,2,1,2,1,1,2,0,0,0,1,1,0,0,0,0,0,0,0,1,0,0,1,0,0,0,0,0,0,1,0,0,0,0,0,1,0,0,0,1,0,0,0,0,0,686.7987060546875,1050.0
27,0,3,0,1,0.0,1.0,1,1,1,1,0,2,0,1,0,0,0,0,1,0,0,0,0,0,0,0,0,0,0,0,0,0,0,0,1,0,0,0,0,0,1,0,0,0,1,0,0,0,0,0,580.4764404296875,450.0
35,0,3,3,1,0.0,1.0,2,1,1,1,1,1,1,0,1,0,0,1,0,0,0,0,0,0,0,1,0,0,0,0,0,0,0,0,1,0,0,0,0,0,1,0,0,0,1,0,0,0,0,0,483.0565490722656,650.0
3373,1,7,0,1,0.0,8.0,2,1,0,2,0,5,0,0,0,1,0,0,1,0,0,0,0,0,1,0,0,0,1,0,1,0,1,0,0,0,0,0,0,0,1,0,0,0,1,0,0,0,0,0,144317.796875,140000.0
799,1,7,0,1,0.0,1.0,2,1,0,1,1,5,0,0,0,1,0,0,1,0,0,0,0,0,1,0,0,1,1,0,0,0,1,0,0,0,0,0,0,0,1,0,0,0,1,0,0,0,0,0,141900.546875,138000.0
3366,0,3,0,1,0.0,0.0,2,1,1,1,0,2,0,1,0,0,0,1,1,0,0,0,0,0,0,0,0,0,1,0,0,0,0,0,1,0,0,0,0,0,1,0,1,0,0,0,0,0,0,0,515.5682373046875,510.0
3366,0,3,0,1,0.0,3.0,2,1,1,1,0,2,0,1,0,0,0,1,1,0,0,0,0,0,0,0,0,0,1,0,0,0,0,0,1,0,0,0,0,0,1,0,1,0,0,0,0,0,0,0,571.6151123046875,500.0
776,0,3,0,1,0.0,3.0,3,1,0,1,0,2,0,0,0,0,0,0,1,0,0,0,0,0,0,0,0,0,0,0,0,0,0,0,1,0,0,0,0,0,0,0,1,0,0,0,0,0,0,0,627.1112060546875,750.0
776,0,3,0,1,0.0,1.0,3,1,0,1,1,4,0,0,0,0,0,0,1,0,0,0,0,0,0,0,0,0,0,0,0,0,0,0,1,0,0,0,0,0,0,0,1,0,0,0,0,0,0,0,713.3924560546875,900.0
779,1,7,0,1,0.0,1.0,2,1,0,1,1,4,0,0,0,0,1,0,0,0,0,0,0,0,1,0,0,1,1,0,0,0,1,0,0,0,0,0,0,0,1,0,0,0,1,0,0,0,0,0,117110.0234375,110000.0
3073,1,2,0,3,0.0,0.0,3,1,0,1,1,5,0,0,0,1,1,0,0,0,0,0,0,0,1,0,0,1,1,0,0,0,1,0,0,0,0,0,0,0,1,0,0,0,1,0,0,0,0,0,135270.0625,130000.0
3079,1,7,0,1,0.0,1.0,2,1,0,1,1,5,0,0,0,0,0,0,1,0,0,0,0,0,0,0,0,0,1,0,1,0,1,0,0,0,0,0,0,0,1,0,0,0,1,0,0,0,0,0,140954.84375,140000.0
774,1,7,0,1,0.0,1.0,1,1,0,2,1,4,0,0,0,0,0,0,0,1,0,0,0,0,1,0,0,0,0,0,0,0,1,0,0,0,0,0,0,0,1,0,1,0,1,0,0,0,0,0,114407.3359375,115000.0
3373,1,7,0,1,0.0,2.0,2,1,0,1,0,6,0,0,0,1,0,0,1,0,0,0,0,0,1,0,0,0,1,0,0,0,1,0,0,0,0,0,0,0,1,0,0,0,1,0,0,0,0,0,139816.234375,141000.0
3069,0,3,0,1,0.0,4.0,2,1,0,1,0,5,0,0,0,0,0,0,1,0,0,0,0,0,0,0,0,1,0,0,1,0,1,0,0,0,0,0,0,0,1,0,0,0,1,0,0,0,0,0,473.3377990722656,575.0
3087,1,7,0,1,0.0,1.0,2,1,1,1,1,5,0,0,0,1,1,0,1,0,0,0,0,0,1,0,0,0,1,0,1,0,1,0,0,0,0,0,0,0,1,0,0,0,1,0,0,0,0,0,156228.265625,180000.0
3074,1,7,0,1,0.0,0.0,3,1,0,2,1,5,0,0,0,1,0,0,1,0,0,0,0,0,1,0,0,1,1,0,0,0,1,0,0,0,0,0,0,0,1,0,0,0,1,0,0,0,0,0,181023.359375,180000.0
3371,0,3,0,1,0.0,14.0,2,1,0,1,1,3,0,0,0,0,1,0,1,0,0,0,0,0,0,0,0,1,1,0,1,0,1,0,0,0,0,0,0,0,1,0,0,0,1,0,0,0,0,0,597.1326904296875,600.0
2520,0,3,5,1,0.0,0.0,2,1,1,1,1,3,0,0,0,0,0,0,0,1,0,0,0,0,1,0,0,0,0,1,0,0,0,0,0,0,0,0,0,0,0,0,0,0,1,0,0,0,0,0,0.0,1500.0
2520,0,3,5,1,0.0,1.0,2,1,1,1,1,3,0,0,0,0,0,0,0,1,0,0,0,0,1,0,0,0,0,1,0,0,0,0,0,0,0,0,0,0,0,0,0,0,1,0,0,0,0,0,0.0,1500.0
2539,0,3,3,1,0.0,2.0,2,1,1,1,0,3,0,0,0,1,1,0,0,0,0,0,0,0,1,0,0,1,0,0,0,0,0,0,0,0,0,0,0,0,1,0,0,0,1,0,0,0,0,0,687.3641357421875,925.0
1339,0,3,1,1,0.0,3.0,2,1,1,1,0,1,1,0,0,0,0,0,1,0,0,0,0,0,0,1,0,0,0,0,0,0,0,0,0,0,0,0,0,0,1,0,0,0,1,0,0,0,0,0,921.4354248046875,745.0
1384,0,3,3,1,0.0,1.0,3,1,1,1,0,2,0,0,0,1,1,0,1,0,0,0,0,0,1,0,0,1,0,1,0,0,0,0,0,0,0,0,0,0,1,0,0,0,1,0,0,0,0,0,937.1600341796875,925.0
1418,1,2,2,1,0.0,1.0,3,1,1,0,1,2,0,0,0,1,0,0,1,0,0,0,0,0,0,0,0,1,0,0,0,0,0,0,0,0,0,0,0,0,1,0,0,0,1,0,0,0,0,0,421832.1875,180000.0
4817,1,7,2,1,0.0,1.0,3,1,0,3,1,6,0,0,0,0,0,0,0,1,0,0,0,0,1,0,0,0,1,0,1,0,0,0,0,0,0,0,0,1,0,0,0,1,1,0,0,0,0,0,277983.3125,265000.0
4856,1,7,0,1,0.0,3.0,0,1,1,2,1,2,1,0,0,0,0,0,1,0,0,1,0,0,1,0,0,0,1,1,0,0,1,1,0,1,0,0,0,1,1,0,0,0,1,0,0,0,0,0,138248.640625,140000.0
4797,1,7,2,1,0.0,0.0,3,1,1,1,1,4,0,0,0,1,0,0,1,0,0,0,0,0,1,0,1,0,0,1,0,0,0,0,0,0,0,0,0,0,1,0,0,0,1,0,0,0,0,0,177787.21875,180000.0
4833,1,7,1,1,0.0,3.0,3,1,1,1,1,3,0,1,0,0,0,0,1,0,0,1,0,0,1,0,1,1,0,0,0,0,0,0,0,0,0,0,0,0,1,0,0,1,1,0,0,0,0,0,142576.90625,145000.0
4863,1,7,1,1,0.0,1.0,2,1,0,1,1,2,1,0,0,0,0,1,1,0,0,0,0,0,0,0,0,0,0,0,0,0,0,1,0,0,0,0,0,0,1,0,0,1,1,0,0,0,0,0,193557.6875,195000.0
4866,1,7,1,1,0.0,4.0,2,1,2,2,1,5,0,0,0,1,0,0,1,0,0,0,0,0,1,0,1,1,0,0,0,0,0,0,0,0,0,0,0,1,1,0,0,0,1,0,0,0,0,0,182274.78125,185000.0
4812,1,7,4,3,0.0,3.0,4,1,1,1,1,5,0,0,0,1,1,0,1,0,0,0,0,0,1,0,0,0,1,1,0,0,0,0,0,0,0,0,0,1,0,0,0,1,0,0,0,0,0,0,348064.375,350000.0
4975,1,7,0,1,0.0,2.0,2,1,0,1,1,6,0,0,0,1,0,0,1,0,0,1,0,0,1,0,0,1,1,0,0,0,0,0,0,0,0,0,0,0,1,0,0,1,1,0,0,0,0,0,123574.5390625,120000.0
4789,1,7,1,1,0.0,2.0,5,1,0,1,1,8,0,0,0,1,0,0,1,0,0,0,0,0,1,0,1,0,0,0,1,0,0,0,0,0,0,0,0,0,0,0,0,0,0,0,0,0,0,0,226737.765625,225000.0
4779,1,7,2,1,0.0,0.0,3,1,1,0,1,4,0,0,0,1,0,0,1,0,0,0,0,0,1,0,0,1,1,0,0,0,0,0,0,0,0,0,0,0,0,0,0,1,1,0,0,0,0,0,159346.453125,157500.0
4864,1,7,1,1,0.0,2.0,3,1,1,1,1,6,0,0,0,1,1,0,1,0,0,0,0,0,0,0,1,1,0,0,1,0,0,0,0,0,0,0,0,0,1,0,0,1,0,0,0,0,0,0,202589.796875,205000.0
4852,1,7,3,1,0.0,4.0,4,1,1,3,1,8,0,0,0,1,1,1,0,0,0,0,0,0,1,1,0,0,0,1,0,0,1,0,0,0,0,0,0,1,1,0,0,0,1,0,0,0,0,0,453020.8125,450000.0
4859,1,4,3,3,0.0,1.0,5,1,0,0,1,11,0,0,0,1,0,0,1,0,0,0,0,0,1,0,1,1,0,0,0,0,0,0,0,0,0,0,0,1,0,0,0,1,0,0,0,0,0,0,282805.375,280000.0
4834,1,7,1,1,0.0,6.0,3,1,0,2,1,6,0,0,0,1,0,0,1,0,0,1,0,0,1,0,1,1,0,0,0,0,0,0,0,0,0,0,0,0,1,0,0,1,0,0,0,0,0,0,184863.234375,190000.0
4029,1,4,2,1,0.0,5.0,3,1,0,1,1,2,0,0,0,1,1,0,0,0,0,0,0,0,1,0,1,1,0,0,0,0,0,0,1,0,0,0,0,0,1,0,0,0,1,0,0,0,0,0,267706.46875,265000.0
4024,1,6,1,1,0.0,0.0,2,1,0,1,1,1,0,0,0,0,0,0,0,1,0,0,0,0,0,0,0,0,0,0,1,0,0,0,1,0,0,0,0,0,1,0,0,0,1,0,0,0,0,0,201093.25,200000.0
4040,0,3,1,1,0.0,1.0,2,1,0,1,0,1,0,0,0,0,0,0,1,0,0,0,0,0,1,0,1,1,0,0,0,0,0,0,1,0,0,0,0,0,1,0,0,0,1,0,0,0,0,0,778.8660888671875,830.0
2182,0,3,3,1,0.0,2.0,2,1,1,1,0,3,0,0,0,1,0,0,0,0,0,0,0,0,1,0,0,0,0,0,0,0,1,0,0,0,0,0,0,0,1,0,0,0,1,0,0,0,0,0,626.8924560546875,725.0
2184,0,3,3,1,0.0,8.0,3,1,2,1,1,4,0,0,0,1,1,0,0,0,0,0,0,0,0,0,0,0,0,0,1,0,0,0,0,0,0,0,0,0,1,0,0,0,1,0,0,0,0,0,1448.1307373046875,1200.0
633,1,7,2,1,0.0,0.0,3,1,1,1,1,5,1,0,0,1,0,0,1,0,0,0,0,0,1,0,0,0,0,0,1,0,0,0,0,0,0,0,0,0,1,0,0,1,1,0,0,0,0,0,164002.46875,165000.0
617,1,7,1,1,0.0,1.0,3,1,1,1,1,1,0,0,0,1,0,0,1,1,0,0,0,0,1,0,0,1,0,0,0,0,0,0,0,0,0,0,0,1,1,0,0,0,1,0,0,0,0,0,132660.859375,135000.0
634,1,7,1,1,0.0,3.0,2,1,1,1,0,1,1,0,0,1,0,0,1,0,0,0,0,0,1,0,0,1,0,1,0,0,0,0,0,0,0,0,0,0,1,0,0,1,1,0,0,0,0,0,121214.0390625,125000.0
636,1,2,1,1,0.0,1.0,3,1,1,1,0,6,0,0,0,0,0,1,0,0,0,0,0,0,0,0,0,0,1,0,0,0,0,0,0,0,0,0,0,0,1,0,0,0,1,0,0,0,0,0,213396.046875,210000.0
637,1,4,3,1,0.0,0.0,3,1,1,2,1,6,0,0,0,1,0,0,0,0,0,0,0,0,1,0,0,0,0,0,0,0,0,0,0,0,0,0,0,0,1,0,0,0,0,0,0,0,0,0,235964.484375,230000.0
619,1,7,2,1,0.0,4.0,3,1,0,1,1,8,0,0,0,1,1,0,1,0,0,0,0,0,1,0,0,0,0,1,1,0,0,0,0,0,0,0,0,0,1,0,0,0,1,0,0,0,0,0,226580.359375,219950.0
616,1,7,1,1,0.0,2.0,2,1,0,1,0,4,1,0,0,1,0,0,1,0,0,0,0,0,1,0,1,0,0,1,0,0,0,0,0,0,0,0,0,0,1,0,0,1,1,0,0,0,0,0,127894.0546875,127000.0
1717,1,6,0,3,0.0,4.0,3,1,0,1,1,5,0,0,0,1,0,0,1,0,0,1,0,0,1,0,0,1,0,0,1,0,0,0,1,0,0,0,0,0,1,0,0,1,1,0,0,0,0,0,80407.3203125,80000.0
1784,1,6,0,3,0.0,2.0,2,1,0,0,2,5,0,0,0,0,0,0,1,0,0,1,1,0,1,0,1,1,0,0,0,0,0,0,1,0,0,0,0,0,1,0,0,1,1,0,0,0,0,0,80189.3515625,80000.0
1751,1,6,1,1,0.0,1.0,3,1,0,1,1,5,0,0,0,0,0,0,1,0,0,1,1,0,1,0,1,0,0,0,1,0,0,0,1,0,0,0,0,0,1,0,0,1,1,0,0,0,0,0,131713.203125,130000.0
1868,1,6,0,1,0.0,1.0,3,1,1,1,1,6,0,0,0,1,0,0,1,0,0,1,0,0,1,0,1,0,0,0,1,0,0,0,1,0,0,0,0,0,1,0,0,1,1,0,0,0,0,0,87092.9609375,85000.0
1731,1,2,2,1,0.0,1.0,3,1,0,1,1,6,0,0,0,1,0,0,1,0,0,1,0,0,1,0,1,0,0,0,1,0,0,0,1,0,0,0,0,0,1,0,0,1,1,0,0,0,0,0,194172.515625,195000.0
1841,1,6,2,1,0.0,4.0,3,1,0,2,1,6,0,0,0,1,1,0,1,0,0,0,0,0,1,0,0,0,0,1,1,0,0,0,1,0,0,0,0,0,1,0,0,1,1,0,0,0,0,0,168493.40625,165000.0
1809,1,6,3,1,0.0,0.0,3,1,0,1,1,5,0,0,0,1,0,0,1,0,0,1,0,0,1,0,1,0,0,0,1,0,0,0,1,0,0,0,0,0,1,0,0,1,1,0,0,0,0,0,202617.984375,200000.0
1695,1,2,0,3,0.0,6.0,4,1,0,1,2,4,0,0,0,0,0,0,0,1,0,0,0,0,1,0,1,0,0,0,1,0,0,0,1,0,0,0,0,0,1,0,0,1,1,0,0,0,0,0,87393.1953125,85000.0
1858,1,6,0,1,0.0,8.0,3,1,0,1,1,5,0,0,0,1,0,0,1,0,0,1,0,0,1,0,1,0,0,0,1,0,0,0,1,0,0,0,0,0,1,0,0,1,1,0,0,0,0,0,133523.390625,135000.0
1777,1,2,0,1,0.0,1.0,2,1,0,1,1,3,0,0,0,0,0,0,0,1,0,0,0,0,1,0,1,0,0,0,1,0,0,0,1,0,0,0,0,0,1,0,0,1,1,0,0,0,0,0,89891.8671875,85000.0
1802,1,2,1,1,0.0,7.0,3,1,0,1,1,8,0,0,0,0,0,0,1,0,0,1,1,0,1,0,1,0,0,0,1,0,0,0,1,0,0,0,0,0,1,0,0,1,1,0,0,0,0,0,159950.40625,160000.0
1687,1,2,1,1,0.0,5.0,3,1,1,2,1,7,0,0,0,0,0,0,0,1,0,0,0,0,1,0,1,0,0,0,1,0,0,0,1,0,0,0,0,0,1,0,0,1,1,0,0,0,0,0,131184.390625,130000.0
1698,1,2,0,1,0.0,1.0,2,1,0,1,1,4,0,0,0,0,0,0,0,1,0,0,0,0,1,0,0,1,0,0,1,0,0,0,1,0,0,0,0,0,1,0,0,1,1,0,0,0,0,0,72209.1328125,70000.0
1853,1,6,0,4,0.0,9.0,4,1,0,2,1,10,0,0,0,0,0,0,1,0,0,1,0,0,0,0,0,0,0,0,0,0,0,0,1,0,0,0,0,0,1,0,0,1,1,0,0,0,0,0,125335.3984375,100000.0
1685,1,2,3,1,0.0,3.0,4,2,0,2,1,8,0,0,0,0,1,0,1,0,0,1,0,0,1,0,0,0,0,1,1,0,0,0,1,0,0,0,0,0,1,0,0,1,1,0,0,0,0,0,258792.828125,265000.0
1838,1,6,2,1,0.0,1.0,3,1,0,1,1,6,0,0,0,1,1,0,1,0,0,0,0,0,1,0,0,1,0,0,1,0,0,0,1,0,0,0,0,0,1,0,0,1,1,0,0,0,0,0,187271.203125,180000.0
932,1,7,2,1,0.0,0.0,3,1,1,0,1,5,0,0,0,1,1,0,0,0,0,0,0,0,1,0,0,1,0,1,0,0,0,0,1,0,0,0,0,0,1,0,0,1,0,0,0,0,0,0,190105.546875,190000.0
918,1,7,0,1,0.0,2.0,3,1,1,1,1,2,0,0,0,0,0,0,0,1,0,0,0,0,1,0,1,0,0,1,0,0,1,0,0,0,0,0,0,0,1,0,0,1,1,0,0,0,0,0,111096.4765625,110000.0
923,1,7,0,1,0.0,0.0,2,1,1,1,0,1,0,0,0,1,1,0,1,0,0,0,0,0,1,0,0,0,0,0,0,0,1,0,0,0,0,0,0,0,1,0,0,0,1,0,0,0,0,0,124368.9765625,128000.0
920,1,7,0,3,0.0,5.0,3,1,0,0,1,1,0,0,0,0,0,0,0,1,0,0,0,0,1,0,0,0,1,0,0,0,0,0,1,0,0,0,0,0,1,0,0,1,0,0,0,0,0,0,57054.51953125,60000.0
928,1,4,0,3,0.0,2.0,3,1,1,1,1,2,0,0,0,0,0,0,0,1,0,0,0,0,1,0,1,0,0,0,0,0,0,0,1,0,0,0,0,0,1,0,0,0,1,0,0,0,0,0,76774.71875,75000.0
2477,1,7,0,1,0.0,1.0,4,1,0,1,2,5,1,1,0,0,0,0,0,0,0,0,0,0,0,1,0,0,0,0,0,1,0,0,1,0,0,0,0,0,0,0,0,1,0,0,0,0,0,0,299637.75,300000.0
933,1,4,2,1,0.0,3.0,2,1,1,1,0,0,0,0,0,1,1,0,0,0,0,1,0,0,1,0,0,1,0,1,0,0,1,0,0,0,0,0,0,0,1,0,0,0,1,0,0,0,0,0,159437.09375,160000.0
909,1,4,2,1,0.0,1.0,4,1,0,2,1,8,0,0,0,1,0,0,1,0,0,0,0,0,1,0,1,0,0,0,0,0,1,0,0,0,0,0,0,0,1,0,0,1,0,0,0,0,0,0,212353.6875,210000.0
924,1,7,1,1,0.0,1.0,3,1,1,1,1,2,0,0,0,1,0,0,1,0,0,0,0,0,0,0,0,0,0,0,1,0,0,0,1,0,0,0,0,0,1,0,0,0,1,0,0,0,0,0,120215.1484375,125000.0
925,1,7,2,1,0.0,1.0,3,1,0,1,1,4,0,0,0,1,0,0,0,0,0,0,0,0,0,0,0,0,0,1,1,0,0,0,1,0,0,0,0,0,1,0,0,1,0,0,0,0,0,0,166045.296875,170000.0
927,1,7,0,3,0.0,2.0,3,1,0,0,1,1,0,0,0,0,0,0,0,1,0,0,0,0,1,0,1,0,0,0,0,0,0,0,1,0,0,0,0,0,1,0,0,0,1,0,0,0,0,0,72956.6015625,70000.0
259,1,7,2,1,0.0,1.0,3,1,1,1,0,4,0,0,0,1,1,0,1,0,0,0,0,0,1,0,1,1,0,0,0,0,1,0,0,0,0,0,0,0,1,0,0,0,1,0,0,0,0,0,179273.515625,180000.0
337,1,7,2,1,0.0,0.0,4,1,1,1,1,3,0,0,0,1,0,0,1,0,0,0,0,0,0,0,0,1,1,0,1,0,0,0,0,0,0,1,0,0,0,0,0,0,1,0,0,0,0,0,258631.578125,250000.0
1901,0,3,0,1,0.0,0.0,3,1,1,1,1,1,0,0,0,0,0,0,0,1,0,0,0,0,0,0,0,1,0,0,1,0,0,0,0,0,0,0,0,0,0,0,0,0,1,0,0,0,0,0,0.0,525.0
1901,0,3,0,1,0.0,4.0,3,1,1,1,1,1,0,0,0,0,0,0,0,1,0,0,0,0,0,0,0,1,0,0,1,0,0,0,0,0,0,0,0,0,0,0,0,0,1,0,0,0,0,0,335.3495178222656,525.0
333,1,7,2,1,0.0,1.0,4,1,1,1,1,6,0,0,0,1,0,0,0,0,0,0,0,0,0,0,0,0,0,0,1,0,0,0,0,0,0,0,0,0,0,0,0,0,1,0,0,0,0,0,153620.75,150000.0
263,1,7,0,1,0.0,2.0,3,1,1,1,1,2,0,0,0,1,0,0,1,0,0,0,0,0,0,0,1,0,1,0,1,0,0,0,0,0,0,0,0,0,0,0,0,0,1,0,0,0,0,0,150798.765625,150000.0
1944,1,4,2,1,0.0,1.0,3,1,1,1,1,4,0,0,0,1,0,0,1,0,0,0,0,0,0,0,0,1,0,0,1,0,0,0,0,0,0,0,0,0,0,0,0,0,1,0,0,0,0,0,172712.109375,170000.0
1972,1,7,1,1,0.0,1.0,3,1,1,1,1,3,0,0,0,0,0,0,0,1,0,0,0,0,0,0,0,1,0,0,1,0,0,0,0,0,0,0,0,0,0,0,0,0,1,0,0,0,0,0,113838.4140625,110000.0
263,1,7,1,1,0.0,3.0,3,1,1,1,1,3,0,0,0,0,0,0,0,1,0,0,0,0,0,0,0,1,1,0,1,0,0,0,0,0,0,0,0,0,0,0,0,0,1,0,0,0,0,0,123025.0,120000.0
1890,1,6,0,1,0.0,6.0,2,1,1,1,0,3,0,0,0,0,0,0,0,1,0,0,0,0,0,0,0,1,0,0,0,0,0,0,0,0,0,0,0,0,0,0,0,0,1,0,0,0,0,0,63850.953125,60000.0
257,1,7,2,1,0.0,0.0,4,1,1,1,1,5,0,0,0,0,0,0,1,1,0,0,0,0,0,0,0,1,0,0,1,0,0,0,0,0,0,0,0,0,0,0,0,0,1,0,0,0,0,0,169964.640625,170000.0
1983,1,7,0,1,0.0,1.0,2,1,1,1,1,1,0,0,0,0,0,0,0,1,0,0,0,0,0,0,0,1,1,0,1,0,0,0,0,0,0,0,0,0,0,0,0,0,1,0,0,0,0,0,89898.7109375,90000.0
1964,1,7,2,1,0.0,1.0,3,1,1,1,1,1,0,0,0,1,1,0,1,0,0,0,0,0,0,0,1,1,0,0,1,0,0,0,0,0,0,0,0,0,0,0,0,0,1,0,0,0,0,0,178371.078125,175000.0
234,1,6,2,1,0.0,2.0,2,1,1,1,0,4,0,0,0,1,0,0,0,0,0,0,0,0,0,0,0,1,0,1,1,0,0,0,0,0,0,0,0,0,0,0,0,0,1,0,0,0,0,0,150383.890625,150000.0
1908,1,4,2,1,0.0,0.0,3,1,1,1,1,4,0,0,0,1,0,0,0,0,0,0,0,0,1,0,1,0,1,0,0,0,0,0,0,0,0,0,0,0,0,0,0,0,1,0,0,0,0,0,171206.765625,170000.0
237,0,3,0,1,0.0,3.0,3,1,1,1,1,1,0,0,0,1,0,0,0,0,0,0,0,0,0,0,0,1,0,0,0,0,1,0,0,0,0,0,0,0,0,0,0,0,1,0,0,0,0,0,929.2127685546875,550.0
328,1,7,3,1,0.0,1.0,4,1,1,1,1,5,0,0,0,1,1,0,1,0,0,0,0,0,0,0,1,1,0,0,1,0,0,0,0,0,0,0,0,0,0,0,0,0,1,0,0,0,0,0,218524.109375,210000.0
333,1,7,2,1,0.0,2.0,3,1,1,1,1,6,0,0,0,1,1,0,1,0,0,0,0,0,0,0,1,0,0,0,1,0,0,0,0,0,0,0,0,0,0,0,0,0,1,0,0,0,0,0,140388.140625,140000.0
2011,1,7,4,1,0.0,0.0,4,1,1,1,1,8,0,0,0,1,1,0,1,0,0,0,0,0,0,0,0,1,1,0,1,0,0,0,0,0,0,0,0,0,0,0,0,0,1,0,0,0,0,0,316115.03125,309950.0
1987,0,3,0,1,0.0,2.0,2,1,1,1,1,3,0,0,0,0,0,0,0,1,0,0,0,0,0,0,1,1,0,0,1,0,0,0,0,0,0,0,0,0,0,0,0,0,1,0,0,0,0,0,396.9862365722656,500.0
339,1,4,1,1,0.0,2.0,3,1,2,1,1,3,0,0,0,1,0,0,0,0,0,0,0,0,1,0,1,0,1,0,0,0,0,0,0,0,0,0,0,0,0,0,0,0,1,0,0,0,0,0,118026.6875,120000.0
1981,1,7,2,1,0.0,1.0,3,1,1,1,1,2,0,0,0,1,0,0,1,0,0,0,0,0,0,0,1,0,0,1,1,0,0,0,0,0,0,0,0,0,0,0,0,0,1,0,0,0,0,0,154879.546875,160000.0
257,1,7,2,1,0.0,3.0,4,1,3,1,0,5,0,0,0,0,0,0,0,1,0,0,0,0,0,0,0,0,1,0,1,0,0,0,0,0,0,0,0,0,0,0,0,0,1,0,0,0,0,0,224493.046875,220000.0
260,1,4,0,1,0.0,0.0,2,1,1,1,1,5,0,0,0,1,0,0,1,0,0,0,0,0,0,0,0,1,0,0,0,0,0,0,0,0,0,0,0,0,0,0,0,0,1,0,0,0,0,0,101994.5859375,100000.0
2009,1,4,1,1,0.0,7.0,4,1,2,1,0,2,0,0,0,1,0,0,1,0,0,0,0,0,1,0,0,1,0,1,0,0,0,0,0,0,0,0,0,0,0,0,0,0,1,0,0,0,0,0,167116.71875,170000.0
258,1,7,1,3,0.0,0.0,2,1,1,1,1,3,0,0,0,0,0,0,0,1,0,0,0,0,0,0,0,0,0,0,0,0,0,0,0,0,0,0,0,0,0,0,0,0,1,0,0,0,0,0,115053.3828125,115000.0
1878,1,7,1,1,0.0,1.0,3,1,1,1,1,4,0,0,0,0,1,0,0,1,0,0,0,0,0,0,0,0,0,0,1,0,0,0,0,0,0,0,0,0,0,0,0,0,1,0,0,0,0,0,142910.71875,140000.0
214,1,4,0,1,0.0,1.0,3,1,1,1,1,2,0,0,0,0,0,0,0,1,0,0,0,0,1,0,0,1,0,0,0,0,1,0,0,0,0,0,0,0,0,0,0,0,1,0,0,0,0,0,92210.6328125,85000.0
230,1,4,3,1,0.0,2.0,3,1,1,1,1,4,0,0,0,1,1,0,1,0,0,0,0,0,0,0,1,1,0,0,1,0,0,0,0,0,0,0,0,0,0,0,0,0,1,0,0,0,0,0,178753.953125,180000.0
254,1,7,0,1,0.0,11.0,3,1,1,1,1,2,0,0,0,0,0,0,0,1,0,0,0,0,1,0,0,1,1,0,0,0,0,0,0,0,0,0,0,0,0,0,0,0,1,0,0,0,0,0,119738.3203125,120000.0
245,1,7,1,1,0.0,1.0,3,1,1,1,1,4,0,0,0,0,0,0,0,1,0,0,0,0,1,0,0,1,0,0,0,0,0,0,0,0,0,0,0,0,1,0,0,0,1,0,0,0,0,0,137160.609375,135000.0
340,1,7,1,1,9.0,1.0,3,1,1,1,1,4,0,0,0,1,0,0,0,0,0,0,0,0,0,0,0,1,0,0,1,0,1,0,0,0,0,0,0,0,0,0,0,0,1,0,0,0,0,0,174900.015625,170000.0
445,0,3,2,1,0.0,1.0,1,1,0,0,1,3,0,0,0,0,0,0,0,0,0,0,0,0,0,0,0,0,0,0,0,0,0,0,0,0,0,0,0,1,0,0,0,0,1,0,0,0,0,0,1204.9940185546875,1200.0
453,0,3,2,1,0.0,2.0,2,1,0,1,0,2,0,0,0,0,0,0,0,1,0,0,0,0,0,0,0,0,0,0,0,0,0,1,0,0,0,0,0,1,1,0,0,0,1,0,0,0,0,0,1275.6307373046875,1200.0
409,0,3,1,1,0.0,1.0,2,1,1,1,1,1,0,0,0,0,1,0,1,0,0,1,0,0,0,1,0,0,0,0,0,0,0,0,1,0,0,0,0,1,1,0,0,0,1,0,0,0,0,0,949.9510498046875,1150.0
408,1,4,1,1,0.0,0.0,2,1,1,1,1,0,0,0,0,0,0,0,1,0,0,1,0,1,0,1,1,0,0,1,0,0,0,0,0,0,0,0,0,0,0,0,1,0,0,1,0,0,0,0,274000.1875,270000.0
421,0,3,2,1,0.0,1.0,3,1,1,1,0,2,0,0,0,0,0,0,0,1,1,0,0,0,1,0,1,0,0,1,0,0,0,0,1,0,0,0,0,1,1,0,0,0,1,0,0,0,0,0,1594.7557373046875,1650.0
469,1,4,0,1,0.0,1.0,1,1,1,1,0,0,0,0,0,0,0,0,0,1,0,0,0,0,1,0,1,0,0,1,0,0,0,0,1,0,0,0,0,1,0,0,0,1,1,0,0,0,0,0,238197.34375,240000.0
425,1,2,3,1,0.0,0.0,4,1,1,1,1,2,0,0,0,1,0,0,1,0,0,1,0,0,1,0,0,1,1,0,0,0,1,0,0,0,0,0,0,1,0,0,0,1,1,0,0,0,0,0,522647.1875,475000.0
463,1,2,4,1,0.0,4.0,3,1,0,1,1,0,0,0,0,0,0,0,0,1,0,0,0,0,1,0,1,0,0,0,1,0,1,0,0,0,0,0,0,1,1,0,0,0,1,0,0,0,0,0,338446.875,350000.0
481,1,4,1,1,0.0,1.0,2,1,1,1,0,2,0,0,0,0,0,0,0,1,0,0,0,0,0,0,0,0,0,0,0,0,1,0,0,0,0,1,0,0,1,0,0,1,1,0,0,0,0,0,192018.234375,190000.0
396,1,2,6,3,0.0,4.0,4,1,4,1,0,4,0,0,0,1,0,0,1,0,0,1,0,0,1,0,0,1,0,0,0,0,0,0,0,0,0,0,0,1,0,0,0,1,1,0,0,0,0,0,947359.5,950000.0
399,1,6,4,1,0.0,1.0,4,1,1,1,1,1,0,0,0,1,0,0,1,0,0,0,0,0,1,0,0,1,0,1,0,0,0,0,0,0,0,0,0,1,1,0,0,0,1,0,0,0,0,0,607368.6875,600000.0
462,1,7,5,1,0.0,0.0,4,1,2,1,1,1,0,0,0,1,1,0,1,0,0,0,0,0,1,0,0,1,1,0,0,0,1,0,0,0,0,0,0,1,1,0,0,0,1,0,0,0,0,0,879088.875,875000.0
471,1,2,0,1,0.0,0.0,1,1,1,1,0,1,0,0,0,0,0,0,0,0,0,0,0,0,0,0,0,0,0,0,0,0,0,0,0,0,0,0,0,1,1,0,0,0,1,0,0,0,0,0,187026.296875,190000.0
392,0,3,0,1,0.0,5.0,1,1,1,1,1,1,0,0,0,0,0,0,0,0,0,0,0,0,0,0,0,0,0,0,0,0,0,0,0,0,0,0,0,0,0,0,1,0,0,0,0,0,0,0,704.6190185546875,925.0
3634,0,3,0,1,0.0,1.0,2,1,1,1,0,3,0,0,0,0,0,0,1,0,0,0,1,1,0,1,0,0,0,0,0,0,0,0,1,0,0,0,0,1,1,0,0,0,1,0,0,0,0,0,0.0,595.0
3612,0,3,2,1,0.0,1.0,2,1,1,1,0,3,1,0,0,0,0,1,1,0,0,0,0,0,0,1,0,0,0,0,0,0,0,1,0,0,0,0,0,0,0,0,0,1,1,0,0,0,0,0,462.2401428222656,775.0
2531,1,2,1,3,0.0,0.0,3,2,0,1,2,4,0,0,0,1,0,0,1,0,0,0,0,0,1,0,1,1,0,0,0,0,1,0,0,0,0,0,0,0,1,0,0,0,1,0,0,0,0,0,149969.203125,150000.0
2528,1,4,5,1,0.0,1.0,5,1,0,2,1,7,0,0,0,1,0,0,1,0,0,1,0,0,1,0,0,1,0,1,0,0,0,0,0,0,0,0,0,0,1,0,0,0,1,0,0,0,0,0,579700.75,575000.0
2531,1,2,1,3,0.0,2.0,3,2,0,1,2,4,0,0,0,1,0,0,1,0,0,0,0,0,1,0,1,1,0,0,0,0,1,0,0,0,0,0,0,0,1,0,0,0,1,0,0,0,0,0,151034.875,150000.0
2567,1,6,6,1,0.0,0.0,5,1,1,1,1,10,0,0,0,1,1,1,0,0,0,0,0,0,1,0,0,1,0,1,0,0,0,0,0,0,0,0,0,1,1,0,0,0,1,0,0,0,0,0,587905.0625,585000.0
2527,0,3,2,1,0.0,3.0,3,1,0,1,1,5,0,0,0,1,0,0,1,0,0,0,0,0,1,0,0,1,0,0,1,0,1,0,0,0,0,0,0,0,1,0,0,0,1,0,0,0,0,0,886.2205810546875,895.0
3731,0,3,2,1,0.0,0.0,2,1,1,1,1,0,0,0,0,0,1,0,0,0,0,0,0,0,0,1,0,0,0,0,0,0,0,0,1,0,0,0,0,0,1,0,0,0,1,0,0,0,0,0,605.7401123046875,975.0
3728,1,10,2,1,0.0,2.0,2,1,1,1,1,0,0,0,1,0,1,1,0,0,0,0,0,0,0,1,0,0,0,0,0,0,0,1,0,0,0,0,0,1,0,0,0,0,0,0,0,0,0,0,90138.03125,84000.0
1165,0,3,1,1,0.0,3.0,2,1,1,0,1,2,1,0,0,0,0,0,0,0,0,1,0,1,0,0,0,0,0,0,0,0,0,0,1,0,0,0,0,0,1,0,0,1,1,0,0,0,0,0,935.5135498046875,850.0
1082,0,3,2,1,0.0,3.0,3,1,0,1,1,4,0,0,0,0,0,0,1,0,0,0,0,0,0,0,0,1,0,0,1,0,0,0,0,0,0,0,0,0,0,0,0,0,1,0,0,0,0,0,806.2674560546875,895.0
1159,0,3,4,1,0.0,3.0,4,1,0,1,1,3,0,0,0,1,1,0,1,0,0,0,0,0,1,0,1,0,0,0,1,0,1,0,0,0,0,0,0,0,1,0,0,0,1,0,0,0,0,0,1218.4471435546875,1250.0
2322,1,2,1,1,0.0,4.0,3,1,0,1,0,6,0,0,0,0,1,0,1,0,0,0,0,0,0,0,1,0,1,1,0,0,0,0,0,0,0,0,0,0,0,0,0,0,1,0,0,0,0,0,174921.015625,170000.0
2290,1,6,1,1,0.0,3.0,2,1,1,2,1,2,0,0,0,0,0,0,0,1,0,0,0,0,1,0,1,0,0,1,0,0,0,0,0,0,0,0,0,0,0,0,0,0,1,0,0,0,0,0,138271.984375,140000.0
2341,1,4,1,1,0.0,0.0,3,1,0,2,1,3,1,0,0,0,0,0,1,0,0,0,0,0,0,0,1,0,0,0,1,0,0,0,0,0,0,0,0,0,0,0,0,0,1,0,0,0,0,0,173374.890625,180000.0
2294,1,2,1,1,0.0,2.0,3,1,0,1,1,4,0,0,0,1,0,0,0,0,0,0,0,0,0,0,1,0,0,0,1,0,0,0,0,0,0,0,0,0,0,1,0,0,0,0,0,0,0,0,178963.78125,170000.0
2273,1,4,1,1,0.0,2.0,3,1,0,0,1,4,0,0,0,1,1,0,0,0,0,0,0,0,0,0,1,0,0,1,1,0,0,0,0,0,0,0,0,0,0,0,0,0,1,0,0,0,0,0,173535.390625,170000.0
2279,1,7,1,3,0.0,2.0,3,1,0,1,0,6,0,0,0,1,0,0,0,0,0,0,0,0,0,0,1,0,1,0,1,0,0,0,0,0,0,0,0,0,0,0,0,0,1,0,0,0,0,0,190450.984375,190000.0
2272,1,7,3,3,0.0,3.0,3,1,0,1,1,8,0,0,0,1,1,0,0,0,0,0,0,0,0,0,1,1,0,0,0,0,0,0,0,0,0,0,0,0,0,0,0,0,1,0,0,0,0,0,302091.75,300000.0
2307,1,6,4,3,0.0,3.0,4,1,1,2,1,6,0,0,0,1,1,0,1,0,0,0,0,0,0,0,1,0,1,1,0,0,0,0,0,0,0,0,0,0,0,0,0,0,1,0,0,0,0,0,301755.375,300000.0
2362,1,4,1,1,0.0,1.0,2,1,0,1,1,2,1,0,0,0,0,0,1,0,0,0,0,0,0,0,0,0,0,0,0,0,0,0,0,0,0,0,0,0,0,0,0,0,1,0,0,0,0,0,226439.546875,120000.0
2321,1,4,2,4,0.0,2.0,3,1,1,1,2,6,0,0,0,0,0,0,1,0,0,0,0,0,0,0,1,0,0,0,1,0,0,0,0,0,0,0,0,0,0,0,0,0,1,0,0,0,0,0,198123.15625,200000.0
2285,1,4,2,3,0.0,6.0,5,1,1,2,1,7,0,0,0,1,0,0,1,0,0,0,0,0,0,0,1,1,0,0,1,0,0,0,0,0,0,0,0,0,0,0,0,0,1,0,0,0,0,0,215993.640625,210000.0
2267,1,6,4,3,0.0,2.0,4,1,1,2,1,8,0,0,0,1,1,0,0,0,0,0,0,0,0,0,1,0,0,1,1,0,0,0,0,0,0,0,0,0,0,0,0,0,1,0,0,0,0,0,305368.75,300000.0
2312,1,4,3,1,0.0,0.0,4,1,0,2,1,8,0,0,0,1,1,0,1,0,0,0,0,0,0,0,1,1,1,0,0,0,0,0,0,0,0,0,0,0,0,0,0,0,1,0,0,0,0,0,284022.59375,280000.0
2483,0,3,0,1,0.0,5.0,2,1,1,1,0,2,0,0,0,0,0,0,0,1,0,0,0,0,0,0,0,0,0,0,0,0,0,0,0,0,0,0,0,0,1,0,0,0,1,0,0,0,0,0,0.0,525.0
2485,0,3,0,1,0.0,3.0,1,1,0,1,0,4,0,0,0,1,1,0,0,0,0,0,0,0,0,0,0,0,0,0,0,0,0,0,0,0,0,0,0,0,1,0,1,0,0,0,0,0,0,0,536.7840576171875,475.0
3914,0,3,0,1,0.0,0.0,3,1,0,1,1,2,0,0,0,0,1,0,0,0,0,0,0,0,0,0,0,1,0,1,0,0,1,0,0,0,0,0,0,0,0,0,0,0,1,0,0,0,0,0,629.9764404296875,500.0
3833,1,7,1,1,0.0,1.0,2,1,0,1,1,5,0,0,0,1,0,0,1,0,0,0,0,0,0,0,1,1,1,0,0,0,0,0,1,0,0,0,0,0,1,0,0,0,1,0,0,0,0,0,153052.5625,150000.0
3848,0,3,5,1,0.0,0.0,5,1,1,2,1,12,0,0,0,0,1,0,0,1,0,0,0,0,0,0,1,0,0,1,0,0,0,0,1,0,0,0,0,0,1,0,0,0,1,0,0,0,0,0,0.0,1200.0
3881,1,2,0,1,0.0,4.0,1,1,1,1,0,3,0,0,0,0,0,0,0,1,0,0,0,0,0,0,0,0,0,0,0,0,0,0,0,0,0,0,0,0,0,0,1,0,0,0,0,0,0,0,47653.0390625,50000.0
3888,1,4,2,1,0.0,6.0,4,1,0,0,2,9,0,0,0,1,1,0,0,0,0,0,0,0,1,0,0,1,0,0,0,1,1,0,0,0,0,0,0,0,1,0,0,0,1,0,0,1,0,0,212990.921875,210000.0
3882,1,7,2,1,0.0,1.0,3,1,0,1,1,7,0,0,0,1,1,0,0,0,0,0,0,0,1,0,1,0,1,0,0,0,0,0,0,1,0,0,0,0,1,0,0,0,1,0,0,0,0,0,203838.765625,200000.0
3874,0,3,0,1,0.0,1.0,3,1,0,1,0,3,0,0,0,1,0,0,0,0,0,0,0,0,1,0,1,0,0,0,0,0,1,0,0,0,0,0,0,0,0,0,0,0,1,0,0,0,0,0,621.9949951171875,550.0
3853,1,7,2,1,0.0,2.0,2,1,0,2,1,2,1,0,0,0,0,0,0,0,0,0,0,0,0,1,0,0,0,0,0,0,1,0,0,0,0,0,0,0,1,0,0,0,1,0,0,0,0,0,170830.671875,170000.0
3778,1,2,1,1,0.0,2.0,2,1,0,0,1,9,0,0,0,1,1,0,0,0,0,1,0,0,1,0,0,1,1,0,0,0,0,0,0,1,0,0,0,0,1,0,0,0,1,0,0,0,0,0,246425.421875,243500.0
3816,1,7,5,1,0.0,1.0,4,1,0,1,0,7,0,0,0,0,0,0,1,0,0,1,0,0,0,0,0,1,0,0,0,1,0,0,0,1,0,0,0,0,1,0,0,1,0,0,0,0,0,1,398286.125,400000.0
3855,1,2,3,1,0.0,0.0,3,1,0,1,1,6,0,0,0,1,1,0,1,0,0,0,0,0,0,0,1,0,0,1,0,0,0,0,0,1,0,0,0,0,1,0,0,0,1,0,0,0,0,0,274236.125,270000.0
3837,1,5,0,1,0.0,0.0,2,1,0,1,1,4,1,0,0,0,0,0,0,1,0,0,0,0,1,0,1,0,1,0,0,0,1,0,0,0,0,0,0,0,1,0,0,0,1,0,0,0,0,0,115445.5703125,113500.0
3817,1,2,1,1,0.0,1.0,2,1,0,1,1,4,0,0,0,0,0,0,1,0,0,0,1,0,0,0,0,0,1,0,0,0,1,0,0,0,0,0,0,0,1,0,0,0,1,0,0,0,0,0,165347.296875,160000.0
3890,1,7,2,1,0.0,3.0,3,1,0,1,1,7,0,0,0,1,1,0,0,0,0,0,0,0,1,0,1,1,0,0,0,0,1,0,0,0,0,0,0,0,1,0,0,0,1,0,0,0,0,0,193476.890625,200000.0
3787,1,2,0,1,0.0,0.0,3,1,2,1,0,5,0,0,0,0,1,0,0,0,0,0,0,0,1,0,0,1,1,0,0,0,1,0,0,0,0,0,0,0,1,0,0,0,1,0,0,0,0,0,161022.578125,160000.0
3827,1,6,3,1,0.0,1.0,4,1,0,1,1,7,0,0,0,1,1,0,0,0,0,0,0,0,0,0,1,0,1,0,0,0,1,0,0,0,0,0,0,0,1,0,0,0,1,0,0,0,0,0,255131.03125,250000.0
5233,1,7,1,1,0.0,1.0,2,1,1,1,0,3,0,0,0,0,0,0,0,1,0,0,0,0,1,0,0,0,0,0,1,0,0,0,1,0,0,0,0,0,1,0,0,0,1,0,0,0,0,0,112156.125,110000.0
206,0,3,2,1,0.0,6.0,3,1,1,1,1,4,1,0,0,0,0,0,1,0,0,1,0,0,1,0,0,0,0,1,1,0,0,0,1,0,0,0,0,0,1,0,0,0,1,0,0,0,0,0,928.1424560546875,625.0
303,1,2,2,1,0.0,1.0,3,1,1,1,1,4,0,0,0,1,0,0,1,0,0,0,0,0,1,0,0,1,0,0,1,0,0,0,1,0,0,0,0,0,1,0,0,0,1,0,0,0,0,0,148086.71875,140000.0
5235,1,7,1,1,0.0,3.0,2,1,1,1,1,4,0,0,0,0,0,0,1,0,0,0,0,0,1,0,0,0,0,1,1,0,0,0,1,0,0,0,0,0,1,0,0,1,1,0,0,0,0,0,119161.046875,120000.0
296,1,7,3,1,0.0,2.0,3,1,1,1,1,6,0,0,0,1,0,0,1,0,0,0,0,0,1,0,1,0,0,0,1,0,0,0,1,0,0,0,0,0,1,0,0,1,1,0,0,0,0,0,235875.890625,240000.0
282,1,7,1,1,0.0,0.0,2,1,0,1,0,4,0,0,0,0,1,0,1,0,0,0,0,0,1,0,1,0,0,0,1,0,0,0,0,0,0,0,0,0,1,0,0,1,1,0,0,0,0,0,94329.3203125,95000.0
1269,1,7,0,1,0.0,1.0,4,1,1,1,1,5,0,0,0,0,0,0,0,1,0,0,0,0,0,0,0,1,0,0,1,0,0,0,0,0,0,0,0,0,1,0,0,0,1,0,0,0,0,0,144601.65625,145000.0
212,1,7,2,1,0.0,2.0,3,1,0,1,1,7,0,0,0,1,0,0,1,0,0,0,0,0,1,0,1,0,0,0,1,0,1,0,0,0,0,0,0,0,1,0,0,1,1,0,0,0,0,0,188090.328125,190000.0
312,1,4,1,1,0.0,1.0,4,1,1,1,1,4,0,0,0,1,0,0,1,0,0,0,0,0,1,0,0,1,0,1,0,0,0,0,0,0,0,0,0,0,0,0,0,1,1,0,0,0,0,0,112635.2109375,110000.0
1272,1,7,1,1,0.0,0.0,2,1,1,1,0,2,1,1,0,0,0,0,1,0,0,0,0,0,0,1,0,0,0,0,0,0,0,0,1,0,0,0,0,0,1,0,1,0,0,0,0,0,0,0,95765.5546875,99950.0
278,1,7,1,1,0.0,0.0,2,1,1,1,0,2,0,0,0,0,0,0,1,0,0,0,0,1,0,1,0,0,0,0,0,0,0,0,1,0,0,0,0,0,1,0,0,1,1,0,0,0,0,0,96650.0,94950.0
1273,1,7,3,3,0.0,1.0,3,1,1,1,1,8,0,0,0,1,1,0,1,0,0,0,0,0,1,0,1,0,0,0,1,0,0,0,1,0,0,0,0,0,1,0,0,0,1,0,0,0,0,0,310510.3125,310000.0
107,1,4,1,1,0.0,4.0,2,1,1,1,0,3,1,0,0,0,0,0,0,0,0,0,0,0,1,0,0,0,0,0,0,0,1,0,0,0,0,0,0,0,1,0,0,0,1,0,0,0,0,0,118123.4296875,120000.0
109,0,3,1,1,0.0,2.0,2,1,1,1,1,5,0,0,0,0,1,0,1,0,0,0,0,0,0,0,1,1,0,0,1,0,0,0,0,0,0,0,0,0,1,0,0,0,1,0,0,0,0,0,542.9119873046875,660.0
107,0,3,1,1,0.0,2.0,2,1,1,1,0,3,1,0,0,0,0,0,0,0,0,0,0,0,1,0,0,0,0,0,0,0,1,0,0,0,0,0,0,0,1,0,0,0,1,0,0,0,0,0,891.3338623046875,625.0
103,1,7,3,3,0.0,4.0,4,1,1,3,1,5,0,0,0,1,1,0,0,0,0,0,0,0,1,0,0,0,0,0,0,0,0,0,1,0,0,0,0,0,1,0,0,0,1,0,0,0,0,0,266967.0625,260000.0
105,1,7,1,1,0.0,3.0,2,2,1,1,0,2,1,0,0,0,0,0,1,0,0,0,0,0,0,0,0,0,0,0,0,0,0,0,1,0,0,0,0,0,1,0,0,0,1,0,0,0,0,0,110321.4609375,110000.0
115,0,3,1,1,0.0,3.0,2,1,1,0,0,7,0,1,0,0,0,0,0,1,0,0,0,1,1,0,0,1,1,0,0,0,0,0,1,0,0,0,0,0,1,0,0,0,1,0,0,0,0,0,744.5467529296875,670.0
105,1,7,0,1,0.0,0.0,1,1,1,1,0,2,1,0,0,0,0,0,0,0,0,0,0,0,0,0,0,0,0,0,0,0,0,0,1,0,0,0,0,0,1,0,0,0,1,0,0,0,0,0,96143.515625,95000.0
964,1,7,5,3,0.0,0.0,4,1,1,2,1,8,0,0,0,1,1,0,0,0,0,0,0,0,1,0,0,1,0,0,0,0,0,0,1,0,0,0,0,0,1,0,1,0,0,0,0,0,0,0,403119.0,400000.0
965,0,3,3,1,0.0,1.0,3,1,1,1,1,8,0,0,0,1,1,0,0,0,0,0,0,0,1,0,0,0,0,0,0,0,0,0,1,0,0,0,0,0,0,0,0,0,0,0,1,1,0,0,524.8709716796875,925.0
125,0,3,1,1,0.0,3.0,2,1,0,2,1,5,1,0,0,0,0,0,1,0,0,0,0,0,1,0,0,0,1,0,0,0,0,0,1,0,0,0,0,0,1,0,0,0,1,0,0,0,0,0,735.9276123046875,800.0
105,0,3,1,1,0.0,2.0,2,2,0,1,1,2,1,0,1,0,0,0,0,0,0,0,0,0,0,0,0,0,0,0,0,0,0,0,1,0,0,0,0,0,1,0,0,0,1,0,0,0,0,0,552.2576904296875,615.0
4344,1,2,2,3,0.0,0.0,4,1,0,0,1,6,0,0,0,0,0,0,0,1,0,0,0,0,1,0,0,0,0,1,1,0,0,0,0,0,0,0,0,0,1,0,0,0,1,0,0,0,0,0,294508.53125,290000.0
4369,1,7,1,4,0.0,0.0,3,1,0,2,0,3,0,1,0,0,0,0,0,1,0,0,0,0,1,0,0,0,1,0,1,0,0,0,0,0,0,0,0,1,0,0,0,1,1,0,0,0,0,0,226359.609375,225000.0
4351,1,4,2,1,0.0,0.0,2,1,1,1,0,1,1,0,0,0,0,0,1,0,0,0,0,0,0,0,0,0,0,0,0,0,0,0,0,0,0,0,0,0,1,0,1,0,0,0,0,0,0,0,170337.515625,175000.0
3868,1,4,0,1,0.0,3.0,3,1,0,1,1,3,0,0,0,0,0,0,0,0,0,0,0,0,1,0,1,0,0,0,0,0,0,0,0,0,0,0,0,0,1,0,0,0,1,0,0,0,0,0,115173.1328125,120000.0
1498,1,7,4,1,0.0,0.0,3,1,2,1,1,7,0,0,0,1,1,0,0,0,0,0,0,0,1,0,0,1,0,0,0,1,0,0,1,0,0,0,0,0,1,0,0,0,1,0,0,0,0,0,481516.125,475000.0
1478,1,2,3,1,0.0,0.0,3,1,1,2,1,5,0,0,0,1,1,0,0,0,0,0,0,0,0,0,1,0,0,0,0,0,0,0,0,0,0,0,0,0,0,0,0,0,1,0,0,0,0,0,369296.625,365000.0
1450,1,2,5,1,0.0,6.0,4,1,2,2,1,11,0,0,0,1,0,0,1,0,0,0,0,0,0,0,0,0,0,0,1,0,0,0,0,0,0,0,0,0,1,0,0,0,1,0,0,0,0,0,698319.875,700000.0
4173,1,2,4,1,0.0,0.0,4,1,1,1,1,11,0,0,0,0,1,0,0,1,0,0,0,0,1,0,0,1,1,0,0,0,1,0,0,0,0,0,0,0,1,0,0,0,1,0,0,0,0,0,629465.75,635000.0
1448,0,3,4,1,0.0,1.0,4,1,1,1,1,14,0,0,0,1,1,0,0,0,0,0,0,0,0,0,0,1,0,0,1,0,1,0,0,0,0,0,0,0,1,0,0,0,1,0,0,0,0,0,0.0,2000.0
3289,1,6,1,1,0.0,5.0,3,1,1,1,1,5,0,0,0,1,1,0,0,0,0,1,0,0,1,0,1,1,0,0,0,0,0,0,0,0,0,0,0,0,0,0,0,0,1,0,0,0,0,0,168192.203125,165000.0
3286,0,3,0,1,0.0,4.0,2,1,0,1,1,4,0,0,0,0,0,0,0,1,0,0,0,0,1,0,0,0,0,0,1,0,0,0,0,0,0,0,0,0,0,0,0,0,1,0,0,0,0,0,572.3944091796875,525.0
3294,1,6,2,1,0.0,0.0,3,1,1,1,1,6,1,0,0,0,0,0,1,0,0,0,0,0,1,0,1,0,1,0,0,0,0,0,0,0,0,0,0,0,0,0,0,0,1,0,0,0,0,0,179943.015625,180000.0
3293,1,6,3,1,0.0,1.0,4,1,1,1,1,10,0,0,0,1,0,0,1,0,0,0,0,0,1,0,0,0,0,1,1,0,0,0,0,0,0,0,0,0,0,0,0,0,1,0,0,0,0,0,223876.609375,220000.0
3275,1,4,3,1,0.0,0.0,3,1,1,1,1,6,0,0,0,1,1,0,1,0,0,0,0,0,1,0,1,0,0,1,0,0,1,0,0,0,0,0,0,1,0,0,0,0,0,0,1,0,0,0,269582.46875,270000.0
3281,0,3,3,1,0.0,1.0,4,1,1,1,1,8,0,0,0,1,1,0,0,0,0,1,0,0,1,0,1,0,1,0,0,0,0,0,0,0,0,0,0,0,0,0,0,0,1,0,0,0,0,0,568.4315185546875,1000.0
538,1,4,2,1,0.0,2.0,2,1,0,1,1,6,0,0,0,0,0,0,0,1,0,0,0,0,1,0,0,0,1,1,0,0,0,0,0,0,0,0,0,1,1,0,0,0,0,0,1,0,0,0,347587.65625,325000.0
1811,1,2,1,1,0.0,4.0,3,1,0,1,0,4,0,0,0,1,1,0,1,0,0,0,0,0,0,0,1,0,0,1,1,0,0,0,1,0,0,0,0,0,1,0,0,1,1,0,0,0,0,0,150288.5625,145000.0
1836,1,6,1,1,0.0,4.0,3,1,0,1,1,6,0,0,0,0,1,0,0,0,0,0,0,0,0,0,1,0,0,1,1,0,0,0,1,0,0,0,0,0,1,0,0,1,1,0,0,0,0,0,124024.2734375,125000.0
1851,1,2,1,3,0.0,0.0,3,1,0,1,0,6,0,0,0,0,0,0,0,1,0,0,0,0,1,0,0,0,0,1,1,0,0,0,1,0,0,0,0,0,1,0,0,1,1,0,0,0,0,0,100218.4765625,100000.0
1793,1,6,0,1,0.0,4.0,3,1,0,1,1,6,0,0,0,0,1,0,1,0,0,0,0,0,0,0,1,0,0,1,1,0,0,0,1,0,0,0,0,0,1,0,0,1,1,0,0,0,0,0,105427.1953125,105000.0
1857,1,6,2,1,0.0,3.0,4,1,0,2,1,6,0,0,0,1,1,0,1,0,0,0,0,0,0,0,1,0,0,1,1,0,0,0,1,0,0,0,0,0,1,0,0,1,1,0,0,0,0,0,183225.171875,185000.0
1712,1,6,1,1,0.0,8.0,3,1,0,1,1,7,0,0,0,1,0,0,1,0,0,1,0,0,1,0,1,0,0,0,1,0,0,0,1,0,0,0,0,0,1,0,0,1,1,0,0,0,0,0,143609.359375,140000.0
1812,1,6,1,3,0.0,5.0,3,1,0,1,1,6,0,0,0,1,0,0,1,0,0,0,0,0,1,0,0,0,0,1,1,0,0,0,0,1,0,0,0,0,1,0,0,1,1,0,0,0,0,0,122303.6328125,125000.0
1701,1,6,1,1,0.0,5.0,3,1,0,1,1,6,0,0,0,0,1,0,1,0,0,0,0,0,1,0,0,0,0,1,1,0,0,0,1,0,0,0,0,0,1,0,0,1,1,0,0,0,0,0,142049.859375,135000.0
1753,1,6,1,1,0.0,4.0,3,1,0,2,1,10,0,0,0,1,1,0,1,0,0,0,0,0,1,0,0,0,0,1,1,0,0,0,1,0,0,0,0,0,1,0,0,1,1,0,0,0,0,0,180961.453125,180000.0
1740,1,6,1,1,0.0,7.0,3,1,0,1,1,6,0,0,0,1,1,0,1,0,0,0,0,0,0,0,0,1,0,1,1,0,0,0,1,0,0,0,0,0,1,0,0,1,1,0,0,0,0,0,158117.5,160000.0
1515,1,6,2,1,0.0,2.0,2,1,0,2,0,6,0,1,0,0,0,1,1,0,0,0,0,0,0,0,0,0,0,0,0,1,0,0,1,0,0,0,0,0,1,0,0,1,1,0,0,0,0,0,149520.046875,155000.0
1794,1,2,0,1,0.0,9.0,3,1,0,2,1,7,0,0,0,1,1,0,1,0,0,0,0,0,0,0,1,0,0,1,1,0,0,0,1,0,0,0,0,0,1,0,0,1,1,0,0,0,0,0,152826.4375,150000.0
1848,1,2,1,1,0.0,4.0,3,1,0,1,1,6,0,0,0,0,1,0,1,0,0,0,0,0,0,0,1,0,0,1,1,0,0,0,1,0,0,0,0,0,1,0,0,1,1,0,0,0,0,0,123718.7109375,120000.0
1748,1,6,0,3,0.0,2.0,3,1,0,1,1,4,0,0,0,0,0,0,0,1,0,0,0,0,0,0,0,1,0,1,1,0,0,0,1,0,0,0,0,0,1,0,0,1,1,0,0,0,0,0,92626.2734375,90000.0
1860,1,6,0,1,0.0,2.0,2,1,0,1,1,6,0,0,0,0,0,0,0,1,0,0,0,0,0,0,0,1,0,1,1,0,0,0,1,0,0,0,0,0,1,0,0,1,1,0,0,0,0,0,149094.546875,75000.0
1707,1,2,2,1,0.0,2.0,3,1,0,2,0,9,0,0,0,1,0,0,1,0,0,0,0,0,0,0,1,0,0,1,1,0,0,0,1,0,0,0,0,0,1,0,0,1,1,0,0,0,0,0,156502.6875,155000.0
1849,1,6,2,3,0.0,2.0,4,1,0,2,2,6,0,0,0,1,1,0,1,0,0,0,0,0,1,0,0,0,0,1,1,0,0,0,1,0,0,0,0,0,1,0,0,1,1,0,0,0,0,0,169036.796875,165000.0
1783,1,6,0,1,0.0,1.0,2,1,0,1,1,7,0,0,0,0,1,0,1,0,0,0,0,0,0,0,1,0,0,1,1,0,0,0,1,0,0,0,0,0,1,0,0,1,1,0,0,0,0,0,111991.7265625,115000.0
1781,1,2,1,1,0.0,4.0,3,1,0,1,1,5,0,0,0,0,0,0,0,1,0,0,0,0,0,0,0,1,0,1,1,0,0,0,1,0,0,0,0,0,1,0,0,1,1,0,0,0,0,0,143580.109375,140000.0
1849,1,6,2,1,0.0,6.0,4,1,1,2,1,6,0,0,0,1,1,0,1,0,0,0,0,0,0,0,0,1,0,1,1,0,0,0,1,0,0,0,0,0,1,0,0,1,1,0,0,0,0,0,180303.765625,180000.0
1740,1,2,1,3,0.0,5.0,3,1,0,0,1,6,0,0,0,0,1,0,1,0,0,0,0,0,0,0,0,1,0,1,1,0,0,0,1,0,0,0,0,0,1,0,0,1,1,0,0,0,0,0,136375.015625,140000.0
1844,1,2,2,1,0.0,4.0,3,1,1,1,1,11,0,0,0,1,1,0,1,0,0,0,0,0,0,0,0,1,0,1,1,0,0,0,1,0,0,0,0,0,1,0,0,1,1,0,0,0,0,0,245969.546875,240000.0
1837,1,6,0,1,0.0,3.0,4,1,0,2,1,6,0,0,0,1,0,0,1,0,0,0,0,0,1,0,0,0,0,1,1,0,0,0,1,0,0,0,0,0,1,0,0,1,1,0,0,0,0,0,94941.9765625,90000.0
1702,1,6,0,3,0.0,7.0,2,1,0,1,0,6,0,0,0,0,1,0,1,0,0,0,0,0,0,0,0,1,0,1,1,0,0,0,1,0,0,0,0,0,1,0,0,1,1,0,0,0,0,0,66609.90625,85000.0
1723,1,6,1,2,0.0,1.0,3,1,0,2,1,5,0,0,0,0,0,0,0,1,0,0,0,0,1,0,0,0,0,1,1,0,0,0,1,0,0,0,0,0,1,0,0,1,1,0,0,0,0,0,128510.2578125,130000.0
1803,1,2,0,1,0.0,4.0,3,1,0,2,1,4,0,0,0,0,0,0,0,1,0,0,0,0,0,0,0,1,0,1,1,0,0,0,1,0,0,0,0,0,1,0,0,1,1,0,0,0,0,0,122287.2109375,120000.0
1865,1,6,1,1,0.0,4.0,3,1,0,2,1,6,0,0,0,0,1,0,1,0,0,0,0,0,0,0,1,0,0,1,1,0,0,0,1,0,0,0,0,0,1,0,0,1,1,0,0,0,0,0,108958.6640625,110000.0
522,0,3,4,1,0.0,2.0,3,1,1,1,0,4,0,0,0,0,0,0,0,1,0,0,0,0,0,0,1,0,0,0,0,1,0,0,1,0,0,0,0,0,0,0,0,0,1,0,0,0,0,0,1331.7674560546875,1200.0
516,0,3,5,1,0.0,1.0,3,1,1,2,1,6,0,0,0,1,0,0,0,0,0,0,0,0,1,0,0,1,0,1,0,0,0,0,0,0,0,0,0,0,1,0,0,0,1,0,0,0,0,0,1122.8065185546875,1000.0
524,0,3,3,1,0.0,1.0,2,0,0,1,1,3,1,0,0,0,0,0,1,0,0,0,0,1,0,1,0,0,0,0,0,0,0,0,1,0,0,0,0,0,1,0,1,0,0,0,0,0,0,0,713.0252685546875,700.0
4189,1,4,2,3,0.0,3.0,2,1,0,1,0,2,0,0,0,0,0,0,0,0,0,0,0,0,0,0,0,0,0,0,0,0,0,0,0,0,0,0,0,0,1,0,1,0,0,0,0,0,0,0,248256.453125,255000.0
695,1,4,5,4,0.0,0.0,4,1,1,1,1,8,0,0,0,0,1,0,0,1,0,0,0,0,1,0,0,1,0,0,0,0,0,0,1,0,0,0,0,1,0,0,0,1,1,0,0,0,0,0,447072.5,450000.0
2593,0,3,0,1,0.0,4.0,1,1,1,1,1,1,0,0,0,0,0,0,0,0,0,0,0,0,0,0,0,0,0,0,0,0,0,1,0,0,0,0,0,0,0,0,0,0,1,0,0,0,0,0,718.3065185546875,660.0
38,0,3,4,1,0.0,1.0,4,1,1,2,1,1,0,0,0,1,1,0,0,0,0,0,0,0,0,0,0,1,0,1,0,0,1,0,0,0,0,0,0,0,0,0,0,0,1,0,0,0,0,0,1695.5096435546875,2250.0
2666,0,3,2,1,0.0,3.0,2,0,1,1,1,1,0,0,0,1,0,0,0,0,0,0,0,0,1,0,0,1,0,0,0,0,0,0,0,0,0,0,0,0,1,0,0,0,1,0,0,0,0,0,1224.8026123046875,800.0
2626,0,3,1,1,0.0,0.0,3,1,1,1,1,1,0,0,0,1,1,0,0,0,0,0,0,0,1,0,0,1,0,0,0,0,0,0,0,0,0,0,0,0,1,0,0,0,1,0,0,0,0,0,670.0252685546875,1050.0
2604,0,3,2,1,0.0,1.0,3,1,1,1,1,0,0,0,0,0,0,0,0,1,0,0,0,0,1,0,0,1,0,0,0,0,0,0,1,0,0,0,0,0,1,0,0,0,1,0,0,0,0,0,481.2049865722656,900.0
2602,0,3,0,1,0.0,0.0,1,1,1,1,1,1,0,0,0,0,0,0,0,0,0,0,0,0,0,1,0,0,0,0,0,0,0,0,0,0,0,0,0,0,0,0,1,0,0,0,0,0,0,0,132.75186157226562,650.0
2649,0,3,0,1,0.0,1.0,2,1,1,1,1,0,0,0,0,0,0,0,0,0,1,0,0,0,0,1,0,0,0,0,0,0,0,0,0,0,0,0,0,0,0,0,0,0,0,0,0,0,0,0,732.0018310546875,750.0
2589,0,3,0,1,0.0,0.0,2,1,1,1,0,1,0,0,0,0,0,0,0,1,0,0,0,0,1,0,0,0,0,0,0,0,0,0,0,0,0,0,0,0,1,0,0,0,1,0,0,0,0,0,711.8533935546875,850.0
2667,0,3,0,1,0.0,2.0,1,0,1,1,1,1,0,0,0,0,0,0,1,0,0,0,0,0,0,0,0,0,0,0,0,0,1,0,0,0,0,0,0,0,0,0,1,0,0,0,0,0,0,0,589.3455810546875,725.0
2601,0,3,3,1,0.0,6.0,3,1,1,1,1,3,0,0,0,1,1,0,0,0,0,0,0,0,1,0,0,1,0,0,0,0,0,0,0,0,0,0,0,0,1,0,0,0,1,0,0,0,0,0,883.9705810546875,1150.0
1770,0,3,0,1,0.0,5.0,2,1,0,1,1,5,0,0,0,0,0,0,0,1,0,0,0,0,1,0,1,0,0,0,1,0,0,0,1,0,0,0,0,0,1,0,0,1,1,0,0,0,0,0,628.3631591796875,550.0
1545,0,3,1,1,0.0,1.0,2,1,1,1,0,1,1,0,0,0,0,0,1,0,0,0,0,0,0,0,0,0,0,0,0,0,1,0,0,0,0,0,0,0,1,0,1,0,0,0,0,0,0,0,571.0447998046875,550.0
1635,0,3,3,1,0.0,2.0,3,1,0,1,1,8,0,0,0,1,1,0,0,0,0,0,0,0,1,0,0,1,0,0,0,0,1,0,0,0,0,0,0,0,1,0,0,1,0,0,0,0,0,0,753.0389404296875,800.0
1534,0,3,0,1,0.0,1.0,2,1,1,1,0,1,0,0,0,0,0,0,0,1,1,0,0,0,0,0,0,0,0,0,0,0,0,0,1,0,0,0,0,0,0,0,1,0,0,0,0,0,0,0,635.3651123046875,595.0
1534,0,3,0,1,0.0,2.0,2,1,1,1,0,1,0,0,0,0,0,0,0,1,0,0,0,0,0,0,0,0,0,0,0,0,0,0,1,0,0,0,0,0,0,0,1,0,0,0,0,0,0,0,593.2401123046875,495.0
1558,0,3,2,1,0.0,1.0,2,1,0,1,1,2,1,0,0,0,0,0,0,0,0,0,0,0,0,1,0,0,0,0,0,0,0,0,1,0,0,0,0,0,0,0,0,0,0,1,0,0,0,0,965.0076904296875,650.0
1566,0,3,2,1,0.0,2.0,2,1,1,1,0,2,1,0,0,0,0,0,1,0,0,0,0,0,0,0,0,0,0,0,0,0,1,0,0,0,0,0,0,0,1,0,1,0,0,0,0,0,0,0,600.7752685546875,675.0
1593,1,6,3,1,0.0,0.0,3,1,0,1,1,11,0,0,0,1,1,0,1,0,0,0,0,0,1,0,0,0,0,0,0,0,1,0,0,0,0,0,0,0,1,0,0,0,1,0,0,0,0,0,281364.34375,275000.0
1566,0,3,2,1,0.0,1.0,2,1,1,1,0,1,1,0,0,0,0,0,1,0,0,0,0,0,0,0,0,0,0,0,0,0,1,0,0,0,0,0,0,0,1,0,1,0,0,0,0,0,0,0,526.1737060546875,550.0
1530,0,3,1,1,0.0,3.0,3,1,0,1,1,7,0,0,0,0,0,0,0,1,0,0,0,0,0,0,0,1,0,0,1,0,1,0,0,0,0,0,0,0,1,0,0,0,1,0,0,0,0,0,668.5721435546875,650.0
1553,1,7,0,1,0.0,0.0,1,1,1,1,1,3,0,0,0,1,0,0,1,0,0,0,0,0,1,0,0,0,0,0,0,0,1,0,0,0,0,0,0,0,0,0,0,0,1,0,0,0,0,0,95917.5078125,95000.0
2820,1,4,1,1,0.0,2.0,4,1,0,2,1,5,0,0,0,1,1,0,1,0,0,0,0,0,1,0,0,0,0,1,1,0,0,0,1,0,0,0,0,1,1,0,0,0,1,0,0,0,0,0,281021.375,275000.0
2786,1,4,2,1,0.0,9.0,2,1,0,1,1,5,0,0,0,1,1,0,1,0,0,0,0,0,1,0,0,0,0,1,1,0,0,0,1,0,0,0,0,0,1,0,0,1,1,0,0,0,0,0,218509.46875,210000.0
2853,1,4,3,1,0.0,1.0,4,1,1,2,1,5,0,0,0,1,1,0,1,0,0,0,0,0,1,0,0,0,0,1,1,0,1,0,0,0,0,1,0,0,1,0,0,1,1,0,0,0,0,0,364640.53125,367500.0
2891,1,4,3,1,0.0,0.0,3,1,1,2,1,7,0,0,0,1,1,0,1,0,0,0,0,0,1,0,0,0,0,1,1,0,0,0,0,0,0,1,0,1,1,0,0,0,1,0,0,0,0,0,356643.875,350000.0
2699,1,7,2,1,0.0,1.0,3,1,1,2,1,7,0,0,0,1,0,0,1,0,0,1,0,0,1,0,0,0,0,1,1,0,0,0,0,0,0,0,0,0,1,0,0,1,1,0,0,0,0,0,367329.09375,375000.0
2907,0,3,3,1,0.0,3.0,4,1,1,1,1,7,0,0,0,1,1,0,1,0,0,0,0,0,0,0,0,1,0,1,1,0,0,0,1,0,0,0,0,1,1,0,0,0,1,0,0,0,0,0,1220.8416748046875,1350.0
2910,1,4,3,1,0.0,4.0,3,1,1,2,1,4,0,0,0,1,0,0,1,0,0,1,0,0,1,0,0,0,0,1,1,0,1,0,0,0,0,1,0,1,1,0,0,0,1,0,0,0,0,0,300562.15625,300000.0
2853,1,7,3,1,0.0,0.0,3,1,1,2,1,4,0,0,0,1,0,0,1,0,0,1,0,0,1,0,0,0,0,1,1,0,0,0,0,0,0,0,0,0,1,0,0,1,1,0,0,0,0,0,277769.15625,280000.0
2847,1,4,3,1,0.0,0.0,3,1,0,2,1,5,0,0,0,1,1,0,1,0,0,0,0,0,1,0,0,0,0,1,1,0,1,0,0,0,0,1,0,0,1,0,0,1,1,0,0,0,0,0,328242.53125,318000.0
2769,1,4,3,1,0.0,5.0,3,1,1,2,1,5,0,0,0,1,1,0,1,0,0,0,0,0,1,0,0,0,0,1,1,0,0,0,1,0,0,0,0,0,1,0,0,1,1,0,0,0,0,0,448024.0,375000.0
2912,1,4,2,1,0.0,4.0,3,1,1,2,1,5,0,0,0,1,1,0,1,0,0,0,0,0,1,0,0,0,0,1,1,0,1,0,0,0,0,0,0,1,1,0,0,1,0,0,0,0,0,0,304725.75,300000.0
2709,1,4,5,1,0.0,8.0,4,1,1,1,1,8,0,0,0,1,0,0,1,0,0,1,0,0,0,0,0,0,1,1,1,0,1,0,0,0,0,0,0,0,1,0,0,1,1,0,0,0,0,0,509903.6875,520000.0
2697,1,4,5,3,0.0,5.0,3,1,0,1,1,4,1,0,0,1,1,0,0,0,0,0,0,0,0,0,1,1,0,1,0,0,1,0,0,0,0,1,0,0,1,0,0,1,1,0,0,0,0,0,406151.375,400000.0
2814,1,4,2,3,0.0,5.0,2,1,1,2,0,3,0,0,0,0,0,0,0,0,0,0,0,0,1,0,0,1,0,1,0,0,1,0,0,0,0,0,0,1,0,0,0,1,1,0,0,0,0,0,265434.03125,270000.0
2774,1,4,2,1,0.0,2.0,3,1,0,2,2,6,0,0,0,1,1,0,1,0,0,0,0,0,1,0,0,0,0,1,1,0,0,0,0,0,0,0,0,1,1,0,0,1,0,0,0,0,0,0,318510.75,340000.0
2800,1,4,2,1,0.0,10.0,3,1,1,2,1,9,0,0,0,1,1,0,1,0,0,0,0,0,1,0,0,0,0,1,1,0,0,0,0,0,0,0,0,1,1,0,0,1,0,0,0,0,0,0,313786.875,315000.0
2767,1,2,2,1,0.0,2.0,3,1,0,2,1,6,0,0,1,0,1,0,1,0,0,0,0,0,1,0,0,1,0,0,1,0,0,0,0,0,0,0,0,0,1,0,0,1,1,0,0,0,0,0,289157.28125,290000.0
2837,1,2,1,1,0.0,4.0,4,1,1,2,1,6,0,0,0,1,1,0,1,0,0,0,0,0,1,0,0,1,0,0,1,0,0,0,1,0,0,0,0,0,1,0,0,1,1,0,0,0,0,0,359724.0625,360000.0
2723,1,4,0,3,0.0,0.0,2,1,0,1,1,5,0,1,0,0,0,0,0,1,0,0,0,0,1,1,0,0,0,0,1,0,0,0,1,0,0,0,0,1,0,0,0,1,1,0,0,0,0,0,141767.5,150000.0
2746,1,4,1,1,0.0,1.0,3,1,1,1,0,5,0,0,0,1,0,0,1,0,0,1,0,0,1,0,0,1,0,1,0,0,0,0,1,0,0,0,0,0,1,0,0,1,1,0,0,0,0,0,261861.078125,260000.0
2896,1,4,1,1,32.0,12.0,2,1,1,1,1,3,1,0,0,0,0,0,1,0,0,0,0,1,0,1,0,0,0,0,0,0,0,0,1,0,0,0,0,0,1,0,1,0,0,1,0,0,0,0,140853.984375,140000.0
2745,0,3,2,1,0.0,1.0,2,1,1,1,1,2,1,0,1,0,0,0,0,0,0,1,0,0,0,0,0,0,0,0,0,0,0,1,0,1,0,1,0,0,1,0,1,0,0,0,0,0,0,0,0.0,875.0
2837,1,4,2,1,0.0,1.0,2,1,1,2,1,4,0,0,0,1,1,0,1,0,0,0,0,0,1,0,1,0,0,0,1,0,0,0,0,0,0,0,0,0,1,0,0,1,1,0,0,0,0,0,283677.3125,260000.0
2717,1,2,5,1,0.0,0.0,5,2,2,3,1,8,0,0,0,1,0,0,1,0,0,1,0,0,1,0,0,0,1,1,0,0,0,0,1,0,0,0,0,0,1,0,0,1,1,0,0,0,0,0,537488.5,540000.0
2916,1,4,3,1,0.0,2.0,4,1,0,2,1,6,0,0,1,1,1,0,0,0,0,0,0,0,1,0,0,0,0,1,1,0,1,0,0,0,0,0,0,1,1,0,0,0,1,0,0,0,0,0,355179.78125,350000.0
3027,1,4,1,1,0.0,5.0,2,1,1,1,0,4,1,0,0,0,0,0,1,0,0,0,0,1,0,1,0,0,0,0,0,0,0,0,0,0,0,0,0,1,1,0,0,0,1,0,0,0,0,0,201394.609375,200000.0
2697,1,4,2,1,0.0,2.0,2,1,1,1,1,6,1,0,0,0,0,0,1,0,0,1,0,0,1,0,0,0,0,1,1,0,0,0,1,0,0,0,0,0,1,0,0,1,1,0,0,0,0,0,371567.25,375000.0
2817,1,2,2,1,0.0,2.0,3,1,1,2,1,8,0,0,0,1,1,0,1,0,0,0,0,0,1,0,0,1,0,0,1,0,0,0,1,0,0,0,0,0,1,0,0,1,1,0,0,0,0,0,360548.875,360000.0
2916,1,4,3,1,0.0,1.0,3,1,0,2,1,4,1,0,0,0,0,0,1,0,0,1,0,0,1,0,0,0,0,1,1,0,1,0,0,0,0,0,0,0,1,0,0,1,1,0,0,0,0,0,303437.65625,300000.0
2777,1,2,1,1,0.0,9.0,3,1,1,2,1,5,0,0,0,1,1,0,1,0,0,0,0,0,1,0,0,1,0,0,1,0,0,0,1,0,0,0,0,1,1,0,0,1,0,0,0,0,0,0,277962.25,275000.0
2705,1,2,2,4,0.0,1.0,3,1,1,1,1,5,0,0,0,1,0,0,1,0,0,1,0,0,0,0,0,1,0,1,1,0,0,0,1,0,0,0,0,0,1,0,0,1,1,0,0,0,0,0,325004.40625,325000.0
2757,1,4,1,1,0.0,3.0,2,1,1,1,0,3,1,0,0,0,0,0,1,0,0,1,0,0,0,1,0,0,0,0,0,0,0,0,1,0,0,0,0,0,1,0,0,1,1,0,0,0,0,0,196023.078125,200000.0
2811,1,4,2,1,0.0,1.0,3,1,0,1,1,5,0,0,0,1,1,0,1,0,0,0,0,0,1,0,0,1,0,0,1,0,0,0,0,0,0,0,0,0,1,0,0,1,1,0,0,0,0,0,270854.78125,270000.0
2872,1,4,3,1,0.0,0.0,4,1,1,2,1,5,0,0,0,1,1,0,1,0,0,0,0,0,1,0,0,0,0,1,1,0,1,0,0,0,0,1,0,0,1,0,0,1,1,0,0,0,0,0,348982.5,330000.0
2820,1,2,0,1,0.0,3.0,1,1,0,1,1,2,1,0,0,0,1,0,0,1,0,0,0,0,0,0,0,0,0,0,0,0,0,0,0,0,0,0,0,0,1,0,0,1,1,0,0,0,0,0,156312.421875,156000.0
2879,1,4,0,1,0.0,5.0,1,1,1,1,0,2,0,0,0,0,0,0,0,1,0,0,0,0,1,0,0,0,0,1,1,0,0,0,1,0,0,0,0,1,1,0,0,0,1,0,0,0,0,0,166879.28125,170000.0
2904,1,4,3,1,0.0,0.0,3,1,2,1,1,4,0,0,0,0,0,0,1,1,0,0,0,0,1,0,0,0,0,1,1,0,0,0,1,0,0,0,0,0,1,0,0,1,1,0,0,0,0,0,373742.1875,375000.0
2868,1,2,1,1,0.0,4.0,2,1,1,1,1,7,0,0,0,1,1,0,1,0,0,0,0,0,1,0,0,1,0,0,1,0,0,0,1,0,0,0,0,0,1,0,0,1,1,0,0,0,0,0,295142.0625,288995.0
2804,1,2,1,1,0.0,0.0,3,1,0,1,1,4,0,0,0,0,0,0,0,1,0,0,0,0,1,0,0,0,0,1,1,0,0,0,1,0,0,0,0,0,1,0,0,1,1,0,0,0,0,0,279590.1875,269500.0
2711,1,2,5,1,0.0,0.0,3,1,1,1,1,8,0,0,0,1,1,0,1,0,0,0,0,0,0,0,0,1,1,0,1,0,0,0,1,0,0,0,0,0,1,0,0,0,0,0,1,0,0,1,588470.125,600000.0
2743,1,4,0,1,0.0,1.0,1,1,1,1,0,1,1,0,0,0,0,0,1,0,0,0,0,0,0,0,0,0,0,0,0,0,1,0,0,0,0,0,0,0,1,0,0,1,1,0,0,0,0,0,136047.453125,135000.0
2725,1,4,4,4,0.0,7.0,3,1,1,1,1,6,0,0,0,1,1,0,1,0,0,0,0,0,1,0,0,0,0,1,1,0,0,0,1,0,0,0,0,0,1,0,0,1,1,0,0,0,0,0,311054.34375,310000.0
2727,1,4,1,1,0.0,3.0,2,1,1,1,1,2,0,0,0,1,0,0,1,0,0,0,0,0,0,0,0,0,0,0,0,0,0,0,0,0,0,0,0,0,1,0,0,1,1,0,0,0,0,0,222149.9375,220000.0
2791,1,4,1,1,0.0,1.0,3,1,0,2,1,4,0,0,0,1,0,0,1,0,0,1,0,0,1,0,0,0,0,1,1,0,0,0,1,0,0,0,0,0,1,0,0,1,1,0,0,0,0,0,260357.828125,260000.0
2871,1,4,2,1,0.0,8.0,3,1,0,1,1,5,0,0,0,1,1,0,1,0,0,0,0,0,1,0,0,0,0,1,1,0,0,0,1,0,0,0,0,0,1,0,0,1,1,0,0,0,0,0,268870.0,265000.0
2837,1,2,2,1,0.0,2.0,2,1,1,2,1,2,1,0,0,1,0,0,1,0,0,0,0,0,1,0,0,0,0,1,1,0,0,0,0,0,0,0,0,1,1,0,0,0,1,0,0,0,0,0,247730.265625,250000.0
3020,1,4,3,1,0.0,3.0,3,1,1,2,1,5,0,0,0,0,1,0,1,1,0,0,0,0,1,0,0,0,0,1,1,0,0,0,1,0,0,0,0,0,1,0,0,1,1,0,0,0,0,0,422214.53125,425000.0
2747,1,4,2,1,0.0,3.0,3,1,0,1,1,5,0,0,0,1,0,0,1,0,0,1,0,0,1,0,0,0,0,1,1,0,0,0,1,0,0,0,0,0,1,0,0,1,1,0,0,0,0,0,241422.828125,290000.0
2900,1,4,5,1,0.0,0.0,4,1,1,1,1,8,0,0,0,1,1,1,0,0,0,0,0,0,0,0,0,0,1,1,1,0,0,0,1,0,0,0,0,0,1,0,0,1,1,0,0,0,0,0,580933.6875,575000.0
2789,1,4,2,1,0.0,3.0,3,1,1,1,2,4,0,0,0,1,0,0,1,0,0,0,0,1,1,0,0,0,0,1,1,0,0,0,1,0,0,0,0,0,1,0,0,1,1,0,0,0,0,0,304394.65625,300000.0
1071,1,6,2,1,0.0,1.0,3,1,0,0,1,0,0,0,0,0,0,0,0,1,0,0,0,0,1,0,0,1,0,0,0,0,1,0,0,0,0,0,0,0,1,0,0,0,1,0,0,0,0,0,115056.3984375,115000.0
1078,1,6,4,1,0.0,0.0,3,1,0,1,0,2,0,0,0,1,1,0,1,0,0,0,0,0,0,0,0,1,1,1,0,0,1,0,0,0,0,0,0,0,1,0,0,0,1,0,0,0,0,0,199051.21875,199999.0
1073,1,6,3,1,0.0,0.0,3,1,0,1,1,0,0,0,0,1,0,0,1,0,0,0,0,0,1,0,0,1,1,0,0,0,1,0,0,0,0,0,0,1,1,0,0,0,1,0,0,0,0,0,156195.453125,155000.0
1075,1,6,2,1,0.0,1.0,1,1,0,1,1,0,0,0,0,0,0,0,1,0,0,0,0,0,1,0,0,1,0,0,0,0,1,0,0,0,0,0,0,1,1,0,0,0,1,0,0,0,0,0,152847.109375,95000.0
1070,1,1,0,1,0.0,0.0,1,1,0,0,0,2,0,0,0,1,0,0,0,1,0,0,0,0,0,1,0,0,0,1,0,0,1,0,0,0,0,0,0,1,1,0,0,0,1,0,0,0,0,0,61900.2421875,59995.0
2105,1,6,2,1,0.0,1.0,2,1,0,2,1,0,0,1,0,0,0,0,1,0,0,0,0,0,0,1,1,1,0,0,0,0,0,0,1,0,0,0,0,1,1,0,0,0,0,0,0,0,0,0,198191.359375,290000.0
2102,0,3,1,1,0.0,3.0,2,1,2,1,0,0,0,0,0,0,0,0,1,0,0,0,0,0,1,0,0,1,0,0,0,0,0,0,0,0,0,0,0,1,0,0,0,0,0,0,0,0,0,0,608.4783935546875,1500.0
3510,1,4,0,1,0.0,1.0,3,1,0,1,0,6,0,0,0,1,1,0,1,0,0,0,0,0,1,0,1,0,1,0,0,0,0,0,0,0,0,0,0,0,1,0,0,1,1,0,0,0,0,0,153017.546875,150000.0
491,0,3,2,1,0.0,2.0,3,1,1,1,1,5,0,0,0,0,0,1,1,0,0,1,0,0,1,0,0,0,0,0,0,0,0,0,1,0,0,0,0,1,1,0,0,0,0,0,0,0,0,0,1279.4315185546875,1875.0
504,0,3,2,1,0.0,2.0,3,1,1,1,1,3,0,0,0,0,0,0,0,1,0,0,0,0,1,0,0,0,0,0,0,0,0,0,1,0,0,0,0,0,0,0,0,0,1,0,0,0,0,1,1331.0252685546875,1700.0
496,0,3,3,1,0.0,2.0,2,1,1,2,1,3,1,0,0,0,0,0,0,0,0,0,0,0,1,0,0,0,0,0,0,0,0,0,1,0,0,0,0,1,1,1,0,0,0,0,0,0,0,0,1434.8240966796875,1625.0
510,1,4,2,1,0.0,10.0,3,1,0,1,1,9,0,0,0,0,0,1,1,0,0,1,0,0,1,0,0,0,1,0,0,0,0,0,0,0,0,0,0,1,1,0,0,1,0,0,0,0,0,0,335699.9375,335500.0
502,0,3,1,1,0.0,2.0,2,1,1,2,0,2,0,1,0,0,0,0,0,0,0,0,0,0,1,0,0,0,0,0,0,0,0,0,1,0,0,0,0,0,0,0,0,0,0,1,0,0,0,0,1277.1209716796875,860.0
502,0,3,1,1,0.0,4.0,2,1,1,2,0,2,0,1,0,0,0,0,0,0,0,0,0,0,1,0,0,0,0,0,0,0,0,0,1,0,0,0,0,0,0,0,0,0,0,1,0,0,0,0,1136.3963623046875,900.0
505,0,3,4,1,0.0,1.0,5,1,1,1,1,7,0,0,0,1,0,0,0,0,0,0,0,0,1,0,0,0,0,0,0,0,0,0,1,0,0,0,0,0,0,0,0,0,1,0,0,0,0,0,2651.744140625,3000.0
505,0,3,4,1,0.0,6.0,5,1,1,1,1,7,0,0,0,1,0,0,0,0,0,0,0,0,1,0,0,0,0,0,0,0,0,0,1,0,0,0,0,0,0,0,0,0,1,0,0,0,0,0,2227.095703125,2250.0
505,0,3,4,1,0.0,0.0,4,1,1,1,1,7,0,0,0,1,0,0,0,0,0,0,0,0,1,0,0,0,0,0,0,0,0,0,1,0,0,0,0,0,0,0,0,0,1,0,0,0,0,0,2589.431640625,3000.0
505,0,3,4,1,0.0,0.0,4,1,1,1,1,7,0,0,0,1,0,0,0,0,0,0,0,0,1,0,0,0,0,0,0,0,0,0,1,0,0,0,0,0,0,0,0,0,1,0,0,0,0,0,2589.431640625,3000.0
2545,1,6,2,1,0.0,2.0,4,1,1,1,1,1,1,0,0,0,0,0,1,1,0,0,0,0,1,0,0,0,0,0,0,1,0,0,1,0,0,0,0,0,1,0,1,0,0,0,0,0,0,1,239261.28125,240000.0
1360,1,7,4,1,0.0,0.0,3,1,1,0,0,6,0,0,0,0,0,0,0,1,1,0,0,0,0,1,0,0,1,0,0,0,0,0,0,0,0,0,0,0,1,0,0,0,1,0,0,0,0,0,305889.375,299000.0
1397,1,7,2,4,0.0,2.0,3,1,1,1,1,3,0,0,0,0,0,0,0,1,0,0,0,0,0,0,0,0,1,0,1,0,0,0,0,0,0,0,0,0,0,0,1,0,0,0,0,0,0,0,170309.078125,170000.0
2743,0,3,1,1,0.0,3.0,2,1,1,1,1,1,0,0,0,0,0,0,0,1,0,0,0,0,1,0,0,0,0,1,1,0,0,0,0,0,0,0,0,0,1,0,0,1,1,0,0,0,0,0,751.1541748046875,775.0
2876,1,2,1,1,0.0,3.0,2,1,1,1,0,6,0,0,0,1,1,0,1,0,0,0,0,0,0,0,1,0,0,1,1,0,0,0,1,0,0,0,0,0,1,0,0,1,1,0,0,0,0,0,214558.640625,210000.0
2908,1,2,3,1,0.0,0.0,4,1,1,2,1,6,0,0,0,1,1,0,1,0,0,0,0,0,1,0,0,0,0,1,1,0,1,0,0,0,0,1,0,1,1,0,0,0,1,0,0,0,0,0,359445.0625,350000.0
2726,1,4,1,1,0.0,2.0,2,1,1,1,1,3,0,0,0,0,0,0,0,1,0,0,0,0,1,0,0,0,0,1,1,0,0,0,1,0,0,0,0,0,1,0,0,1,1,0,0,0,0,0,253720.171875,240000.0
2872,1,2,3,1,0.0,2.0,3,1,1,2,1,5,1,0,0,1,0,0,1,0,0,0,0,0,1,0,0,1,0,0,1,0,0,0,0,0,0,0,0,1,1,0,0,1,0,0,0,0,0,0,341313.75,325000.0
3494,1,4,1,1,0.0,1.0,3,1,0,0,1,10,0,0,0,0,1,0,1,0,0,0,0,0,1,0,0,0,0,0,0,0,0,0,0,0,0,0,0,0,0,0,0,0,0,0,0,0,0,0,179896.140625,180000.0
3481,0,3,2,1,0.0,7.0,3,1,1,1,1,7,1,0,0,0,0,0,1,0,0,0,0,0,1,0,0,0,1,0,0,0,0,0,1,0,0,0,0,0,1,0,0,0,1,0,0,0,0,0,784.3846435546875,850.0
3568,0,3,1,1,0.0,1.0,2,1,1,1,1,5,0,0,0,1,1,0,0,0,0,0,0,0,1,0,0,0,1,0,0,0,0,0,1,0,0,0,0,0,1,0,0,0,1,0,0,0,0,0,542.6971435546875,720.0
1963,0,3,2,1,0.0,0.0,4,1,1,2,1,4,0,0,0,1,0,0,0,0,0,0,0,0,1,0,0,0,0,0,0,0,0,0,0,0,0,0,0,0,0,0,0,0,1,0,0,0,0,0,839.6307373046875,850.0
805,0,3,0,1,0.0,0.0,2,1,1,1,1,0,0,0,0,0,0,0,0,1,0,0,0,0,1,0,0,1,0,0,0,0,0,0,1,0,0,0,0,0,1,0,0,0,1,0,0,0,0,0,565.4197998046875,400.0
1425,1,2,4,1,0.0,0.0,4,1,1,1,1,6,0,0,0,1,0,0,1,0,0,0,0,0,1,0,1,0,0,1,0,0,0,0,0,0,0,0,0,0,1,0,0,0,1,0,0,0,0,0,548993.75,550000.0
4167,1,4,4,1,0.0,2.0,4,1,1,1,1,5,0,0,0,1,0,0,1,0,0,1,0,0,1,0,0,1,0,1,0,0,0,0,0,0,0,0,0,0,1,0,0,0,1,0,0,0,0,0,519773.71875,525000.0
4165,1,4,3,1,0.0,0.0,3,1,1,1,0,3,0,0,0,0,0,0,1,0,0,0,0,0,1,0,0,0,0,1,0,0,0,0,0,0,0,0,0,0,0,0,0,0,0,0,0,0,0,0,401033.90625,400000.0
4183,1,4,3,1,0.0,3.0,2,1,1,1,1,2,1,0,0,0,0,0,0,0,0,0,0,0,1,0,0,0,0,1,0,0,1,0,0,0,0,0,0,1,1,0,0,0,0,0,0,0,0,0,324078.375,325000.0
4129,1,4,2,1,0.0,6.0,2,1,1,1,0,1,0,0,0,0,0,0,0,0,0,0,0,0,0,0,0,0,0,0,0,0,0,0,0,0,0,0,0,0,0,0,0,0,1,0,0,0,0,0,201129.328125,200000.0
4143,1,4,2,1,0.0,8.0,4,1,1,1,1,6,0,0,0,0,0,0,1,0,0,0,0,0,1,0,0,1,1,0,0,0,0,0,0,0,0,0,0,0,0,0,0,0,1,0,0,0,0,0,483850.5625,475000.0
4059,1,2,6,1,0.0,2.0,5,1,1,1,1,6,0,0,0,0,1,0,1,0,0,0,0,0,1,0,0,0,0,1,0,0,0,0,0,0,0,0,0,0,0,0,0,0,1,0,0,0,0,0,754285.9375,750000.0
4097,1,4,3,1,0.0,1.0,3,1,1,1,0,5,0,0,0,0,0,0,1,0,0,0,0,0,1,0,0,0,0,0,1,0,0,0,0,0,0,0,0,0,0,0,0,0,1,0,0,0,0,0,495420.40625,500000.0
4054,1,4,2,1,0.0,1.0,3,1,1,1,1,4,0,0,0,0,0,0,1,0,0,0,0,0,1,0,0,0,0,1,1,0,0,0,0,0,0,0,0,0,0,0,0,0,1,0,0,0,0,0,502709.125,500000.0
4164,1,4,6,1,0.0,0.0,3,1,1,1,1,6,0,0,0,1,1,1,0,0,0,0,0,0,0,0,0,0,0,1,1,0,0,0,0,0,0,0,0,0,0,0,0,0,1,0,0,0,0,0,957635.375,960000.0
1426,1,4,1,1,0.0,2.0,2,1,1,1,1,2,0,1,0,0,0,0,0,0,0,0,0,0,0,1,0,0,0,0,0,0,0,0,0,0,0,0,0,0,0,0,1,0,0,0,0,0,0,0,219143.359375,220000.0
4183,1,4,3,1,0.0,2.0,2,1,1,1,1,2,0,0,0,1,0,0,1,0,0,0,0,0,1,0,0,0,0,1,1,0,0,0,0,0,0,0,0,0,0,0,0,0,1,0,0,0,0,0,326267.1875,325000.0
4045,1,4,1,1,0.0,8.0,1,1,1,1,0,2,0,1,0,0,0,0,1,0,0,0,0,0,0,1,0,0,0,0,0,0,0,0,0,0,0,0,0,0,0,0,1,0,0,0,0,0,0,0,182811.140625,190000.0
4110,1,4,3,1,0.0,5.0,2,1,1,1,0,3,0,0,0,0,0,0,1,0,0,0,0,0,1,0,0,0,0,1,0,0,0,0,0,0,0,0,0,0,0,0,0,0,0,0,1,0,0,0,451931.40625,450000.0
1495,1,4,2,1,0.0,2.0,2,1,1,1,1,1,0,0,0,0,0,0,0,1,0,0,0,0,1,0,0,1,0,1,0,0,0,0,1,0,0,0,0,0,1,0,0,0,1,0,0,0,0,0,357455.34375,350000.0
1493,1,2,2,1,0.0,1.0,3,1,1,1,1,1,0,0,0,1,0,0,1,0,0,1,0,0,1,0,1,0,0,1,0,0,0,0,1,0,0,0,0,0,0,0,0,0,0,0,1,0,0,0,294692.78125,300000.0
1484,1,2,4,1,0.0,1.0,4,1,1,2,1,0,0,0,0,1,1,0,1,0,0,0,0,0,1,0,1,0,0,0,1,0,0,0,1,0,0,0,0,0,1,0,0,0,1,0,0,0,0,0,397922.84375,390000.0
1486,1,4,4,1,0.0,2.0,3,1,1,1,1,1,0,0,0,1,1,0,1,0,0,0,0,0,0,0,1,1,0,1,0,0,0,0,1,0,0,0,0,0,1,0,0,0,1,0,0,0,0,0,351709.65625,350000.0
1491,1,2,3,1,0.0,3.0,3,1,0,2,1,1,0,0,0,1,1,0,1,0,0,0,0,0,0,0,1,0,1,1,0,0,0,0,1,0,0,0,0,0,1,0,0,0,1,0,0,1,0,0,344203.3125,335000.0
1490,1,4,3,1,0.0,1.0,3,1,0,2,1,2,0,0,0,1,1,0,1,0,0,0,0,0,1,0,1,0,0,1,0,0,0,0,1,0,0,0,0,0,1,0,0,0,1,0,0,0,0,0,352191.625,355000.0
583,1,4,0,3,0.0,5.0,1,1,1,1,0,1,0,0,0,0,0,0,0,1,0,0,0,0,0,1,0,0,0,0,0,0,0,0,1,0,0,0,0,0,1,0,0,0,1,0,0,0,0,0,95104.6171875,95000.0
577,1,4,0,3,0.0,5.0,1,1,1,1,0,1,0,0,0,0,0,0,0,1,0,0,0,0,1,0,0,0,0,1,0,0,1,0,0,0,0,0,0,0,1,0,0,0,1,0,0,0,0,0,93511.3984375,95000.0
584,1,4,0,3,0.0,2.0,1,1,1,0,0,2,0,0,0,0,0,0,0,1,0,0,0,0,1,1,0,1,0,0,0,0,0,0,1,0,0,0,0,0,1,0,0,0,1,0,0,0,0,0,96879.8203125,95000.0
571,1,4,0,3,0.0,2.0,1,1,1,1,0,1,0,1,0,0,0,0,0,0,0,0,0,0,1,1,0,0,0,0,0,0,0,0,1,0,0,0,0,0,1,0,0,0,1,0,0,0,0,0,93183.3359375,95000.0
588,1,4,1,4,0.0,2.0,2,1,1,2,0,1,0,0,0,0,0,0,0,1,0,0,0,0,1,0,0,1,0,0,0,0,0,0,1,0,0,0,0,1,1,0,0,0,0,0,0,0,0,0,147358.3125,145000.0
590,1,4,1,4,0.0,3.0,3,1,1,1,0,1,0,0,0,0,0,0,0,1,0,0,0,0,1,0,0,1,0,0,0,0,0,0,1,0,0,0,0,1,1,0,0,0,0,0,0,0,0,0,163042.921875,165000.0
1383,0,3,0,1,0.0,0.0,1,1,1,1,1,2,1,0,0,0,0,0,1,0,0,1,0,0,0,0,0,0,0,0,0,0,0,0,0,0,0,0,0,0,0,0,0,0,1,0,0,0,0,0,653.0975341796875,550.0
1381,1,4,2,4,0.0,1.0,2,1,1,1,0,6,0,0,0,1,0,0,1,0,0,1,0,0,1,0,0,1,0,0,0,0,0,0,0,0,0,0,0,1,0,0,0,0,0,0,0,0,0,0,151407.421875,150000.0
1331,1,4,1,1,0.0,2.0,2,1,1,1,1,2,0,0,0,0,0,0,0,1,0,0,0,0,1,0,0,0,1,1,0,0,0,0,0,0,0,0,0,0,1,0,0,0,1,0,0,0,0,0,212756.546875,210000.0
1393,0,3,0,1,0.0,1.0,1,1,1,1,0,2,0,0,0,1,0,0,1,0,0,0,0,0,0,0,0,0,1,0,0,0,0,0,0,0,0,0,0,0,1,0,0,0,1,0,0,0,0,0,594.5994873046875,695.0
1406,0,3,1,1,0.0,1.0,2,1,1,1,0,1,0,0,0,0,0,0,0,1,0,0,0,0,0,0,0,0,1,1,0,0,0,0,0,0,0,0,0,0,0,0,0,0,1,0,0,0,0,0,784.1776123046875,640.0
1374,1,4,2,4,0.0,3.0,3,1,1,1,1,4,0,0,0,1,1,1,0,0,0,0,0,0,1,0,1,0,0,1,0,0,0,0,0,0,0,0,0,0,0,0,1,0,0,0,0,0,0,0,208430.640625,210000.0
1336,0,3,2,1,0.0,4.0,3,1,1,1,1,4,0,0,0,1,1,0,0,0,0,1,0,0,1,0,0,1,1,0,0,0,0,0,0,0,0,0,0,0,1,0,0,0,1,0,0,0,0,0,867.0721435546875,895.0
1384,0,3,2,1,0.0,2.0,3,1,1,1,1,3,0,0,0,1,1,0,1,0,0,0,0,0,0,0,1,0,0,0,1,0,0,0,0,0,0,0,0,0,1,0,0,0,1,0,0,0,0,0,912.9783935546875,950.0
1402,1,2,5,4,0.0,1.0,3,2,1,2,2,11,0,0,0,1,1,0,1,0,0,0,0,0,0,0,0,0,0,1,0,1,0,1,0,0,1,0,0,0,0,0,0,0,1,0,0,0,0,0,315461.84375,325000.0
1362,1,2,1,1,0.0,0.0,3,1,1,1,1,1,0,0,0,0,0,0,0,1,1,0,0,0,0,0,0,0,0,0,0,0,0,0,0,0,0,0,0,0,1,0,0,0,1,0,0,0,0,0,240669.015625,240000.0
1404,0,3,1,1,0.0,1.0,2,1,1,1,1,1,0,0,0,0,1,0,0,0,0,0,0,0,0,0,0,0,0,0,0,0,0,0,0,0,0,0,0,0,0,0,0,0,1,0,0,0,0,0,834.5799560546875,650.0
1389,1,4,2,3,0.0,0.0,3,1,1,1,1,4,0,0,0,1,0,0,0,1,0,0,0,0,1,0,0,0,1,1,0,0,0,0,0,0,0,0,0,0,1,0,0,0,1,0,0,0,0,0,207718.421875,209950.0
1409,0,3,1,1,0.0,1.0,3,1,1,1,1,4,0,0,0,1,0,0,1,0,0,0,0,0,1,0,0,1,0,0,0,0,0,0,0,0,0,0,0,1,1,0,0,0,0,0,0,0,0,0,655.5194091796875,650.0
1403,1,7,4,1,0.0,1.0,4,1,1,1,0,6,0,0,0,1,1,0,1,0,0,0,0,0,1,0,0,0,1,1,0,0,0,0,0,0,0,0,0,0,1,1,0,0,0,0,0,0,0,1,596032.5,575000.0
1398,1,7,2,1,0.0,3.0,2,1,1,1,1,4,0,0,0,0,0,0,1,0,0,1,0,0,0,0,0,0,0,1,1,1,0,0,0,0,0,0,0,0,1,0,1,0,0,0,0,0,0,0,301119.5,310000.0
1401,0,3,3,1,0.0,1.0,2,1,1,1,0,4,0,0,0,0,0,0,0,1,0,0,0,0,1,0,0,0,0,1,0,0,0,0,0,0,0,0,0,0,1,0,0,0,1,0,0,0,0,0,1287.7362060546875,850.0
1368,0,3,4,1,0.0,1.0,3,1,1,0,1,3,0,1,0,0,1,0,0,0,0,0,0,0,0,1,0,0,0,0,0,0,0,0,0,0,0,0,0,0,1,0,1,0,0,0,0,0,0,0,1793.7557373046875,1950.0
1913,1,7,2,1,0.0,3.0,4,1,0,1,1,6,0,0,0,0,1,0,1,0,0,0,0,0,1,0,1,1,0,0,0,0,0,0,0,0,0,0,0,0,1,0,0,0,1,0,0,0,0,0,186525.078125,185000.0
2026,1,7,0,1,0.0,1.0,3,1,0,1,1,5,0,0,0,0,0,0,0,1,0,0,0,0,1,0,1,0,0,0,1,0,0,0,0,0,0,0,0,0,0,0,0,0,1,0,0,0,0,0,134261.859375,135000.0
2039,1,7,3,1,0.0,1.0,4,1,0,3,1,5,0,0,0,0,0,0,0,1,0,0,0,0,0,0,1,1,0,0,1,0,0,0,0,0,0,0,0,0,1,0,0,0,1,0,0,0,0,0,385324.65625,385000.0
331,1,7,2,1,0.0,2.0,5,2,0,1,1,10,0,0,0,0,1,0,1,0,0,0,0,0,1,0,0,1,1,0,0,0,0,0,0,0,0,0,0,0,1,0,0,0,1,0,0,0,0,0,171016.765625,170000.0
2093,1,7,2,4,0.0,1.0,3,1,0,1,1,4,0,0,0,0,1,0,1,0,0,0,0,0,1,0,0,1,0,1,0,0,0,0,0,0,0,0,0,0,1,0,0,0,1,0,0,1,0,0,195268.96875,190000.0
2050,1,7,0,4,0.0,1.0,3,1,0,1,0,3,0,0,0,0,0,0,0,1,0,0,0,0,0,1,0,0,0,0,0,0,0,0,0,0,0,0,0,1,0,0,0,0,0,0,0,0,0,0,111207.59375,110000.0
1933,1,7,2,1,0.0,1.0,2,1,0,1,1,3,0,0,0,0,0,0,0,1,0,0,0,0,1,0,1,0,0,1,0,0,0,0,0,0,0,0,0,0,1,0,0,0,1,0,0,0,0,0,201059.859375,200000.0
2033,1,6,0,1,0.0,1.0,2,1,0,1,1,2,0,0,0,0,0,0,0,1,0,0,0,0,0,0,1,1,0,0,0,0,0,0,0,0,0,0,0,0,1,0,0,0,1,0,0,0,0,0,111281.8203125,110000.0
1939,1,6,1,1,0.0,2.0,4,1,0,1,1,3,0,0,0,1,0,0,1,0,0,0,0,0,0,0,1,1,0,0,1,0,0,0,0,0,0,0,0,0,1,0,0,0,1,0,0,0,0,0,191937.90625,200000.0
1935,1,7,1,1,0.0,1.0,3,1,1,1,1,4,0,0,0,0,0,0,0,1,0,0,0,0,1,0,0,0,0,0,0,0,0,0,0,0,0,0,0,0,1,0,0,0,1,0,0,0,0,0,150693.859375,220000.0
1931,1,6,0,1,0.0,3.0,2,1,0,0,1,5,0,0,0,0,0,0,0,1,0,0,0,0,1,0,0,1,1,0,0,0,0,0,0,0,0,0,0,0,1,0,0,0,1,0,0,0,0,0,157666.359375,155000.0
2023,1,4,1,1,0.0,2.0,2,1,0,0,1,7,0,0,0,1,1,0,1,0,0,0,0,0,0,0,1,0,0,0,1,0,0,0,0,0,0,0,0,0,1,0,0,0,1,0,0,0,0,0,203985.765625,210000.0
1937,1,6,0,1,0.0,2.0,3,1,0,1,1,5,0,0,0,0,0,0,0,1,0,0,0,0,0,0,1,1,0,0,0,0,0,0,0,0,0,0,0,0,1,0,0,0,1,0,0,0,0,0,129366.28125,130000.0
3433,1,7,0,1,0.0,1.0,2,1,0,1,0,3,0,0,0,0,0,0,0,1,0,0,0,0,1,0,1,1,0,0,0,0,0,0,0,0,0,0,0,0,0,0,0,0,1,0,0,0,0,0,87584.6015625,85000.0
2039,1,7,3,1,0.0,0.0,4,1,0,1,1,11,0,0,0,0,0,0,0,1,0,0,0,0,0,0,1,1,0,0,1,0,0,0,0,0,0,0,0,0,1,0,0,0,1,0,0,0,0,0,389164.5,470000.0
1915,1,7,2,1,0.0,1.0,3,1,0,1,1,5,0,0,0,1,0,0,1,0,0,0,0,0,1,0,0,1,1,0,0,0,0,0,0,0,0,0,0,1,1,0,0,0,0,0,0,0,0,0,253183.734375,250000.0
3477,1,7,4,1,0.0,2.0,4,1,0,2,3,7,0,0,0,1,1,0,1,0,0,0,0,0,1,0,1,1,0,0,0,0,0,0,0,0,0,0,0,0,1,0,0,0,1,0,0,0,0,0,335772.1875,350000.0
2040,1,7,3,1,0.0,1.0,3,1,0,2,1,7,1,0,0,0,1,0,1,0,0,0,0,0,0,0,0,0,0,0,0,0,0,0,0,0,0,0,0,0,1,0,0,0,1,0,0,0,0,0,254344.3125,250000.0
3116,0,3,4,1,0.0,2.0,4,1,0,0,1,10,0,0,0,1,0,0,1,0,0,0,0,0,1,0,0,0,1,0,0,0,0,0,0,0,0,0,0,0,0,0,0,1,1,0,0,0,0,0,1764.7635498046875,1750.0
4476,0,3,3,1,0.0,0.0,3,1,2,2,0,1,0,0,0,1,1,0,1,0,0,0,0,0,1,0,0,1,0,0,0,0,0,0,0,0,0,0,0,0,0,0,0,0,1,0,0,0,0,0,769.3162841796875,1200.0
4443,1,6,3,1,0.0,1.0,3,1,1,1,1,3,0,0,0,1,0,0,1,0,0,0,0,0,1,0,1,1,0,0,0,0,0,0,0,0,0,0,0,0,1,0,0,0,1,0,0,0,0,0,334037.1875,340000.0
4458,1,6,5,1,0.0,0.0,4,1,0,2,1,6,0,0,0,1,1,0,1,0,0,0,0,0,1,0,1,0,1,0,0,0,0,0,0,0,0,0,0,0,1,0,0,1,1,0,0,0,0,0,449794.28125,450000.0
547,0,3,0,1,0.0,2.0,1,1,0,1,1,1,0,0,0,0,0,0,0,1,0,0,0,0,1,0,0,1,0,0,0,0,0,0,0,0,0,0,0,0,1,0,0,1,1,0,0,0,0,0,689.3026123046875,750.0
4448,0,3,3,1,0.0,3.0,2,1,0,1,0,3,0,0,0,0,0,1,1,0,0,0,0,0,1,0,0,1,1,0,0,0,0,0,0,0,0,0,0,0,1,0,0,0,1,0,0,0,0,0,0.0,1100.0
3612,0,3,2,1,0.0,3.0,2,1,1,1,0,3,1,0,0,0,0,1,1,0,0,0,0,0,0,1,0,0,0,0,0,0,0,1,0,0,0,0,0,0,0,0,0,1,1,0,0,0,0,0,849.0643310546875,750.0
1528,1,7,5,1,0.0,0.0,4,1,1,2,1,10,0,0,0,1,1,0,1,0,0,0,0,0,1,0,0,1,0,0,0,0,1,0,0,0,0,0,0,0,1,0,0,0,1,0,0,0,0,0,427694.0,425000.0
3478,0,3,2,1,0.0,0.0,3,1,1,1,1,1,0,0,0,0,0,0,0,1,0,0,1,1,1,0,0,1,0,1,0,0,0,0,0,0,0,0,0,0,1,0,0,0,1,0,0,0,0,0,72078.5234375,1350.0
3621,0,3,0,1,0.0,2.0,2,1,1,1,1,2,0,0,0,1,0,0,1,0,0,1,0,0,1,0,1,0,0,1,0,0,0,0,0,0,0,0,0,1,1,0,0,0,1,0,0,0,0,0,652.3045654296875,650.0
3639,1,7,0,1,0.0,1.0,2,1,1,1,0,3,0,0,0,1,0,1,1,0,0,0,0,0,0,0,1,1,0,1,0,0,0,0,0,0,0,0,0,0,1,0,0,1,1,0,0,0,0,0,107739.9453125,110000.0
3636,0,3,1,1,0.0,0.0,1,1,1,0,0,4,1,0,0,0,0,0,1,0,0,0,0,0,0,1,0,0,0,0,0,0,0,0,0,0,0,0,0,0,1,0,0,0,1,0,0,0,0,0,455.7294006347656,500.0
1600,1,7,2,1,0.0,3.0,2,1,0,1,1,6,0,0,0,1,0,0,1,0,0,0,0,0,0,0,0,1,0,0,1,0,1,0,0,0,0,0,0,0,1,0,0,0,1,0,0,0,0,0,204726.671875,200000.0
3616,0,3,1,1,0.0,5.0,3,1,2,1,0,3,0,0,0,1,0,1,1,0,0,0,0,0,1,0,1,0,0,1,0,0,0,0,0,0,0,0,0,1,1,0,0,0,1,0,0,0,0,0,772.1502685546875,725.0
3609,0,3,3,1,0.0,3.0,4,1,2,2,1,3,0,0,0,1,0,0,1,0,0,1,0,0,0,0,0,1,0,1,1,0,0,0,0,0,0,0,0,1,1,0,0,0,1,0,0,0,0,0,537.3065185546875,950.0
2921,1,7,2,1,0.0,0.0,3,1,0,3,1,1,1,0,0,0,0,0,1,0,0,0,0,0,0,0,0,1,0,0,1,0,0,0,0,0,0,0,0,0,0,0,0,0,1,0,0,0,0,0,204214.265625,200000.0
2922,1,2,3,1,0.0,0.0,4,1,0,2,1,5,0,0,0,1,1,0,0,0,0,0,0,0,0,0,0,1,0,0,1,0,0,0,0,0,0,0,0,0,0,0,0,0,1,0,0,0,0,0,341593.25,300000.0
2918,1,6,0,1,0.0,1.0,3,1,1,1,0,1,0,0,0,0,0,0,1,0,0,0,0,0,1,0,0,1,0,0,0,0,1,0,0,0,0,0,0,0,0,0,0,0,1,0,0,0,0,0,132378.921875,130000.0
3913,1,7,4,1,0.0,1.0,4,1,0,1,1,6,0,0,0,1,1,0,1,0,0,0,0,0,1,0,1,1,0,0,0,0,0,0,0,0,0,0,0,0,1,0,0,0,1,0,0,0,0,0,250985.328125,250000.0
3903,0,3,2,1,0.0,2.0,3,1,1,1,1,3,0,0,0,0,0,0,1,0,0,0,0,0,0,0,0,1,0,0,1,0,0,0,0,0,0,0,0,0,1,0,0,0,1,0,0,0,0,0,0.0,560.0
3858,0,3,1,1,0.0,2.0,2,1,1,1,0,3,0,0,0,1,1,0,0,0,0,0,0,0,0,0,1,1,0,0,1,0,0,0,0,0,0,0,0,0,1,0,0,0,1,0,0,0,0,0,295.6439514160156,650.0
3906,0,3,0,1,0.0,2.0,2,1,0,1,0,4,0,0,0,1,0,0,1,0,0,0,0,0,1,0,1,0,0,1,0,0,0,0,0,0,0,0,0,0,1,0,0,0,1,0,0,0,0,0,730.9725341796875,460.0
199,1,7,1,1,0.0,4.0,2,1,0,1,0,7,0,0,0,1,0,0,1,0,0,0,0,0,1,0,1,1,0,0,0,0,0,0,0,0,0,0,0,0,1,0,0,0,1,0,0,0,0,0,116552.0234375,114000.0
2491,1,7,0,1,0.0,1.0,2,2,0,2,2,7,0,0,0,1,0,1,0,0,0,1,0,0,1,0,0,0,0,0,0,0,0,0,0,0,0,0,0,0,1,0,0,0,1,0,0,0,0,0,108425.0859375,110000.0
804,1,4,0,1,0.0,10.0,3,1,0,1,1,1,0,0,0,0,0,0,0,1,0,0,0,0,0,0,1,0,0,1,1,0,0,0,1,0,0,0,0,0,0,0,0,0,1,0,0,0,0,0,145789.609375,75000.0
1963,0,3,2,1,0.0,0.0,4,1,1,2,1,4,0,0,0,1,0,0,0,0,0,0,0,0,1,0,1,0,0,0,0,0,0,0,0,0,0,0,0,0,0,0,0,0,1,0,0,0,0,0,1081.7655029296875,850.0
1191,0,3,3,1,0.0,1.0,5,1,1,1,1,5,0,0,0,1,0,0,1,0,0,0,0,0,1,0,1,0,1,0,0,0,0,0,1,0,0,0,0,1,1,0,0,0,1,0,0,0,0,0,1713.1619873046875,1500.0
1181,0,3,2,1,0.0,1.0,3,1,1,1,1,1,1,0,0,1,1,0,0,0,0,0,0,0,1,0,1,0,1,0,0,0,0,0,0,1,0,0,0,1,1,0,0,1,0,0,0,0,0,0,1215.0311279296875,975.0
1179,1,2,1,1,0.0,1.0,2,1,1,1,1,0,1,0,0,0,0,0,1,0,0,0,0,0,1,0,0,0,0,0,0,0,0,0,1,0,0,0,0,1,0,0,0,1,0,0,0,0,0,0,209060.390625,210000.0
1198,1,4,3,1,0.0,2.0,3,1,0,1,1,3,0,0,0,1,1,0,0,1,0,0,0,0,1,0,1,1,0,0,0,0,0,0,1,0,0,0,0,1,1,0,0,0,1,0,0,0,0,0,341602.3125,335000.0
1186,1,6,2,1,0.0,0.0,4,2,1,2,1,6,1,0,0,1,0,0,1,0,0,0,0,0,0,0,1,0,1,1,0,0,0,0,1,0,0,0,1,0,1,0,0,0,0,0,0,0,0,1,533814.375,685000.0
5148,1,2,3,1,0.0,1.0,3,1,1,2,0,4,0,0,0,1,0,0,1,0,0,1,0,0,1,0,1,0,0,0,1,0,0,0,1,0,0,0,0,0,1,0,0,1,1,0,0,0,0,0,418855.1875,415000.0
5155,1,2,3,3,0.0,2.0,3,1,1,1,1,4,0,0,0,1,0,0,0,0,0,0,0,0,1,0,1,0,0,1,0,0,0,0,1,0,0,0,0,0,1,0,0,0,1,0,0,0,0,0,369545.5625,360000.0
3789,1,2,0,3,0.0,5.0,3,1,0,1,1,3,0,0,0,0,0,0,0,0,0,0,0,0,0,0,0,0,0,0,1,0,0,0,0,0,0,0,0,0,0,0,0,0,1,0,0,0,0,0,96383.015625,95000.0
3931,1,2,2,4,0.0,7.0,3,1,1,2,1,3,0,0,0,1,1,0,1,0,0,0,0,0,1,0,1,1,0,0,0,0,0,0,0,0,0,0,0,0,0,0,0,0,0,0,0,0,0,0,233953.421875,240000.0
3534,1,4,2,1,0.0,0.0,3,1,1,0,0,6,0,0,0,0,1,0,0,0,0,0,0,0,0,0,1,0,0,0,1,0,0,0,0,0,0,0,0,0,0,0,0,0,1,0,0,0,0,0,199571.046875,200000.0
2108,1,4,3,1,0.0,0.0,4,1,3,1,1,6,0,0,0,1,1,0,0,0,0,0,0,0,0,0,1,0,1,0,0,0,0,0,0,0,0,0,0,1,1,0,0,0,0,0,1,0,0,0,242110.078125,250000.0
3539,1,4,1,1,0.0,0.0,3,1,0,1,1,6,0,0,0,1,1,0,0,0,0,0,0,0,0,0,1,0,0,1,0,0,0,0,0,0,0,0,0,1,0,0,0,0,0,0,1,0,0,0,299004.0,300000.0
3547,1,2,2,4,0.0,2.0,3,1,1,1,1,4,0,0,0,1,0,0,1,0,0,0,0,0,0,0,0,0,0,0,1,0,0,0,0,0,0,0,0,0,0,0,0,0,0,0,1,0,0,0,183088.390625,300000.0
3542,0,3,2,1,0.0,2.0,3,1,2,1,1,1,0,0,0,1,0,0,0,0,0,1,0,0,0,0,1,0,1,1,0,0,1,0,0,0,0,0,0,1,0,0,0,1,0,0,0,0,0,0,1140.4471435546875,950.0
3540,1,7,6,1,0.0,1.0,4,2,1,1,1,11,0,0,0,1,1,0,0,0,0,1,0,0,0,0,1,0,0,1,0,0,1,0,0,0,0,0,0,1,0,0,0,0,0,0,1,0,0,1,586084.0625,600000.0
3543,1,4,3,1,0.0,0.0,3,1,0,1,1,9,0,0,0,1,1,0,0,0,0,1,0,0,0,0,1,1,0,0,1,0,0,0,0,0,0,0,0,1,0,0,0,0,0,0,1,0,0,0,351242.09375,350000.0
3544,0,3,1,1,0.0,1.0,3,1,1,1,0,2,0,0,0,1,0,0,1,0,0,0,0,0,1,0,0,1,0,1,0,0,1,0,0,0,0,0,0,1,0,0,0,0,0,0,1,0,0,0,433.9042053222656,950.0
3544,0,3,0,1,0.0,7.0,2,1,0,1,0,3,0,0,0,1,0,0,1,0,0,0,0,0,0,0,0,0,1,0,0,0,1,0,0,0,0,0,0,0,0,0,0,0,0,0,1,0,0,1,919.4334716796875,700.0
3535,1,2,2,1,0.0,1.0,5,1,0,2,0,5,0,0,0,0,0,0,0,1,0,0,0,0,1,0,0,0,1,1,0,0,0,0,0,0,0,0,0,0,0,0,0,0,1,0,0,0,0,0,245774.046875,240000.0
3541,0,3,1,1,0.0,2.0,3,1,0,1,1,4,0,0,0,1,1,0,0,0,0,0,0,0,1,0,1,0,0,0,0,0,0,0,0,0,0,0,0,0,0,0,0,0,1,0,0,0,0,0,601.3172607421875,725.0
3537,0,3,1,3,0.0,0.0,3,1,1,1,1,2,0,0,0,0,0,0,0,1,0,0,0,0,0,0,1,0,1,0,0,0,0,0,0,0,0,0,0,1,0,0,0,0,1,0,0,0,0,0,569.9490966796875,650.0
3428,1,2,2,3,0.0,1.0,3,1,1,1,0,0,1,0,0,0,0,0,0,0,0,0,0,0,0,1,0,0,0,0,0,0,0,1,0,0,0,0,0,0,0,0,0,0,0,0,0,0,0,0,713723.5,735000.0
5165,1,2,3,1,0.0,1.0,2,1,0,0,1,0,0,0,0,0,0,0,1,0,0,0,0,0,0,1,0,0,0,0,0,0,0,1,0,0,0,0,0,0,0,0,1,0,0,0,0,0,0,0,475330.125,485000.0
126,0,3,1,1,0.0,1.0,2,1,0,2,1,5,1,0,0,0,0,0,1,0,0,0,0,0,1,0,0,0,1,0,0,0,0,0,1,0,0,0,0,0,1,0,0,0,1,0,0,0,0,0,732.6737060546875,775.0
131,1,4,3,3,0.0,7.0,3,1,1,1,0,7,0,0,0,1,1,0,0,0,0,0,0,0,1,0,0,1,1,0,0,0,1,0,0,0,0,0,0,0,1,0,0,0,1,0,0,0,0,0,210790.734375,210000.0
106,0,3,2,1,0.0,3.0,3,1,1,2,0,5,1,0,0,0,0,0,0,0,0,0,0,0,1,0,0,0,0,0,0,0,0,0,1,0,0,0,0,0,1,0,0,0,1,0,0,0,0,0,987.7049560546875,750.0
2637,1,2,2,1,0.0,2.0,3,1,0,1,1,2,0,0,0,0,1,0,0,0,0,0,0,0,1,0,1,0,0,0,1,0,0,0,1,0,0,0,0,1,1,0,0,0,1,0,0,0,0,0,300530.6875,300000.0
2588,0,3,1,1,0.0,3.0,3,1,0,0,1,1,0,0,0,0,0,0,0,1,0,0,0,0,1,0,1,0,0,1,0,0,0,0,0,0,0,0,0,1,0,0,0,1,1,0,0,0,0,0,1007.3065185546875,1000.0
2628,0,3,1,1,0.0,3.0,1,1,0,1,0,1,1,0,0,0,0,0,1,0,0,1,0,0,0,1,0,0,0,0,0,0,0,0,0,0,0,0,0,0,0,0,1,0,0,0,0,0,0,0,725.6815185546875,750.0
2608,0,3,1,1,0.0,2.0,2,1,0,1,1,1,1,0,0,0,0,0,0,0,0,0,0,0,1,0,0,0,0,1,0,0,0,0,1,0,0,0,0,0,1,0,0,0,1,0,0,0,0,0,645.5682373046875,1000.0
2659,0,3,1,1,0.0,1.0,2,1,1,1,0,0,1,0,0,0,0,0,1,0,0,1,0,0,0,0,0,0,0,0,0,0,0,0,0,0,0,0,0,1,0,0,0,1,1,0,0,0,0,0,966.5584716796875,800.0
2631,0,3,2,1,0.0,0.0,3,1,0,1,1,5,0,0,0,1,1,0,1,0,0,0,0,0,0,0,1,0,1,1,0,0,0,0,1,0,0,0,0,1,1,0,0,0,1,0,0,0,0,0,1484.5174560546875,1300.0
2635,1,2,0,1,0.0,3.0,1,1,0,1,1,2,0,0,0,1,0,0,1,0,0,1,0,0,0,0,1,0,0,1,1,0,1,0,0,0,0,0,0,0,0,0,1,0,0,1,0,0,0,0,94898.6953125,160000.0
2636,0,3,2,1,0.0,4.0,3,1,0,1,1,2,0,0,0,1,0,0,1,0,0,0,0,0,0,0,1,0,1,1,0,0,0,0,0,0,0,0,0,1,1,0,0,0,1,0,0,0,0,0,1272.8260498046875,1330.0
2627,0,3,1,1,0.0,4.0,2,1,0,1,0,1,1,1,0,0,0,0,0,0,0,1,0,0,0,0,0,0,0,0,0,0,0,0,0,0,0,0,0,0,0,0,1,0,0,1,0,0,0,0,1816.2440185546875,900.0
2640,1,7,2,1,0.0,4.0,3,1,0,1,0,2,0,0,0,1,1,0,0,0,0,0,0,0,1,0,1,0,0,1,0,0,0,0,0,0,0,0,0,1,0,0,0,1,1,0,0,0,0,0,218416.046875,270000.0
2650,0,3,0,1,0.0,2.0,1,1,0,0,1,0,1,0,0,0,0,0,0,0,0,0,0,0,0,1,0,0,0,0,0,0,0,0,1,0,0,0,0,0,0,0,1,0,0,1,0,0,0,0,539.7733154296875,650.0
2656,0,3,1,1,0.0,2.0,2,1,0,0,1,4,0,0,0,0,0,0,0,1,1,0,0,1,0,0,1,0,0,1,0,1,0,0,0,0,0,0,0,1,1,0,0,1,0,0,0,0,0,0,1361.8553466796875,900.0
2639,1,7,1,1,0.0,4.0,1,1,0,1,0,1,1,0,0,0,0,0,1,0,0,0,0,1,0,1,0,0,0,0,0,0,0,0,1,0,0,0,0,0,1,0,1,0,0,1,0,0,0,0,157474.828125,160000.0
4004,1,7,5,1,0.0,0.0,4,1,0,1,1,3,0,0,0,1,1,0,1,0,0,0,0,0,1,0,1,0,0,1,0,0,0,0,0,0,0,0,0,1,1,0,0,0,1,0,0,0,0,0,596119.25,600000.0
4927,1,7,1,1,0.0,1.0,2,1,1,1,1,2,0,0,0,1,0,0,0,0,0,1,0,1,0,0,0,0,0,0,0,0,0,0,0,1,0,0,0,0,1,0,0,1,0,0,0,0,0,0,203136.359375,160000.0
4842,1,7,3,1,0.0,1.0,4,1,1,1,1,6,0,0,0,1,0,0,1,0,0,0,0,0,1,0,1,0,0,1,0,0,0,0,0,0,0,0,0,0,1,0,0,0,1,0,0,0,0,0,339856.875,225000.0
4855,1,2,3,1,0.0,1.0,4,1,1,3,1,7,0,0,0,1,1,0,1,0,0,0,0,0,1,1,1,0,0,0,0,0,0,0,0,0,0,0,0,0,1,0,0,0,1,0,0,0,0,0,391657.875,435000.0
4786,0,3,1,1,0.0,7.0,2,1,0,1,1,2,1,0,0,0,0,0,1,0,0,0,0,0,1,0,1,0,0,0,0,0,0,0,0,0,0,0,0,0,1,0,0,0,1,0,0,0,0,0,616.3045654296875,550.0
4777,0,3,1,1,0.0,7.0,3,1,1,0,1,6,0,0,0,1,1,0,1,0,0,0,0,0,1,0,1,0,0,1,0,0,0,0,0,0,0,0,0,0,1,0,0,0,1,0,0,0,0,0,627.7908935546875,650.0
4953,1,2,2,1,0.0,1.0,4,1,1,1,1,8,0,0,0,1,0,0,1,0,0,1,0,0,1,0,1,0,0,1,0,0,0,0,0,0,0,0,0,0,1,0,0,0,0,0,1,0,0,0,231769.25,235000.0
4761,1,2,4,1,0.0,3.0,4,1,1,1,0,8,0,0,0,1,1,0,1,0,0,0,0,0,1,0,1,0,0,1,0,0,0,0,0,0,0,0,0,0,1,0,0,0,1,0,0,0,0,0,373545.0,370000.0
4763,0,3,1,1,0.0,4.0,3,1,1,1,1,4,0,0,0,1,0,0,1,0,0,0,0,0,1,0,0,0,0,1,0,0,0,0,0,0,0,0,0,0,1,0,0,0,1,0,0,0,0,0,666.2596435546875,725.0
4904,1,2,1,1,0.0,2.0,2,1,1,1,1,4,0,0,0,0,0,0,0,1,0,0,0,0,1,0,1,0,0,1,0,0,0,0,0,0,0,0,0,0,1,0,0,0,1,0,0,0,0,0,172657.84375,175000.0
4947,0,3,4,1,0.0,5.0,4,1,1,2,1,5,0,0,0,1,0,0,0,0,0,0,0,0,1,0,0,0,0,0,0,0,0,0,0,0,0,0,0,0,1,0,0,0,1,0,0,0,0,0,1107.2674560546875,900.0
4754,0,3,1,1,0.0,5.0,2,1,1,1,1,1,0,0,0,0,0,0,1,0,0,0,0,0,1,0,0,0,0,0,0,0,0,0,0,0,0,0,0,0,0,0,0,0,1,0,0,0,0,0,673.7322998046875,620.0
4762,1,7,1,1,0.0,7.0,3,1,1,1,1,5,0,0,0,0,0,0,0,1,0,0,0,0,1,0,0,0,0,1,0,0,0,0,0,0,0,0,0,0,1,0,0,0,1,0,0,0,0,0,216507.453125,225000.0
4881,1,7,2,1,0.0,1.0,4,1,1,1,1,4,0,0,0,1,1,0,1,0,0,0,0,0,1,0,1,0,0,1,0,0,0,0,0,0,0,0,0,0,1,0,0,0,1,0,0,0,0,0,238819.15625,240000.0
4897,1,7,1,1,0.0,2.0,3,1,1,1,1,4,0,0,0,1,1,0,0,0,0,1,0,0,0,0,1,0,0,1,1,0,0,0,0,0,0,0,0,0,1,0,0,0,1,0,0,0,0,0,199908.3125,200000.0
4876,1,7,1,1,0.0,2.0,3,1,1,1,1,4,0,0,0,1,1,0,0,0,0,1,0,0,1,0,0,0,0,1,0,0,0,0,0,0,0,0,0,0,1,0,0,0,1,0,0,0,0,0,226191.953125,165000.0
4931,1,7,2,1,0.0,1.0,3,1,1,1,1,5,0,0,0,1,0,0,0,0,0,1,0,0,0,0,1,0,0,1,1,0,0,0,0,0,0,0,0,0,1,0,0,0,1,0,0,0,0,0,299928.46875,230000.0
4938,1,7,4,1,0.0,1.0,5,1,1,1,1,10,0,0,0,1,1,0,1,0,0,0,0,0,1,0,1,0,1,0,0,0,0,0,0,0,0,0,0,0,1,0,0,0,1,0,0,0,0,0,366509.1875,368000.0
5066,1,2,4,1,0.0,1.0,3,1,1,1,1,8,0,0,0,1,1,0,1,0,0,0,0,0,1,0,1,0,0,1,0,0,0,0,0,0,0,0,0,0,0,0,0,0,1,0,0,0,0,0,386794.625,375000.0
4926,1,2,2,1,0.0,1.0,3,1,0,1,1,6,0,0,0,0,0,0,0,1,0,0,0,0,1,0,1,0,1,0,0,0,0,0,0,0,0,0,0,0,0,0,0,1,1,0,0,0,0,0,377610.8125,375000.0
4818,1,7,1,1,0.0,1.0,2,1,1,1,1,3,0,0,0,0,0,0,0,1,0,0,0,0,1,0,1,0,0,1,0,0,0,0,0,0,0,0,0,0,0,0,0,0,1,0,0,0,0,0,189613.296875,195000.0
4759,1,7,0,1,0.0,1.0,2,1,1,0,1,3,0,0,0,0,0,0,0,1,0,0,0,0,1,0,1,0,0,1,0,0,0,0,0,0,0,0,0,0,1,0,0,0,1,0,0,0,0,0,137510.296875,140000.0
4903,1,7,2,1,0.0,0.0,2,1,1,1,0,1,0,0,0,0,0,0,0,0,0,0,0,1,0,1,0,0,0,0,0,0,0,1,0,0,0,0,0,0,1,0,1,0,0,0,0,0,0,0,156487.09375,145000.0
4988,0,3,0,1,0.0,2.0,1,1,0,1,1,1,1,0,0,0,0,0,0,0,0,0,0,0,0,1,0,0,0,0,0,0,0,0,0,0,0,0,0,0,1,0,0,0,0,1,0,0,0,0,0.0,450.0
4943,1,7,2,1,0.0,4.0,3,1,1,1,1,5,0,0,0,1,0,0,1,0,0,1,0,0,1,0,0,0,0,0,0,0,0,0,0,0,0,0,0,0,1,0,0,1,1,0,0,0,0,0,220326.671875,220000.0
890,1,7,0,3,0.0,1.0,3,1,0,1,1,4,0,0,0,0,0,0,0,1,0,0,0,0,1,0,0,0,0,0,0,0,0,0,0,0,0,0,0,0,0,0,0,0,1,0,0,0,0,0,91134.28125,89950.0
889,0,3,1,1,0.0,0.0,2,1,0,1,1,3,1,0,0,0,0,1,0,0,0,0,0,0,0,0,0,0,0,0,0,1,0,1,0,0,0,1,0,0,0,0,1,0,0,0,0,0,0,0,632.9471435546875,575.0
865,1,4,1,1,0.0,1.0,3,1,1,1,1,4,0,0,0,0,1,0,1,0,0,0,0,0,1,0,0,0,0,0,0,0,0,0,0,0,0,0,0,0,0,0,0,0,1,0,0,0,0,0,125395.109375,125000.0
866,1,4,1,3,0.0,2.0,3,1,1,1,1,3,0,0,0,1,1,0,0,0,0,0,0,0,1,0,0,1,0,0,0,0,0,0,0,0,0,0,0,1,0,0,0,0,0,0,0,0,0,0,114706.0703125,115000.0
902,1,4,2,3,0.0,2.0,3,1,0,1,1,8,0,0,0,1,1,0,1,0,0,0,0,0,1,0,0,1,0,0,0,0,0,0,0,0,0,0,0,0,0,0,0,0,1,0,0,0,0,0,183622.5,180000.0
886,1,2,1,1,0.0,0.0,4,1,1,1,1,8,0,0,0,1,1,0,0,0,0,0,0,0,1,0,0,1,0,0,0,0,0,0,0,0,0,0,0,0,0,0,0,0,1,0,0,0,0,0,191650.171875,185000.0
1852,1,7,0,1,0.0,3.0,2,1,0,1,1,2,0,0,0,0,0,0,0,1,0,0,0,0,0,0,0,0,0,0,1,0,0,0,0,0,0,0,0,0,0,0,0,0,1,0,0,0,0,0,56220.23046875,55000.0
899,1,7,2,1,0.0,1.0,3,1,0,1,1,7,0,0,0,1,1,0,0,0,0,0,0,0,0,0,0,1,0,0,1,0,0,0,0,0,0,0,0,1,0,0,0,0,0,0,1,0,0,0,210147.59375,210000.0
867,1,7,1,1,0.0,2.0,3,1,1,1,0,4,0,0,0,0,0,0,1,0,0,0,0,0,1,0,0,1,0,0,0,0,0,0,0,0,0,0,0,0,0,0,0,0,1,0,0,0,0,0,125263.3203125,125000.0
872,1,10,1,1,0.0,0.0,3,1,1,1,1,1,0,0,0,1,0,0,1,0,0,0,0,0,0,0,1,0,0,0,0,0,0,0,0,0,0,0,0,0,0,0,0,0,1,0,0,0,0,0,117282.0078125,67475.0
1840,1,4,0,1,0.0,2.0,3,1,1,1,1,5,0,1,0,0,0,0,0,0,0,0,0,0,1,0,0,1,0,0,0,0,0,0,0,0,0,0,0,0,0,0,0,0,1,0,0,0,0,0,135245.375,65000.0
821,1,7,0,1,0.0,1.0,2,1,1,1,1,3,0,0,0,1,1,0,1,0,0,0,0,0,1,0,0,1,0,0,0,0,0,0,0,0,0,0,0,0,0,0,0,0,1,0,0,0,0,0,130005.5234375,127500.0
910,1,7,0,1,0.0,9.0,3,1,1,1,1,4,0,0,0,1,1,0,0,0,0,0,0,0,0,0,0,1,0,0,1,0,0,0,0,0,0,0,0,0,0,0,0,0,1,0,0,0,0,0,157465.34375,155000.0
1868,1,4,0,3,0.0,0.0,4,1,0,1,1,3,0,0,0,0,0,0,1,0,0,0,0,0,1,0,0,0,0,0,0,0,0,0,0,0,0,0,0,0,0,0,0,0,1,0,0,0,0,0,94079.265625,95000.0
873,1,7,1,1,0.0,0.0,3,1,1,1,1,5,0,0,0,1,1,0,0,0,0,0,0,0,0,0,1,1,0,0,0,0,0,0,0,0,0,0,0,0,0,0,0,0,1,0,0,0,0,0,116151.609375,160000.0
910,1,7,0,3,0.0,2.0,2,1,1,1,1,5,0,0,0,1,1,0,0,0,0,0,0,0,0,0,1,0,0,1,0,0,0,0,0,0,0,0,0,0,0,0,0,0,0,0,1,0,0,0,122779.6328125,130000.0
1852,1,7,0,1,0.0,0.0,2,1,0,1,1,2,0,0,0,0,0,0,0,1,0,0,0,0,0,0,0,0,0,0,1,0,0,0,0,0,0,0,0,0,0,0,0,0,1,0,0,0,0,0,81460.2578125,55000.0
915,1,7,0,3,0.0,2.0,3,1,1,2,0,4,0,1,0,0,0,0,1,0,0,0,0,0,0,0,1,1,0,0,1,0,0,0,0,0,0,0,0,0,0,0,0,0,1,0,0,0,0,0,90318.8984375,90000.0
3852,1,2,2,1,0.0,0.0,2,1,1,1,0,1,0,0,0,0,0,0,0,0,1,0,0,0,0,0,0,0,0,0,0,0,0,1,0,0,0,0,0,0,0,0,1,0,0,0,0,0,0,0,129192.8359375,130000.0
3856,1,6,4,1,0.0,3.0,4,1,0,1,1,5,0,0,0,1,1,0,0,0,0,0,0,0,0,0,1,1,0,0,0,0,0,0,0,0,0,0,0,0,1,0,0,0,1,0,0,0,0,0,293062.9375,290000.0
3861,1,2,0,1,0.0,7.0,3,1,0,1,0,3,0,0,0,0,0,0,0,0,0,0,0,0,0,0,1,0,0,0,0,0,0,0,0,0,0,0,0,1,0,0,0,0,0,0,0,0,0,0,70006.421875,70000.0
3934,1,7,1,1,0.0,1.0,3,1,1,1,1,1,0,0,0,1,1,0,1,0,0,0,0,0,1,0,0,0,1,0,0,0,0,0,0,0,0,0,0,0,1,0,0,0,1,0,0,0,0,0,225290.53125,230000.0
3935,1,7,0,1,0.0,1.0,3,1,1,1,1,1,0,0,0,0,0,0,0,1,0,0,0,0,1,0,0,1,0,0,0,0,0,0,0,0,0,0,0,0,0,0,0,0,1,0,0,0,0,0,177081.578125,180000.0
4192,1,7,3,1,0.0,6.0,3,1,1,1,1,6,0,0,0,1,0,1,1,0,0,0,0,0,1,0,1,0,0,1,0,0,0,0,1,0,0,0,0,1,1,1,0,0,0,0,0,0,0,0,443643.5,435000.0
4196,1,2,1,1,0.0,2.0,3,1,1,1,0,7,0,0,0,1,0,0,1,0,0,1,0,0,1,0,1,0,0,0,1,0,0,0,0,0,0,0,0,1,0,0,0,1,1,0,0,0,0,0,236237.375,215000.0
4203,1,7,3,1,0.0,0.0,2,1,0,0,1,5,1,0,0,0,0,0,1,0,0,1,0,0,0,1,0,0,0,0,0,0,0,0,1,0,0,0,0,1,0,0,0,1,1,0,0,0,0,0,228417.265625,230000.0
57,1,2,2,1,0.0,2.0,2,1,1,1,1,7,0,0,0,1,1,0,1,0,0,0,0,0,1,0,1,0,0,1,0,0,0,0,0,0,0,0,0,1,1,0,0,0,0,0,1,0,0,0,280484.65625,255000.0
76,1,6,1,1,0.0,2.0,2,1,1,1,1,3,1,0,0,0,0,0,1,0,0,1,0,0,0,0,0,0,0,0,0,0,0,0,0,0,0,0,0,1,0,0,0,1,1,0,0,0,0,0,135299.078125,140000.0
82,1,2,3,1,0.0,6.0,5,1,0,3,1,13,0,0,0,1,1,0,1,0,0,0,0,0,1,0,1,0,0,0,1,0,0,0,1,0,0,0,0,1,0,0,0,1,1,0,0,0,0,0,383508.5,285000.0
89,1,4,0,1,0.0,1.0,2,1,1,1,1,4,1,0,0,0,1,0,1,0,0,0,0,0,1,0,1,0,0,1,0,0,0,0,0,0,0,0,0,1,0,0,0,1,1,0,0,0,0,0,220040.296875,138000.0
4206,1,6,1,1,0.0,1.0,3,2,1,1,1,7,0,0,0,1,0,0,1,0,0,1,0,0,1,0,1,0,1,0,0,0,0,0,0,0,0,0,0,1,0,0,0,1,1,0,0,0,0,0,247157.96875,250000.0
4198,1,7,0,1,0.0,1.0,3,1,1,1,1,7,0,0,0,1,1,0,1,0,0,0,0,0,1,0,1,1,0,0,0,0,0,0,0,0,0,0,0,1,0,0,0,1,1,0,0,0,0,0,217884.546875,215000.0
79,1,2,3,3,0.0,4.0,3,1,0,1,1,7,0,0,0,1,1,0,0,0,0,1,0,0,1,0,1,1,0,0,0,0,0,0,0,0,0,0,0,1,0,0,0,1,1,0,0,0,0,0,203172.515625,205000.0
4199,0,3,2,1,0.0,5.0,3,1,0,2,1,7,0,1,0,0,1,0,0,0,0,0,0,1,1,0,0,1,0,1,0,0,0,0,0,0,0,0,0,1,0,0,0,1,1,0,0,0,0,0,431.4940490722656,925.0
169,0,3,0,1,0.0,5.0,2,1,1,1,0,4,0,0,0,0,0,0,0,1,0,0,0,0,0,0,0,0,0,0,0,0,0,0,1,0,0,0,0,0,1,0,0,0,1,0,0,0,0,0,187.55264282226562,450.0
150,0,3,1,3,0.0,3.0,3,1,1,1,1,3,0,0,0,0,0,0,0,1,0,0,0,0,0,0,0,1,1,0,0,0,0,0,1,0,0,0,0,0,1,0,0,0,1,0,0,0,0,0,459.7284240722656,650.0
162,1,2,0,3,0.0,0.0,2,1,1,1,1,2,0,0,0,0,0,0,0,1,0,0,0,0,0,0,0,0,0,0,0,0,0,0,1,0,0,0,0,0,1,0,0,0,1,0,0,0,0,0,99977.9453125,85000.0
159,1,7,2,1,0.0,2.0,3,1,0,2,1,10,0,0,0,1,1,0,0,0,0,0,0,0,0,0,1,1,1,0,0,0,1,0,1,0,0,0,0,0,1,0,0,0,1,0,0,1,0,0,244702.15625,237500.0
139,1,4,2,2,0.0,1.0,2,1,0,1,1,8,0,0,0,1,1,0,0,0,0,0,0,0,1,0,0,1,0,0,0,0,1,0,0,0,0,0,0,0,0,0,0,0,1,0,0,0,0,0,188308.671875,185000.0
193,1,6,0,1,0.0,0.0,3,1,0,2,1,8,0,0,0,1,0,0,1,0,0,0,0,0,0,0,1,1,0,0,1,0,0,0,1,0,0,0,0,0,1,0,0,0,1,0,0,0,0,0,120700.6953125,120000.0
147,1,2,0,1,0.0,2.0,2,1,0,1,0,7,0,0,0,1,0,0,1,0,0,0,0,0,0,0,1,0,0,1,0,0,1,0,0,0,0,0,0,0,1,0,0,0,1,0,0,0,0,0,126265.5703125,120000.0
184,1,7,3,1,0.0,1.0,4,1,0,1,1,13,0,0,0,1,1,0,0,0,0,0,0,0,0,0,0,0,1,0,1,0,0,0,1,0,0,0,0,0,1,0,0,0,1,0,0,0,0,0,312461.8125,310000.0
370,1,4,4,1,0.0,2.0,4,1,0,1,1,11,0,0,0,1,0,0,0,0,0,0,0,0,0,0,1,1,0,1,0,0,1,0,0,0,0,0,0,0,1,0,0,0,1,0,0,0,0,0,353271.71875,350000.0
178,0,3,0,1,0.0,2.0,2,1,1,0,1,9,0,0,0,0,0,0,0,1,0,0,0,0,0,0,0,1,0,0,0,0,0,0,1,0,0,0,0,0,1,0,0,0,1,0,0,0,0,0,572.1112060546875,550.0
181,1,7,2,1,0.0,1.0,5,1,1,2,0,10,0,0,0,1,1,0,0,0,0,1,0,0,0,0,0,1,1,0,1,0,0,0,1,0,0,0,0,0,1,0,0,0,1,0,0,0,0,0,330341.0625,340000.0
3532,1,6,3,1,15.0,7.0,4,1,0,1,0,10,0,0,0,1,1,0,1,0,0,0,0,0,1,0,1,0,0,0,1,0,0,0,1,0,0,0,0,0,1,0,0,0,1,0,0,0,0,0,441187.875,425000.0
5353,1,6,1,3,0.0,5.0,2,1,0,1,0,3,0,0,0,0,0,0,0,1,0,0,0,0,1,0,1,0,1,0,0,0,0,0,1,0,0,0,0,0,0,0,0,0,0,0,0,0,0,0,110086.53125,160000.0
5498,1,6,2,1,0.0,0.0,2,1,0,1,0,4,0,0,0,1,1,0,1,0,0,0,0,0,1,0,1,0,0,1,0,0,1,0,0,0,0,0,0,0,1,0,0,0,1,0,0,0,0,0,245262.1875,250000.0
5496,0,3,2,1,0.0,1.0,2,1,0,1,1,4,0,0,0,1,1,0,1,0,0,0,0,0,1,0,1,0,1,0,0,0,0,0,1,0,0,0,0,0,1,0,0,1,1,0,0,0,0,0,654.4998779296875,750.0
5458,0,3,0,1,0.0,4.0,1,1,0,1,1,0,1,0,0,0,0,0,1,0,0,0,0,0,0,1,0,0,0,0,0,0,0,0,1,0,0,0,0,1,0,0,1,0,0,0,0,0,0,0,749.2010498046875,550.0
2803,1,4,2,1,0.0,5.0,3,1,0,1,1,5,0,0,0,1,1,0,1,0,0,0,0,0,1,0,0,1,0,1,0,0,0,0,0,0,0,0,0,1,1,0,0,0,1,0,0,0,0,0,309245.875,310000.0
2848,1,7,3,1,0.0,3.0,4,1,1,2,1,4,0,0,0,1,0,0,1,0,0,1,0,0,1,0,0,0,0,1,1,0,0,0,0,0,0,0,0,0,1,0,0,1,1,0,0,0,0,0,317752.71875,325000.0
771,1,2,0,1,0.0,1.0,3,1,0,2,1,6,1,0,0,0,0,0,1,0,0,0,0,1,0,0,0,1,1,0,1,0,0,0,0,0,0,0,1,0,0,0,0,1,1,0,0,0,0,0,139081.15625,135000.0
2771,1,4,2,1,0.0,5.0,3,1,0,1,1,5,0,0,0,1,0,0,1,0,0,1,0,0,0,0,0,1,0,1,1,0,0,0,0,0,0,0,0,1,1,0,0,0,1,0,0,0,0,0,310582.5,300000.0
2735,0,3,1,1,0.0,2.0,2,1,1,1,0,0,1,0,0,0,0,0,1,0,0,0,0,1,0,1,0,0,0,0,0,0,0,0,1,0,0,0,0,0,0,0,1,0,0,0,0,0,0,0,692.0521240234375,850.0
2741,1,4,1,1,0.0,2.0,1,1,0,1,1,3,1,0,0,0,0,0,1,0,0,0,0,1,0,1,0,0,0,0,0,0,0,0,0,0,0,0,0,0,0,0,1,0,0,0,0,0,0,1,171391.390625,166000.0
2813,1,4,2,4,0.0,2.0,3,1,1,2,1,6,0,0,0,0,0,0,0,1,0,0,0,0,1,0,0,1,0,1,0,0,0,0,1,0,0,0,0,1,0,0,0,1,1,0,0,0,0,0,293535.8125,300000.0
2864,1,4,2,1,0.0,4.0,3,1,1,2,1,6,1,0,0,0,0,0,1,0,0,0,0,1,0,0,0,1,1,0,1,0,0,0,1,0,0,0,0,0,1,0,0,1,1,0,0,0,0,0,249519.765625,260000.0
2834,0,3,3,1,0.0,3.0,4,1,1,2,1,5,0,0,0,1,1,0,0,0,0,0,0,1,1,0,0,0,1,0,1,0,0,0,0,0,0,1,0,1,1,0,0,0,1,0,0,0,0,0,0.0,1275.0
2913,0,3,2,1,0.0,7.0,2,1,0,2,1,3,1,0,0,1,0,0,1,0,0,0,0,0,1,0,0,0,1,0,1,0,0,0,1,0,0,0,0,1,1,0,0,0,1,0,0,0,0,0,967.6502685546875,950.0
2768,1,4,1,1,0.0,5.0,2,1,0,1,1,4,1,0,0,1,0,0,1,0,0,0,0,0,1,0,0,1,0,0,1,0,1,0,0,0,0,0,0,0,1,0,0,1,1,0,0,0,0,0,229791.984375,225000.0
2855,1,4,3,1,0.0,3.0,3,1,0,2,1,6,1,0,0,0,0,0,1,0,0,0,0,1,0,0,0,1,1,0,1,0,0,0,1,0,0,0,0,1,1,0,0,0,1,0,0,0,0,0,262863.0625,260000.0
2775,1,4,4,1,0.0,1.0,4,1,1,2,1,6,0,0,0,1,1,0,1,0,0,0,0,0,1,0,0,1,0,0,1,0,0,0,0,0,0,0,0,1,1,0,0,0,1,0,0,0,0,0,425036.09375,425000.0
3021,1,4,2,1,0.0,0.0,3,1,1,1,1,4,0,0,0,1,0,0,1,0,0,0,0,1,0,0,0,0,1,1,1,0,0,0,1,0,0,0,0,1,1,0,0,0,1,0,0,0,0,0,363313.4375,350000.0
2916,1,4,1,1,0.0,2.0,2,1,0,1,1,3,1,0,0,0,0,0,1,0,0,1,0,0,0,0,0,0,0,0,0,0,0,0,0,0,0,0,0,0,1,0,0,1,1,0,0,0,0,0,204227.34375,210000.0
2877,1,4,3,1,0.0,3.0,4,1,1,2,1,4,1,0,0,0,0,0,1,0,0,0,1,0,0,0,0,0,1,1,1,0,0,0,1,0,0,0,0,0,1,0,0,1,1,0,0,0,0,0,326844.8125,318500.0
2911,1,4,4,1,0.0,6.0,4,1,1,2,1,8,0,0,0,1,1,0,1,0,0,0,0,0,1,0,0,0,0,1,1,0,0,0,1,0,0,0,0,1,1,0,0,0,1,0,0,0,0,0,425037.0,400000.0
2874,1,4,1,1,0.0,2.0,2,1,0,1,1,3,1,0,0,0,0,0,1,0,0,1,0,0,0,1,0,0,0,0,0,0,0,0,1,0,0,0,0,1,1,0,0,0,1,0,0,0,0,0,151490.390625,170000.0
2774,1,7,2,1,0.0,2.0,3,1,1,1,1,5,0,0,0,1,1,0,1,0,0,0,0,0,1,0,0,0,0,1,1,0,0,0,1,0,0,0,0,0,1,0,0,1,0,0,0,0,0,0,327011.71875,325000.0
2743,1,7,1,1,0.0,1.0,2,1,1,1,1,4,0,0,0,0,0,0,0,1,0,0,0,0,1,0,0,1,0,0,0,1,0,0,0,0,0,0,0,0,0,0,0,0,1,0,0,0,0,0,170478.578125,270000.0
2744,1,4,3,1,0.0,3.0,3,1,1,2,1,6,0,0,0,1,1,0,1,0,0,0,0,0,0,0,0,0,1,1,1,0,0,0,1,0,0,0,0,0,1,0,0,1,1,0,0,0,0,0,334424.03125,330000.0
2867,1,4,1,1,0.0,8.0,3,1,0,2,1,5,0,0,0,1,0,0,1,0,0,1,0,0,0,0,0,0,1,1,1,0,0,0,0,0,0,0,0,0,1,0,0,1,1,0,0,0,0,0,260053.078125,260000.0
2743,1,4,2,1,0.0,1.0,3,1,1,1,1,3,0,0,0,0,0,0,0,1,1,0,0,1,1,0,0,0,0,1,1,0,0,0,0,0,0,0,0,0,1,0,0,1,1,0,0,0,0,0,346561.25,335000.0
3022,0,3,2,1,0.0,3.0,2,1,1,1,1,8,0,0,0,1,0,0,1,0,0,0,0,0,1,0,0,0,0,1,1,0,0,0,0,0,0,0,0,0,1,0,0,0,1,0,1,0,0,0,461.0487365722656,950.0
2786,1,4,1,1,0.0,3.0,2,1,1,1,0,5,0,0,0,1,1,0,1,0,0,0,0,0,1,0,0,0,0,1,1,0,0,0,1,0,0,0,0,0,1,0,0,1,1,0,0,0,0,0,220802.453125,220000.0
4561,1,4,3,1,0.0,1.0,3,1,1,2,1,3,0,0,0,1,0,0,1,0,0,1,0,0,1,0,1,1,0,0,0,0,0,0,1,0,0,0,0,0,1,0,0,0,1,0,0,0,0,0,204248.25,325000.0
4633,0,3,2,1,0.0,2.0,3,1,1,1,1,5,0,0,0,1,1,0,1,0,0,0,0,0,0,0,0,1,1,0,1,0,0,0,1,0,0,0,0,0,1,0,0,0,1,0,0,0,0,0,446.1581115722656,875.0
4525,0,3,0,1,0.0,2.0,2,1,1,1,1,0,0,0,0,0,0,0,0,1,0,0,0,0,0,0,0,0,0,0,0,0,0,0,1,0,0,0,0,0,1,0,1,0,0,0,0,0,0,0,380.2088928222656,385.0
4542,1,4,1,1,0.0,1.0,4,1,1,1,1,3,0,0,0,0,0,0,0,1,0,0,0,0,1,0,1,0,1,0,0,0,1,0,0,0,0,0,0,0,1,0,0,0,1,0,0,0,0,0,154337.453125,160000.0
4562,1,4,1,1,0.0,2.0,3,1,0,3,1,2,1,0,0,0,0,1,1,0,0,0,0,0,1,0,0,0,1,0,1,0,0,0,1,0,0,0,0,0,1,0,0,0,1,0,0,0,0,0,156638.5,150000.0
4607,0,3,0,1,0.0,1.0,2,1,0,1,1,1,0,0,0,0,0,0,1,0,0,0,1,0,0,0,0,1,0,0,0,0,0,0,0,0,0,0,0,0,1,0,0,0,1,0,0,0,0,0,900.8323974609375,450.0
4697,1,7,2,1,0.0,2.0,2,1,1,1,1,3,0,0,0,1,1,0,1,0,0,0,0,0,1,0,0,0,1,0,1,0,0,0,1,0,0,0,0,0,1,0,0,0,1,0,0,0,0,0,176001.765625,170000.0
4665,0,3,0,1,0.0,2.0,2,1,1,1,1,3,0,0,0,0,0,0,0,1,0,0,0,0,1,0,0,0,1,0,0,0,1,0,0,0,0,0,0,0,1,0,0,0,1,0,0,0,0,0,547.1131591796875,440.0
4656,0,3,0,1,0.0,1.0,2,1,0,1,1,2,0,0,0,1,0,0,1,0,0,0,0,0,1,0,0,1,0,0,0,0,1,0,0,0,0,0,0,0,1,0,0,0,1,0,0,0,0,0,664.8592529296875,500.0
4657,0,3,0,1,0.0,2.0,2,1,1,1,1,1,0,0,0,0,0,0,0,1,0,0,0,0,0,0,0,0,1,0,0,0,0,0,1,0,0,0,0,0,0,0,0,0,1,0,0,0,0,0,365.2010803222656,400.0
4670,0,3,2,1,0.0,3.0,3,1,1,2,1,6,0,0,0,1,0,0,1,0,0,0,0,0,1,0,0,1,1,0,0,0,0,0,1,0,0,0,0,0,1,0,0,0,1,0,0,0,0,0,770.4217529296875,700.0
4690,0,3,0,1,0.0,1.0,2,1,0,1,1,2,0,0,0,0,0,0,0,1,0,0,0,0,0,0,0,0,0,0,0,1,0,0,1,0,0,0,0,0,0,0,0,0,1,0,0,0,0,0,473.5096740722656,495.0
4628,0,3,0,1,0.0,3.0,3,1,0,1,1,1,0,0,0,0,0,0,1,0,0,0,0,0,1,0,1,0,0,0,0,0,1,0,0,0,0,0,0,0,1,0,0,0,1,0,0,0,0,0,577.8826904296875,675.0
4552,0,3,1,1,0.0,1.0,2,1,0,1,1,1,1,0,0,0,0,0,1,0,0,0,0,0,0,1,0,0,0,0,0,0,0,0,1,0,0,0,0,0,1,0,0,0,1,0,0,0,0,0,830.7166748046875,525.0
4662,0,3,0,1,0.0,2.0,2,1,1,1,1,1,0,0,0,0,0,0,0,1,0,0,0,0,1,0,1,0,1,0,0,0,1,0,0,0,0,0,0,0,1,0,0,0,1,0,0,0,0,0,635.7069091796875,460.0
4661,1,0,1,1,0.0,4.0,2,1,1,2,1,2,0,0,0,1,1,0,1,0,0,0,0,0,1,0,0,1,0,0,0,0,0,0,1,0,0,0,0,0,1,0,0,0,1,0,0,0,0,0,88326.9296875,90000.0
4557,0,3,2,1,0.0,1.0,2,1,1,1,1,1,0,0,0,0,0,0,1,0,0,0,1,1,0,1,0,0,0,0,0,0,1,0,0,0,0,0,0,0,1,0,1,0,0,0,0,0,0,0,0.0,625.0
4541,1,4,0,1,0.0,1.0,2,1,1,2,0,2,0,0,0,0,0,0,0,1,0,0,0,0,1,1,0,0,1,0,0,0,0,0,1,0,0,0,0,0,1,0,0,0,1,0,0,0,0,0,93861.7109375,90000.0
4578,0,3,2,1,0.0,1.0,4,1,1,2,1,1,0,0,0,1,0,0,0,0,0,0,0,0,1,0,0,0,0,0,0,0,1,0,0,0,0,0,0,0,0,0,0,1,0,0,0,0,0,0,695.3026123046875,700.0
4572,0,3,0,1,0.0,1.0,1,0,1,1,0,0,0,1,0,0,1,0,0,0,0,0,1,0,0,0,0,0,0,0,0,0,0,0,1,0,0,0,0,0,1,0,0,0,1,0,0,0,0,0,573.3475341796875,425.0
4552,0,3,0,1,0.0,1.0,2,1,0,1,1,0,1,0,0,0,0,0,1,0,0,0,0,1,0,1,0,0,0,0,0,0,0,0,1,0,0,0,0,0,1,0,0,0,1,0,0,0,0,0,418.1820373535156,475.0
4498,0,3,0,1,0.0,1.0,1,1,0,1,1,1,0,0,0,0,0,0,0,1,0,0,0,0,0,0,0,0,0,0,0,0,0,0,1,0,0,0,0,0,1,0,0,0,1,0,0,0,0,0,470.7264709472656,385.0
4682,1,4,2,1,0.0,1.0,3,1,1,2,1,5,0,0,0,1,1,0,1,0,0,0,0,0,1,0,1,0,1,0,0,0,1,0,0,0,0,0,0,0,1,0,0,0,1,0,0,0,0,0,232919.359375,230000.0
4565,1,4,0,3,0.0,0.0,3,1,1,2,1,2,0,0,0,0,0,0,0,1,0,0,0,0,1,0,1,1,0,0,0,0,0,0,1,0,0,0,0,0,1,0,0,0,1,0,0,0,0,0,124361.796875,130000.0
4729,1,4,3,1,0.0,0.0,2,1,1,2,1,2,0,0,0,1,1,0,1,0,0,0,0,0,1,0,1,1,0,0,0,0,0,0,0,0,0,0,0,0,1,0,0,1,0,0,0,0,0,0,180634.546875,180000.0
4722,0,3,0,1,0.0,2.0,1,1,1,1,1,3,0,0,0,1,0,0,1,0,0,1,0,0,0,0,0,0,1,1,0,0,0,0,1,0,0,0,0,0,1,0,0,1,0,0,0,0,0,0,828.3035888671875,595.0
4668,0,3,0,1,0.0,3.0,3,1,0,1,1,3,0,0,0,1,1,0,0,0,0,0,0,0,1,0,1,0,1,0,0,0,1,0,0,0,0,0,0,0,0,0,0,0,1,0,0,0,0,0,529.1697998046875,535.0
4524,0,3,0,1,0.0,1.0,2,1,1,0,1,3,0,0,0,0,0,0,0,1,0,0,0,0,0,0,0,0,1,0,1,0,1,0,1,0,0,0,0,0,1,0,0,0,1,0,0,0,0,0,562.6951904296875,475.0
4559,1,4,1,1,0.0,1.0,2,1,0,1,1,4,0,0,0,0,0,0,0,1,0,0,0,0,1,0,0,0,1,0,1,0,1,0,1,0,0,0,0,0,1,0,0,0,1,0,0,0,0,0,162175.25,160000.0
4642,0,3,1,1,0.0,1.0,2,1,0,2,1,3,0,0,0,0,0,0,1,0,0,1,1,0,1,0,1,0,0,0,0,0,1,0,0,0,0,0,0,0,1,0,0,0,1,0,0,0,0,0,649.3885498046875,575.0
4621,0,3,0,1,0.0,1.0,1,1,0,1,1,1,0,0,0,0,0,0,0,1,0,0,0,0,1,0,0,0,1,0,0,0,0,0,0,0,0,0,0,0,0,0,1,0,0,1,0,0,0,0,0.0,450.0
4587,1,4,2,1,0.0,1.0,2,1,0,1,1,5,0,0,0,1,0,0,1,0,0,0,0,0,1,0,1,0,1,0,0,0,1,0,0,0,1,0,0,0,1,0,0,0,1,0,0,0,0,0,122922.2421875,180000.0
4485,0,3,0,1,0.0,3.0,3,1,1,1,1,1,0,0,0,0,0,0,0,1,0,0,0,0,1,0,1,0,1,0,0,0,0,0,1,0,0,0,0,0,1,0,0,0,1,0,0,0,0,0,723.5096435546875,575.0
4723,0,3,3,1,0.0,1.0,3,1,1,1,1,3,0,0,0,1,0,0,1,0,0,0,0,0,1,0,1,0,1,0,0,0,1,0,1,0,0,0,0,0,1,0,0,0,1,0,0,0,0,0,838.1151123046875,750.0
4649,0,3,0,1,0.0,1.0,2,1,1,1,1,0,0,0,0,1,0,0,1,0,0,0,0,0,0,0,0,0,0,0,0,0,0,0,1,0,0,0,0,0,1,0,0,0,1,0,0,0,0,0,416.9569396972656,385.0
4568,1,4,0,1,0.0,0.0,2,1,1,0,0,2,0,0,0,0,0,0,0,1,0,0,0,0,1,0,0,0,1,0,0,0,1,0,0,0,1,0,0,0,0,0,0,0,1,0,0,0,0,0,98379.6953125,100000.0
4559,1,7,1,1,0.0,0.0,2,1,0,1,1,3,0,0,0,0,0,0,0,1,0,0,0,0,0,0,0,0,1,0,1,0,1,0,1,0,0,0,0,0,1,0,0,0,1,0,0,0,0,0,146391.40625,142500.0
4704,0,3,1,1,0.0,1.0,3,1,1,1,1,4,0,0,0,0,0,0,1,0,0,1,1,0,1,0,1,0,1,0,0,0,1,0,1,0,0,0,0,0,1,0,0,0,1,0,0,0,0,0,502.7479553222656,590.0
4528,0,3,0,1,0.0,1.0,4,1,0,2,1,5,0,0,0,0,0,0,0,1,0,0,0,0,1,0,1,0,0,1,0,0,1,0,1,0,0,0,0,0,1,0,0,0,1,0,0,0,0,0,576.1033935546875,650.0
4572,0,3,1,1,0.0,1.0,3,1,0,1,1,2,1,0,1,0,0,0,0,0,0,0,0,1,0,0,1,1,1,0,0,0,0,0,1,0,0,0,0,0,1,0,0,0,1,0,0,0,0,0,0.0,545.0
4715,0,3,2,1,0.0,3.0,3,1,0,1,1,5,0,0,0,1,1,0,1,0,0,0,0,0,1,0,1,0,0,0,1,0,0,0,1,0,0,0,0,0,1,0,0,0,0,0,0,0,0,0,565.6971435546875,610.0
4621,0,3,0,1,0.0,1.0,0,0,1,0,0,1,0,0,0,0,0,0,0,0,0,0,0,0,0,0,0,0,0,0,0,0,0,0,1,0,0,0,0,0,0,0,1,0,0,0,0,0,0,0,514.7283935546875,275.0
4666,0,3,1,1,0.0,3.0,2,1,0,2,1,3,0,0,0,1,0,0,1,0,0,1,0,0,1,0,0,0,1,0,0,1,0,0,1,0,0,0,0,0,1,0,0,0,1,0,0,0,0,0,272.6620178222656,495.0
4501,0,3,0,1,0.0,4.0,1,1,0,1,1,0,1,0,0,0,0,0,1,0,0,0,1,0,0,0,0,0,0,0,0,0,0,0,1,0,0,0,0,0,1,0,0,0,1,0,0,0,0,0,419.1737365722656,420.0
4574,1,4,1,1,0.0,0.0,3,1,1,1,1,5,0,0,0,0,0,0,1,0,0,0,0,0,1,0,1,0,1,0,0,0,0,0,1,0,0,0,0,0,1,0,0,0,1,0,0,0,0,0,158378.453125,170000.0
4566,1,4,0,1,0.0,5.0,2,1,1,1,1,2,0,0,0,0,0,0,0,1,0,0,0,0,1,0,0,0,1,0,1,0,1,0,1,0,0,0,0,0,1,0,0,0,1,0,0,0,0,0,105149.1484375,100000.0
4497,0,3,0,1,0.0,2.0,0,0,1,1,0,0,0,0,0,0,0,0,0,0,0,0,0,0,0,0,0,0,0,0,0,0,0,0,1,0,0,0,0,0,1,0,1,0,0,0,0,0,0,0,604.5662841796875,275.0
4568,0,3,0,1,0.0,1.0,2,1,1,0,0,2,0,0,0,0,0,0,0,1,0,0,0,0,1,0,0,0,1,0,0,0,1,0,0,0,1,0,0,0,0,0,0,0,1,0,0,0,0,0,974.2313232421875,460.0
5205,1,7,0,1,0.0,0.0,2,1,1,1,0,2,0,0,0,0,0,0,0,0,0,0,0,0,0,0,0,1,0,0,1,0,0,0,1,0,0,0,0,0,1,0,0,0,1,0,0,0,0,0,159735.140625,110000.0
5268,1,7,0,1,0.0,1.0,2,1,1,1,1,2,0,0,0,0,0,0,1,0,0,0,0,0,0,0,0,1,0,1,1,0,1,0,0,0,0,0,0,0,1,0,0,0,1,0,0,0,0,0,133789.921875,135000.0
5279,1,7,2,1,0.0,2.0,4,1,0,1,0,4,0,0,0,0,1,0,1,0,0,1,0,0,1,0,0,1,0,0,0,0,0,0,1,0,0,0,0,0,1,0,0,0,1,0,0,0,0,0,220117.203125,220000.0
5294,1,7,1,1,0.0,1.0,4,1,1,1,1,3,0,0,0,1,1,0,1,0,0,0,0,0,0,0,0,1,1,1,0,0,0,0,1,0,0,0,0,0,1,0,0,0,1,0,0,0,0,0,274993.6875,280000.0
5286,1,7,2,3,0.0,2.0,3,1,1,1,1,2,0,0,0,1,1,0,1,0,0,0,0,0,0,0,0,1,1,0,1,0,1,0,0,0,0,0,0,0,1,0,0,0,1,0,0,0,0,0,189793.8125,185000.0
5251,1,7,0,3,0.0,0.0,3,1,1,2,1,1,0,0,0,0,0,0,0,1,0,0,0,0,1,0,0,1,0,0,0,0,0,0,1,0,0,0,0,0,0,0,0,0,1,0,0,0,0,0,95180.9140625,95000.0
5265,1,7,1,3,0.0,0.0,3,1,1,2,1,2,0,0,0,1,0,0,1,0,0,1,0,0,0,0,0,1,0,1,1,0,1,0,1,0,0,0,0,0,1,0,0,0,1,0,0,0,0,0,194167.671875,195000.0
5264,1,7,4,1,0.0,2.0,4,1,1,4,1,7,0,0,0,1,1,1,0,0,0,0,0,0,1,0,0,1,0,0,0,0,1,0,0,0,0,0,0,0,1,0,0,0,1,0,0,0,0,0,582262.125,575000.0
5258,1,7,0,1,0.0,1.0,2,1,1,1,0,0,0,0,0,0,0,0,0,1,0,0,0,0,1,0,0,1,0,0,0,0,0,0,1,0,0,0,0,0,1,0,0,0,1,0,0,0,0,0,83937.828125,83300.0
5267,1,7,3,1,0.0,1.0,3,1,1,1,0,4,0,0,0,1,1,0,1,0,0,0,0,0,1,0,0,1,1,0,0,0,1,0,0,0,1,1,0,0,1,0,0,0,1,0,0,0,0,0,259097.671875,249900.0
936,1,6,3,1,0.0,1.0,4,1,0,2,1,5,0,0,0,1,1,0,0,0,0,0,0,0,0,0,1,0,0,0,0,0,0,0,1,0,0,0,0,0,0,0,0,0,1,0,0,0,0,0,229641.796875,220000.0
702,1,4,2,1,0.0,2.0,2,1,0,1,0,3,0,0,0,0,0,0,0,1,0,0,0,0,0,0,0,0,0,0,1,0,0,0,0,0,0,0,0,0,1,0,0,0,1,0,0,0,0,0,267592.4375,265000.0
581,1,4,1,4,0.0,3.0,3,1,1,1,1,2,0,0,0,0,0,0,1,0,0,0,0,0,1,0,0,1,0,0,0,0,0,0,0,0,0,0,0,0,1,0,0,0,1,0,0,0,0,0,189829.828125,185000.0
487,1,2,2,1,0.0,1.0,1,1,0,1,0,2,0,0,0,0,1,0,0,0,0,0,0,0,0,0,0,0,1,0,0,0,0,0,0,0,0,0,0,0,1,0,0,0,1,0,0,0,0,0,290401.21875,290000.0
565,0,3,0,1,0.0,0.0,2,1,1,1,0,1,0,0,0,0,0,0,0,1,0,0,0,0,1,1,0,1,0,0,0,0,0,0,0,0,0,0,0,0,1,0,0,0,1,0,0,0,0,0,621.9276123046875,725.0
712,1,4,2,1,0.0,0.0,2,1,0,1,1,2,0,0,0,0,1,0,0,0,0,0,0,0,0,0,0,0,0,0,0,0,0,0,0,0,0,0,0,0,1,0,0,0,1,0,0,0,0,0,290668.6875,290000.0
568,1,4,0,4,0.0,4.0,1,1,1,0,0,2,0,0,0,0,0,0,0,1,0,0,0,0,1,0,0,1,0,0,0,0,0,0,0,0,0,0,0,0,1,0,0,0,1,0,0,0,0,0,161601.421875,160000.0
3012,1,4,1,3,0.0,2.0,2,1,0,1,0,2,0,0,0,0,0,0,0,0,0,0,0,1,0,0,0,0,0,0,1,0,0,0,0,0,0,0,0,0,1,0,1,0,0,0,0,0,0,0,315179.96875,185000.0
676,0,3,2,1,0.0,1.0,2,1,0,1,0,2,0,0,0,0,1,0,0,0,0,0,0,0,0,0,0,0,0,0,0,0,0,0,0,0,0,0,0,0,1,0,0,0,1,0,0,0,0,0,826.3553466796875,1050.0
679,1,4,3,1,0.0,0.0,3,1,0,1,0,3,0,0,0,1,0,0,0,0,0,0,0,0,0,0,0,0,0,0,1,0,0,0,0,0,0,0,0,0,1,0,0,0,1,0,0,0,0,0,351687.46875,350000.0
3966,0,3,3,1,0.0,3.0,3,1,0,1,0,3,0,0,0,1,0,0,0,0,0,0,0,0,0,0,0,0,0,0,1,0,0,0,0,0,0,0,0,0,1,0,0,0,1,0,0,0,0,0,1110.2069091796875,1500.0
719,0,3,2,1,0.0,1.0,2,1,0,1,0,3,0,0,0,0,0,0,0,1,0,0,0,0,1,0,0,0,0,0,0,0,0,0,1,0,0,0,0,0,0,0,0,0,1,0,0,0,0,0,1034.2283935546875,1075.0
696,0,3,2,1,0.0,1.0,1,1,0,1,0,2,0,0,0,0,1,0,0,0,0,0,0,0,0,0,0,0,0,0,0,0,0,0,0,0,0,0,0,0,1,0,1,0,0,0,0,0,0,0,1075.9627685546875,900.0
666,1,2,3,1,0.0,0.0,3,1,0,1,1,4,0,0,0,1,0,0,0,0,0,0,0,0,0,0,0,0,0,0,1,0,0,0,0,0,0,0,0,0,1,0,0,0,1,0,0,0,0,0,391171.90625,390000.0
678,0,3,3,3,0.0,4.0,3,2,0,2,1,4,0,0,0,1,0,0,0,0,0,0,0,0,1,0,0,0,0,0,1,0,0,0,0,0,0,0,0,0,1,0,0,0,1,0,0,0,0,0,1425.1033935546875,1500.0
686,1,4,3,1,0.0,0.0,2,1,0,1,1,1,0,0,0,1,0,0,0,0,0,0,0,0,0,0,0,0,0,0,0,1,0,0,0,0,0,0,0,0,1,0,0,0,1,0,0,0,0,0,280348.0625,290000.0
708,0,3,2,1,0.0,2.0,2,1,0,1,0,2,0,0,0,0,0,0,0,1,0,0,0,0,0,0,0,0,1,1,1,0,0,0,0,0,0,0,0,0,1,0,0,0,1,0,0,0,0,0,1152.3338623046875,1200.0
714,1,4,3,1,0.0,1.0,3,1,1,0,1,1,0,0,0,0,0,0,0,0,0,0,0,0,1,0,0,1,0,0,0,0,0,0,0,0,0,0,0,0,1,0,0,0,1,0,0,0,0,0,450839.71875,330000.0
3969,0,3,2,1,0.0,3.0,2,1,0,1,0,2,0,0,0,0,0,0,0,1,0,0,0,0,0,0,0,1,0,1,1,0,0,0,0,0,0,0,0,0,1,0,0,0,1,0,0,0,0,0,925.2127685546875,1200.0
564,1,4,0,4,0.0,8.0,1,1,1,1,0,1,0,0,0,0,0,0,0,1,0,0,0,0,1,1,0,1,0,0,0,0,1,0,0,0,0,0,0,0,1,0,0,0,1,0,0,0,0,0,103654.0,110000.0
690,1,4,3,3,0.0,3.0,3,1,0,1,1,2,0,0,0,0,1,0,0,1,0,0,0,0,0,0,0,0,0,0,1,0,0,0,0,0,0,0,0,0,1,0,0,0,1,0,0,0,0,0,335217.625,300000.0
586,1,4,0,3,0.0,4.0,1,1,1,1,0,1,0,0,0,0,0,0,0,1,0,0,0,0,0,1,0,1,0,0,1,0,0,0,1,0,0,0,0,0,1,0,0,0,1,0,0,0,0,0,108595.328125,75000.0
591,1,4,0,3,0.0,3.0,1,1,1,1,0,1,0,1,0,0,0,0,1,0,0,0,0,0,0,1,0,1,0,0,1,0,0,0,1,0,0,0,0,0,1,0,0,0,1,0,0,0,0,0,86028.703125,85000.0
562,1,4,1,1,0.0,3.0,2,1,1,1,0,1,0,0,0,0,0,0,1,0,0,0,0,0,0,0,0,1,1,0,1,0,0,0,0,0,0,0,0,0,1,0,0,0,1,0,0,0,0,0,154244.6875,220000.0
711,0,3,1,1,0.0,4.0,2,1,0,1,0,2,0,0,0,0,0,0,1,0,0,0,0,0,1,0,0,0,0,0,1,0,0,0,0,0,0,0,0,0,1,0,0,0,1,0,0,0,0,0,877.4979248046875,1100.0
1098,0,3,0,1,0.0,3.0,6,1,1,1,0,3,0,0,0,0,0,0,0,0,1,0,0,0,0,0,0,0,1,1,1,0,0,0,1,0,0,0,0,1,1,0,0,1,0,0,0,0,0,0,1323.1112060546875,1600.0
1115,0,3,2,1,0.0,2.0,3,1,1,1,1,2,0,0,0,1,1,0,0,0,0,1,0,0,1,0,0,0,1,0,1,0,0,0,1,0,0,0,0,1,1,0,0,1,0,0,0,0,0,0,1090.2830810546875,1025.0
1104,0,3,1,1,0.0,1.0,1,1,1,0,1,1,0,0,0,0,0,0,0,1,1,0,0,0,0,0,0,0,1,0,0,0,0,0,1,0,0,0,0,1,0,0,0,0,1,0,0,0,0,0,711.0604248046875,600.0
1126,0,3,1,1,0.0,1.0,2,1,0,1,1,0,1,0,0,0,0,0,0,0,0,1,0,1,0,1,0,0,0,0,0,0,0,1,0,0,0,0,0,1,1,0,0,1,0,0,0,0,0,0,817.4549560546875,725.0
1161,0,3,2,1,0.0,2.0,2,1,0,1,1,3,0,0,0,1,0,0,0,1,0,1,0,0,1,0,0,0,0,1,1,0,0,0,1,0,0,0,0,1,0,0,0,1,1,0,0,0,0,0,1115.8690185546875,765.0
1109,0,3,3,1,0.0,3.0,4,1,1,1,1,3,0,0,0,1,0,1,0,0,0,1,0,0,1,0,1,0,0,0,1,0,0,0,1,0,0,0,0,1,1,0,0,0,1,0,0,0,0,0,1300.6776123046875,950.0
4104,0,3,3,1,0.0,1.0,2,0,0,1,1,1,1,0,0,0,0,0,1,0,0,0,0,0,0,0,0,0,0,0,0,0,0,0,0,0,0,0,0,0,0,0,0,0,1,0,0,0,0,0,1318.2244873046875,1100.0
4162,1,4,3,1,0.0,6.0,2,1,1,1,0,5,0,0,0,0,1,0,0,1,0,0,0,0,0,0,0,1,0,0,1,0,0,0,0,0,0,0,0,0,0,0,0,0,0,0,0,0,0,0,299892.8125,300000.0
4169,1,4,3,1,0.0,4.0,3,1,1,1,1,0,0,0,0,0,0,0,0,1,0,0,0,0,0,0,1,0,0,1,1,0,1,0,0,0,0,0,0,0,1,0,0,0,1,0,0,0,0,0,328380.8125,340000.0
4163,1,4,2,1,0.0,2.0,2,1,1,1,1,6,1,0,0,0,1,0,0,0,0,0,0,0,1,0,0,1,0,0,1,0,1,0,0,0,0,0,0,0,1,0,0,1,0,0,0,0,0,0,242940.328125,300000.0
4107,1,2,2,1,0.0,4.0,2,1,1,1,1,3,0,0,0,0,0,0,0,1,0,0,0,0,1,0,0,1,0,1,0,0,1,0,0,0,0,0,0,0,0,0,0,0,1,0,0,0,0,0,258047.09375,290000.0
4107,1,4,2,1,0.0,5.0,3,1,1,1,1,4,0,1,0,0,0,0,0,1,0,0,0,0,1,0,0,0,1,1,0,0,0,0,0,0,0,0,0,0,0,0,0,1,0,0,0,0,0,0,299290.625,300000.0
4095,1,4,4,1,0.0,0.0,3,1,1,1,1,5,0,0,0,1,1,0,1,0,0,0,0,0,1,0,1,0,0,1,0,0,0,0,0,0,0,0,0,0,1,0,0,0,1,0,0,0,0,1,418227.25,440000.0
3985,1,4,2,3,0.0,0.0,3,1,1,1,1,3,0,0,0,0,0,0,1,0,0,0,0,0,1,0,0,1,0,0,0,0,0,0,0,0,0,0,0,1,1,0,0,0,0,0,0,0,0,0,246365.71875,250000.0
2134,1,2,3,1,0.0,1.0,2,1,0,1,1,1,1,0,0,0,0,0,1,0,0,0,0,1,0,1,0,0,0,0,0,0,0,0,1,0,0,0,0,0,1,0,0,0,1,0,0,0,0,0,337767.875,333000.0
2117,0,3,2,1,0.0,3.0,1,1,0,1,1,0,0,1,1,0,0,0,1,0,0,0,0,0,0,1,0,0,0,0,0,0,0,0,1,0,0,0,0,0,1,0,1,0,0,1,0,0,0,0,0.0,820.0
2125,0,3,3,1,0.0,1.0,1,1,1,1,1,1,1,0,0,0,0,0,0,0,0,0,0,1,0,1,0,0,0,0,0,0,0,0,1,0,0,0,0,0,0,0,1,0,0,1,0,0,0,0,641.8739013671875,900.0
2114,1,2,3,1,0.0,2.0,3,1,1,2,1,5,0,0,0,1,0,0,1,0,0,0,0,0,1,0,1,0,1,0,0,0,0,0,1,0,0,0,0,0,1,0,0,0,1,0,0,0,0,1,474665.21875,475000.0
2134,0,3,3,1,0.0,2.0,2,1,0,1,1,1,1,0,0,0,0,0,0,0,0,0,0,0,0,1,0,0,0,0,0,0,0,0,1,0,0,0,0,0,1,0,0,0,1,0,0,0,0,0,1202.9393310546875,1100.0
2136,1,2,4,1,0.0,0.0,3,1,1,2,1,1,1,0,0,0,0,0,1,0,0,0,0,1,1,0,1,0,1,0,0,0,0,0,1,0,0,0,0,0,1,0,0,0,1,0,0,0,1,0,681101.625,580000.0
374,1,6,3,1,0.0,3.0,4,1,1,1,1,0,1,0,0,0,0,0,0,0,0,0,0,0,0,0,0,0,0,0,1,0,0,0,0,0,0,0,0,0,0,0,0,0,1,0,0,0,0,0,227390.078125,230000.0
372,1,5,2,3,0.0,5.0,2,1,0,1,0,2,1,0,0,0,0,0,0,0,0,0,0,0,0,1,0,0,1,0,0,0,1,0,0,1,0,1,0,0,1,0,1,0,0,0,0,0,0,0,109422.8046875,100000.0
2576,1,6,3,1,0.0,0.0,1,1,0,1,1,1,0,0,0,1,1,0,0,0,0,0,0,0,1,0,0,1,0,0,0,0,1,0,0,0,0,0,0,0,1,0,0,0,1,0,0,0,0,0,249212.578125,250000.0
3964,0,3,2,1,0.0,4.0,1,1,1,0,0,3,0,0,0,0,0,0,0,1,0,0,0,0,0,0,0,0,0,0,0,1,0,0,1,0,0,0,0,1,1,0,0,0,0,0,0,0,0,0,1114.8026123046875,1200.0
4734,0,3,1,1,0.0,1.0,1,1,1,1,0,1,0,0,0,0,0,0,0,1,0,0,0,0,0,1,0,0,0,0,0,0,0,0,1,0,0,0,0,0,1,0,1,0,0,0,0,0,0,0,472.1268615722656,1225.0
4740,0,3,5,1,0.0,1.0,0,1,1,0,1,2,0,0,0,0,0,0,0,1,1,0,0,1,1,1,0,0,0,0,1,0,0,0,1,0,0,0,0,0,0,0,0,0,1,0,0,0,0,0,0.0,670.0
2408,0,3,0,1,0.0,0.0,2,1,0,1,1,1,0,0,0,0,0,0,0,1,0,0,0,0,1,0,0,0,0,0,0,0,0,0,0,0,0,0,0,0,0,0,0,0,1,0,0,0,0,0,691.9608154296875,625.0
2420,0,3,0,1,0.0,3.0,2,1,0,1,1,1,0,0,0,0,0,0,0,1,0,0,0,0,1,0,0,0,0,0,0,0,0,0,1,0,0,0,0,0,0,0,1,0,0,0,0,0,0,0,608.3104248046875,595.0
5389,0,3,2,1,0.0,2.0,4,1,1,2,1,2,0,0,0,1,1,0,0,0,0,0,0,0,1,0,0,1,0,0,0,0,0,0,1,0,0,0,0,0,1,0,0,0,1,0,0,0,0,0,841.2088623046875,1100.0
5355,0,3,1,1,0.0,10.0,2,1,0,1,1,2,1,0,0,0,0,0,1,0,0,1,0,0,0,1,0,0,0,0,0,0,0,0,1,0,0,0,0,0,0,1,1,0,0,0,0,0,0,0,932.7928466796875,750.0
5374,0,3,3,1,0.0,1.0,3,1,0,1,1,4,0,0,0,1,1,0,0,0,0,0,0,0,1,0,0,0,0,1,1,0,0,0,1,0,0,0,0,0,0,0,0,0,1,0,0,0,0,0,1061.5487060546875,1295.0
3967,0,3,0,1,0.0,1.0,1,1,0,1,0,2,0,0,0,0,0,0,0,0,0,0,0,0,0,0,0,0,0,0,0,1,0,0,0,0,0,0,0,0,1,0,0,0,1,0,0,0,0,0,588.0643310546875,800.0
2583,0,3,0,1,0.0,4.0,2,1,1,1,0,1,0,0,0,0,0,0,0,1,0,0,0,0,0,0,0,1,0,0,0,0,0,0,1,0,0,0,0,1,0,0,0,0,0,0,0,0,0,0,444.2401428222656,495.0
332,0,3,2,1,0.0,2.0,3,1,0,1,1,4,0,0,0,1,1,0,0,0,0,0,0,0,0,0,1,0,0,0,1,0,0,0,0,0,0,0,0,0,0,0,0,0,1,0,0,0,0,0,876.8651123046875,695.0
2498,1,4,0,4,0.0,3.0,2,1,0,2,1,6,0,1,0,0,0,0,1,0,0,0,0,0,0,0,0,1,1,0,0,0,0,0,0,0,0,0,0,0,1,0,0,0,1,0,0,0,0,0,70360.578125,70000.0
2492,0,3,0,1,0.0,0.0,3,1,1,1,0,4,0,0,0,0,0,0,0,1,0,0,0,0,0,0,0,1,0,0,0,0,0,0,0,0,0,0,0,0,0,0,0,1,0,0,0,0,0,0,368.6502990722656,675.0
2492,0,3,0,1,0.0,1.0,3,1,1,1,0,4,0,0,0,0,0,0,0,1,0,0,0,0,0,0,0,1,0,0,0,0,0,0,0,0,0,0,0,0,0,0,0,0,1,0,0,0,0,0,515.3455810546875,675.0
5531,1,4,1,1,0.0,1.0,2,1,1,1,0,0,0,0,0,0,1,0,0,1,0,0,0,0,0,0,0,0,1,0,0,0,0,0,0,0,0,0,0,0,1,0,0,0,1,0,0,0,0,0,161419.0,160000.0
1412,1,6,0,1,0.0,2.0,2,1,1,1,1,0,0,0,0,1,0,0,0,0,0,0,0,0,0,0,0,1,0,0,0,0,0,0,1,0,0,0,0,1,1,0,0,1,0,0,0,0,0,0,65805.9375,60000.0
817,0,3,1,1,0.0,3.0,2,1,1,1,0,1,0,0,0,1,0,1,1,0,0,0,0,0,0,0,0,1,1,0,0,0,0,0,1,0,0,0,0,0,1,0,0,0,1,0,0,0,0,0,693.9608154296875,650.0
5535,1,5,4,1,0.0,0.0,4,1,1,1,1,1,0,0,0,1,0,0,1,0,0,1,0,0,0,0,0,1,1,0,1,0,0,0,1,0,0,0,0,0,1,0,0,0,1,0,0,0,0,0,294758.75,290000.0
4296,1,2,2,1,0.0,0.0,3,1,1,1,1,2,0,0,0,0,0,0,0,1,0,0,0,0,1,0,0,0,0,1,1,0,0,0,0,0,0,0,0,0,1,0,0,1,0,0,0,0,0,0,394661.9375,325000.0
4291,1,2,2,1,0.0,1.0,6,1,0,2,2,4,1,0,0,1,0,0,1,0,0,0,0,0,1,0,0,0,0,1,1,0,0,0,0,0,0,0,0,0,1,0,0,0,1,0,0,0,0,0,454551.25,450000.0
4425,1,4,0,1,0.0,0.0,1,1,1,1,0,2,0,1,0,0,0,0,0,0,0,0,0,1,0,0,0,1,1,0,1,0,0,0,1,0,0,0,0,0,1,0,0,1,1,0,0,0,0,0,111261.3359375,110000.0
4381,1,2,0,1,0.0,0.0,3,1,1,0,0,4,0,0,0,1,1,0,0,0,0,0,0,0,0,0,0,0,0,0,0,0,0,0,0,0,0,0,0,0,1,0,0,0,1,0,0,0,0,0,162686.03125,250000.0
4286,1,2,0,1,0.0,0.0,1,1,0,1,1,2,0,0,0,0,0,0,0,1,0,0,0,0,1,0,0,0,0,1,1,0,0,0,0,0,0,0,0,0,1,0,0,0,1,0,0,0,0,0,152021.375,150000.0
2109,1,2,4,1,0.0,1.0,4,1,1,2,1,4,1,0,0,0,1,0,0,0,0,0,1,0,1,0,1,0,0,0,1,0,0,0,0,0,0,0,0,0,1,0,0,0,1,0,0,0,0,0,503759.875,385000.0
508,1,2,1,1,0.0,0.0,3,1,1,2,0,5,0,0,0,0,0,0,0,0,0,0,0,0,1,0,1,0,0,0,0,0,0,0,0,0,0,0,0,1,0,0,0,0,1,0,0,0,0,0,249279.859375,250000.0
2160,0,3,1,1,0.0,5.0,3,1,1,1,1,0,0,0,0,0,0,0,0,1,0,0,0,0,0,0,0,0,0,0,0,0,0,0,1,0,0,0,0,1,0,0,0,0,1,0,0,0,0,0,202.75186157226562,900.0
2178,0,3,2,1,0.0,7.0,2,1,1,1,0,0,0,0,0,0,0,0,0,0,0,0,0,0,0,1,0,0,0,0,0,0,0,0,1,0,0,0,0,0,0,0,1,0,0,0,0,0,0,0,710.2127685546875,775.0
2192,0,3,2,1,0.0,2.0,2,1,1,1,0,0,1,0,0,0,0,0,0,0,0,0,0,0,0,0,0,0,0,0,0,0,0,0,1,0,0,0,0,0,0,0,0,0,1,0,0,0,0,0,999.6072998046875,950.0
2194,0,3,2,1,0.0,2.0,2,1,0,1,1,2,1,0,0,0,0,0,0,0,0,0,0,0,0,0,1,0,0,0,0,0,0,0,1,0,0,0,0,0,0,0,0,0,1,0,0,0,0,0,837.2752685546875,999.0
5222,1,4,0,1,0.0,0.0,1,0,0,0,0,0,1,0,0,0,0,0,0,0,0,0,0,0,0,1,0,0,0,0,0,1,1,0,0,0,0,0,0,0,1,0,0,1,0,0,0,0,0,0,107658.0859375,99000.0
3755,1,2,5,1,0.0,2.0,4,1,1,1,1,6,0,0,0,1,0,0,1,0,0,0,0,0,1,0,0,0,1,1,0,0,0,0,0,0,0,0,0,0,0,0,0,0,1,0,0,0,0,0,507829.09375,510000.0
2139,1,7,2,4,0.0,1.0,3,1,0,0,0,5,0,1,0,1,1,0,0,0,0,0,0,0,1,1,0,0,0,0,1,0,0,0,1,0,0,0,0,0,1,0,0,1,1,0,0,0,0,0,403690.4375,400000.0
2145,0,3,3,1,0.0,2.0,3,1,1,2,1,3,0,0,0,0,0,0,1,0,0,1,0,0,1,0,0,1,0,1,0,0,0,0,0,0,0,0,0,0,1,0,0,0,1,0,0,0,0,0,46.744049072265625,1450.0
3758,0,3,5,1,0.0,2.0,4,1,1,2,1,7,0,0,0,1,0,0,1,0,0,1,0,0,1,0,0,0,1,1,0,0,0,0,0,0,0,0,0,0,1,0,0,0,1,0,0,0,0,0,1759.4061279296875,2000.0
3756,0,3,0,1,0.0,0.0,0,1,1,0,0,2,0,0,0,0,0,0,0,1,0,0,0,0,0,0,0,0,0,0,0,0,0,0,0,0,0,0,0,0,0,0,0,0,0,0,0,0,0,0,505.0077209472656,700.0
3752,0,3,2,1,0.0,2.0,2,1,1,1,0,5,1,0,0,0,0,0,0,0,0,0,0,0,0,1,0,0,0,0,0,0,0,0,1,0,0,0,0,0,0,0,0,0,0,0,0,0,0,1,1637.8240966796875,1150.0
3752,0,3,2,1,0.0,0.0,2,1,1,2,0,3,1,0,0,0,0,0,0,0,0,0,0,0,0,1,0,0,0,0,0,0,0,0,1,0,0,0,0,0,0,0,0,0,0,0,0,0,0,1,988.9490966796875,1095.0
2470,0,3,3,1,0.0,1.0,3,1,0,1,1,7,0,0,0,1,1,0,1,0,0,0,0,0,0,0,0,1,0,0,1,1,1,0,0,0,0,0,0,0,1,0,0,0,1,0,0,0,0,1,0.0,1100.0
2463,1,6,1,1,0.0,2.0,3,1,0,1,1,5,0,0,0,1,1,0,1,0,0,0,0,0,0,0,0,1,1,0,1,0,1,0,0,0,0,0,0,0,1,0,0,0,1,0,0,0,0,0,151613.78125,150000.0
2472,1,6,2,1,0.0,2.0,3,1,0,1,1,6,0,0,0,1,1,0,1,0,0,0,0,0,0,0,0,1,0,0,1,0,1,0,0,0,0,0,0,0,1,0,0,0,1,0,0,0,0,0,207173.4375,200000.0
2465,0,3,1,1,0.0,1.0,2,1,0,0,1,5,1,0,0,0,1,0,1,0,0,0,0,0,0,0,0,0,0,0,0,0,0,0,1,0,0,0,0,0,1,0,0,0,1,0,0,0,0,0,500.9178771972656,625.0
2204,1,6,2,1,0.0,1.0,3,1,0,1,1,14,0,0,0,1,1,1,0,0,0,0,0,0,1,0,0,1,0,0,1,0,1,0,0,0,0,0,0,0,1,0,0,0,1,0,0,0,0,0,288013.0,280000.0
2218,1,6,1,1,0.0,7.0,3,1,0,2,1,7,0,0,0,1,1,0,1,0,0,0,0,0,0,0,0,0,0,0,1,0,1,0,0,0,0,0,0,0,1,0,0,0,1,0,0,0,0,0,181870.5625,180000.0
2473,1,6,1,1,0.0,1.0,2,1,0,0,1,8,0,0,0,1,1,0,0,0,0,0,0,0,0,0,0,1,0,0,1,0,1,0,0,0,0,0,0,0,1,0,0,0,1,0,0,0,0,0,163440.796875,160000.0
2247,1,6,2,1,0.0,0.0,3,1,0,1,1,7,1,0,0,0,0,0,0,0,0,0,0,0,1,0,0,1,0,0,0,0,1,0,0,0,0,1,0,0,1,0,0,0,1,0,0,0,0,0,197877.390625,250000.0
596,0,3,0,1,0.0,4.0,1,1,1,1,0,4,1,0,0,0,0,0,1,0,0,0,0,0,0,0,0,0,0,0,0,0,1,0,0,0,0,0,0,0,1,0,0,0,1,0,0,0,0,0,647.1873779296875,595.0
2460,0,3,0,1,0.0,4.0,2,1,0,1,0,3,1,0,0,1,0,0,1,0,0,0,0,0,0,1,0,0,0,0,0,0,1,0,0,0,0,0,0,0,1,0,0,0,1,0,0,0,0,0,714.5428466796875,520.0
596,0,3,0,1,0.0,1.0,1,1,1,1,0,4,1,0,0,0,0,0,1,0,0,0,0,0,0,1,0,0,0,0,0,0,1,0,0,0,0,1,0,0,1,0,0,0,1,0,0,0,0,0,452.7606506347656,650.0
2237,1,4,4,1,0.0,1.0,5,1,0,1,1,13,0,0,0,1,1,0,1,0,0,0,0,0,0,0,0,0,0,0,1,0,1,0,0,0,0,0,0,0,1,0,0,0,1,0,0,0,0,0,383703.84375,375000.0
2226,0,3,1,1,0.0,3.0,2,1,0,1,1,4,1,0,0,0,0,0,1,1,0,0,0,0,0,0,0,1,0,0,1,1,1,0,0,0,0,1,0,0,1,0,0,0,1,0,0,0,0,0,597.0955810546875,725.0
2249,0,3,0,1,0.0,3.0,1,1,0,1,0,5,1,0,0,0,0,0,1,0,0,1,0,0,0,0,0,1,0,0,1,0,0,0,1,0,0,0,0,0,0,0,1,0,0,0,0,0,0,0,551.8104248046875,525.0
2255,0,3,3,1,0.0,0.0,3,1,0,1,1,8,0,0,0,1,1,0,1,0,0,0,0,0,0,0,0,0,1,0,1,0,0,0,1,1,0,1,0,0,1,0,0,0,1,0,0,0,0,0,1080.1522216796875,1100.0
2117,1,2,2,1,0.0,1.0,1,1,0,1,1,0,0,1,0,0,0,0,1,0,0,0,0,0,0,1,0,0,0,0,0,0,0,0,1,0,0,0,0,0,0,0,1,0,0,1,0,0,0,0,213739.609375,215000.0
2130,1,2,2,3,0.0,1.0,1,1,1,1,0,0,0,1,0,0,0,0,1,0,0,0,0,1,0,1,0,0,1,0,1,0,1,1,0,0,1,0,0,1,0,0,0,1,0,0,0,0,0,0,117327.8046875,120000.0
2137,1,4,5,1,0.0,0.0,4,1,1,1,1,3,0,0,0,0,1,0,1,0,0,0,0,0,1,0,0,0,1,0,0,0,0,0,1,0,0,0,0,1,0,0,0,0,0,0,0,0,0,0,576036.5,569950.0
2118,1,2,3,2,0.0,2.0,3,1,1,1,1,5,0,0,0,1,1,0,1,0,0,0,0,0,1,0,0,1,0,1,0,0,0,0,1,0,0,0,0,0,0,0,0,0,0,0,0,0,0,0,401311.09375,450000.0
2121,1,2,4,1,0.0,1.0,3,1,1,1,1,1,0,0,0,0,1,0,1,0,0,0,0,0,1,0,0,1,1,0,0,0,0,0,1,0,0,0,0,0,1,0,0,1,1,0,0,0,0,0,451795.03125,450000.0
3251,1,4,3,1,0.0,0.0,4,1,1,2,1,5,0,0,1,1,1,0,0,0,0,0,0,0,0,0,0,0,1,1,1,0,0,0,1,0,0,0,0,0,1,0,0,0,1,0,0,0,0,0,274084.84375,275000.0
3180,1,4,4,1,0.0,1.0,4,1,1,2,1,8,0,0,0,1,1,0,1,0,0,0,0,0,1,0,1,0,0,1,0,0,0,0,1,0,0,0,0,0,1,0,0,0,1,0,0,0,0,0,328048.1875,325000.0
3196,1,4,3,1,0.0,2.0,4,1,0,2,1,8,0,0,0,1,1,0,1,0,0,0,0,0,1,0,1,0,0,0,1,0,0,0,1,0,0,0,0,0,1,0,0,0,1,0,0,0,0,0,317496.3125,300000.0
3202,0,3,0,1,0.0,6.0,2,1,0,1,1,2,0,0,0,0,0,0,1,0,0,0,1,0,0,0,0,0,0,0,0,0,0,0,1,0,0,0,0,0,1,0,0,0,1,0,0,0,0,0,488.0331115722656,600.0
3140,1,2,3,1,0.0,1.0,4,1,1,2,1,6,0,0,0,0,0,0,0,1,0,0,0,0,0,0,1,0,0,1,1,0,0,0,0,0,0,1,0,0,1,0,0,0,1,0,0,0,0,0,298721.125,290000.0
3165,1,4,6,1,0.0,1.0,5,1,0,2,1,11,0,0,0,1,1,0,1,0,0,0,0,0,0,0,1,1,0,0,1,0,0,0,1,0,0,0,0,0,1,0,0,0,1,0,0,0,1,0,522081.96875,475000.0
3230,1,4,3,1,0.0,2.0,4,1,1,2,1,7,0,0,0,1,1,0,1,0,0,0,0,0,1,0,1,0,0,0,1,0,0,0,1,0,0,0,0,0,1,0,0,0,1,0,0,0,0,0,272093.1875,210000.0
3121,0,3,0,1,0.0,2.0,2,1,1,1,1,4,0,0,0,0,0,0,0,1,0,0,0,0,1,0,1,0,0,0,1,0,0,0,1,0,0,0,0,0,1,0,0,0,0,1,0,0,0,0,413.5409240722656,460.0
3151,1,4,2,1,0.0,1.0,5,2,0,1,2,11,0,0,0,1,0,0,1,0,0,0,0,0,0,0,1,0,0,1,1,0,0,0,1,0,0,0,0,0,1,0,0,0,1,0,0,0,0,0,331879.9375,330000.0
3142,1,4,3,1,0.0,0.0,5,1,1,3,1,5,0,0,0,1,1,0,1,0,0,0,0,0,0,0,1,1,0,0,1,0,0,0,1,0,0,0,0,0,1,0,0,0,1,0,0,0,0,0,321658.34375,325000.0
3218,1,2,2,1,0.0,4.0,4,1,1,2,1,6,0,0,1,1,0,0,1,0,0,0,0,0,0,0,1,0,0,1,1,0,0,0,1,0,0,0,0,0,1,0,0,0,1,0,0,0,0,1,250573.265625,250000.0
3235,1,4,2,1,0.0,2.0,3,1,0,2,1,8,0,0,0,1,1,0,1,0,0,0,0,0,0,0,1,1,0,0,1,0,0,0,1,0,0,0,0,0,1,0,0,0,1,0,0,0,0,0,197721.546875,220000.0
3206,1,4,1,1,0.0,4.0,3,1,1,2,0,6,0,0,0,1,1,0,1,0,0,0,0,0,1,0,1,0,0,1,0,0,0,0,1,0,0,0,0,0,1,0,0,0,1,0,0,0,0,0,153823.921875,150000.0
3101,0,3,2,1,0.0,2.0,2,1,0,0,0,6,0,1,0,0,0,1,1,0,0,0,0,0,1,0,1,0,0,1,0,0,0,0,0,0,0,0,0,0,1,0,0,0,1,0,0,0,0,0,199.46084594726562,625.0
3195,1,4,3,1,0.0,0.0,4,1,1,2,1,6,0,0,0,1,0,0,1,0,0,0,0,0,1,0,1,0,0,0,1,0,0,0,1,0,0,0,0,0,1,0,0,0,1,0,0,0,0,0,280426.8125,275000.0
3168,1,4,2,1,0.0,1.0,3,1,1,1,0,6,0,0,0,1,0,0,1,0,0,0,0,0,0,0,1,0,0,1,1,0,0,0,1,0,0,0,0,0,1,0,0,0,1,0,0,0,0,0,214439.265625,220000.0
3880,1,6,0,1,0.0,1.0,3,1,0,0,1,3,0,0,0,0,0,0,0,1,0,0,0,0,1,0,0,0,0,0,0,0,0,0,0,0,0,0,0,0,0,0,0,0,1,0,0,0,0,0,201448.9375,165000.0
3871,1,4,0,3,0.0,2.0,3,1,0,1,1,4,0,0,0,1,0,0,0,0,0,0,0,0,0,0,1,1,0,0,1,0,0,0,0,0,0,0,0,0,1,0,0,0,1,0,0,0,0,0,70145.5390625,70000.0
3875,1,2,1,1,0.0,4.0,3,1,0,2,1,5,0,0,0,1,1,0,0,0,0,0,0,0,1,0,0,0,0,0,0,0,0,0,0,0,0,0,0,0,1,0,0,0,1,0,0,0,0,0,131766.484375,130000.0
3876,1,2,0,1,0.0,1.0,2,1,1,1,1,3,0,0,0,1,0,0,0,0,0,0,0,0,1,0,1,0,0,0,0,0,0,0,0,0,0,0,0,1,1,0,0,0,0,0,0,0,0,0,84314.9609375,85000.0
3851,1,2,1,1,0.0,0.0,1,1,0,1,1,5,0,0,0,0,0,0,0,0,0,0,0,0,0,1,0,0,0,0,0,0,0,1,0,0,0,0,0,1,0,0,0,0,0,0,0,0,0,0,108011.4140625,105000.0
2571,0,3,2,1,0.0,1.0,3,1,2,2,1,0,0,0,0,0,0,0,1,0,0,0,0,0,1,0,0,1,0,0,0,0,0,0,0,0,0,0,0,0,0,0,0,0,1,0,0,0,0,0,0.0,800.0
994,1,6,1,1,0.0,0.0,2,1,0,1,0,3,0,0,0,0,0,0,0,1,0,0,0,0,1,1,0,0,0,0,0,0,0,0,1,0,0,0,0,0,1,0,0,0,1,0,0,0,0,0,135827.625,120000.0
989,1,6,0,1,0.0,0.0,2,1,0,1,0,3,0,0,0,1,1,0,0,0,0,0,0,0,0,0,1,0,0,1,0,0,0,0,1,0,0,0,0,0,0,0,0,0,1,0,0,0,0,0,113356.78125,115000.0
986,0,3,3,1,0.0,2.0,3,1,0,1,1,1,0,0,1,0,0,0,1,0,0,0,0,0,0,1,0,0,0,0,0,0,0,0,1,0,0,0,0,0,1,0,1,0,0,0,0,0,0,0,968.1502685546875,950.0
3485,1,7,2,1,0.0,0.0,3,1,1,1,1,8,0,0,0,1,1,0,0,0,0,0,0,0,1,0,0,0,0,1,0,0,0,0,0,0,0,0,0,0,1,0,1,0,1,0,0,0,0,0,162238.015625,240000.0
3522,1,6,2,1,0.0,0.0,3,1,0,2,1,6,0,0,0,1,0,0,1,0,0,0,0,0,1,0,1,0,0,0,0,0,0,0,0,0,0,0,0,0,1,0,0,0,1,0,0,0,0,0,205734.6875,210000.0
3677,1,2,5,1,0.0,0.0,5,2,0,1,1,8,0,0,0,1,0,0,1,0,0,1,0,0,1,0,1,0,0,1,0,0,0,0,0,0,0,0,0,0,1,0,0,1,0,0,0,0,0,0,635031.3125,650000.0
3678,1,2,3,4,0.0,2.0,3,1,1,1,1,0,0,0,0,1,1,0,1,0,0,0,0,0,1,0,1,0,0,1,0,0,0,0,0,0,0,0,0,0,1,0,0,0,1,0,0,0,0,0,332154.5625,325000.0
803,0,3,1,1,0.0,2.0,3,1,0,2,1,3,0,0,0,0,0,0,0,1,0,0,0,0,1,0,0,1,0,0,0,0,0,0,0,0,0,0,0,0,1,0,0,0,1,0,0,0,0,0,729.5760498046875,600.0
3117,0,3,1,1,0.0,3.0,2,1,1,1,0,1,1,0,0,0,0,0,1,0,0,0,0,0,0,1,0,0,0,0,0,0,0,0,0,0,0,0,0,0,0,0,0,1,1,0,0,0,0,0,601.8045654296875,700.0
3578,1,4,1,1,0.0,1.0,2,1,1,2,0,2,0,0,0,0,0,0,1,0,0,1,1,0,0,0,1,0,1,1,0,0,0,0,1,0,0,0,0,1,1,0,0,0,1,0,0,0,0,0,247547.015625,170000.0
3583,1,4,3,4,0.0,6.0,4,1,1,2,1,9,0,0,0,0,1,0,1,0,0,1,0,0,1,0,0,0,1,0,1,0,0,0,1,0,0,0,0,1,1,0,0,0,1,0,0,0,0,0,324009.625,325000.0
2166,1,4,1,1,0.0,6.0,2,1,1,1,0,1,0,0,0,1,0,0,0,0,0,1,0,0,1,0,0,1,0,0,0,0,0,0,1,0,0,0,0,0,0,0,0,0,1,0,0,0,0,0,119614.8671875,119500.0
2192,0,3,2,1,0.0,0.0,2,1,1,1,0,0,1,0,0,0,0,0,0,0,0,0,0,0,0,0,0,0,0,0,0,0,0,0,1,0,0,0,0,0,0,0,0,0,1,0,0,0,0,0,984.7908935546875,950.0
2148,1,4,0,1,0.0,6.0,2,1,0,1,1,3,0,0,0,1,0,0,0,0,0,0,0,0,1,0,0,0,0,0,0,0,0,0,1,0,0,0,0,0,0,0,0,0,1,0,0,0,0,0,132404.796875,130000.0
1675,1,7,4,3,0.0,5.0,4,1,0,1,1,12,0,0,0,1,1,0,1,0,0,0,0,0,0,0,0,0,1,0,1,0,1,0,0,0,0,0,0,0,1,0,0,0,1,0,0,0,0,0,391846.6875,320000.0
1537,1,7,1,3,0.0,1.0,3,1,0,0,1,8,0,0,0,0,0,0,0,1,0,0,0,0,0,0,0,1,0,0,1,0,1,0,0,0,0,0,0,0,1,0,0,0,1,0,0,0,0,0,146719.203125,150000.0
1554,1,7,1,1,0.0,1.0,3,1,0,1,1,5,0,0,0,0,0,0,0,1,0,0,0,0,0,0,0,1,0,0,1,0,1,0,0,0,0,0,0,0,1,0,0,0,1,0,0,0,0,0,171516.15625,165000.0
1624,1,7,1,1,0.0,3.0,2,1,0,1,1,2,1,0,0,0,0,0,0,0,1,1,0,0,0,0,0,0,0,0,1,0,1,0,0,0,0,0,0,0,1,0,0,0,1,0,0,0,0,0,218883.984375,159950.0
5527,1,7,2,1,0.0,3.0,3,1,0,1,1,8,0,0,0,1,1,0,1,0,0,0,0,0,0,0,0,1,0,0,1,0,1,0,0,0,0,0,0,0,1,0,0,0,1,0,0,0,0,0,186752.640625,165000.0
1531,1,7,0,1,0.0,3.0,2,0,0,1,0,10,0,0,0,1,1,0,1,0,0,0,0,0,0,0,0,1,0,0,1,0,1,0,0,0,0,0,0,0,1,0,0,0,1,0,0,0,0,0,124745.234375,127500.0
1564,1,7,3,1,0.0,3.0,3,1,0,1,1,6,0,0,0,1,0,0,1,0,0,0,0,0,0,0,0,0,0,0,1,0,1,0,0,0,0,0,0,0,1,0,0,0,1,0,0,0,0,0,303871.65625,300000.0
1681,1,7,3,1,0.0,1.0,3,1,0,1,1,8,0,0,0,1,1,0,1,0,0,0,0,0,0,0,0,1,0,0,1,0,1,0,0,0,0,0,0,0,1,0,0,0,1,0,0,0,0,0,296147.5625,250000.0
1823,1,6,1,1,0.0,2.0,3,1,1,1,1,4,1,0,0,0,0,0,1,0,0,0,0,0,1,0,0,1,0,0,0,0,1,0,0,0,0,0,0,0,1,0,0,0,1,0,0,0,0,0,174148.734375,120000.0
1662,1,7,1,1,0.0,3.0,2,1,0,1,1,6,0,0,0,0,1,0,1,0,0,0,0,0,0,0,0,1,0,0,1,0,1,0,0,0,0,0,0,0,1,0,0,0,1,0,0,0,0,0,179671.234375,180000.0
1656,1,7,3,1,0.0,2.0,3,1,0,1,1,11,0,0,0,1,0,0,1,0,0,0,0,0,0,0,0,1,0,0,1,0,1,0,0,0,0,0,0,0,1,0,0,0,1,0,0,0,0,0,278910.0625,275000.0
1643,1,7,5,1,0.0,3.0,4,1,1,1,1,12,0,0,0,1,1,0,1,0,0,0,0,0,0,0,0,1,0,0,1,0,1,0,0,0,0,0,0,0,1,0,0,0,1,0,0,0,0,0,373118.5,500000.0
1648,1,7,2,1,0.0,3.0,3,1,0,1,1,7,0,0,0,1,1,0,1,0,0,0,0,0,0,0,0,1,0,0,1,0,1,0,0,0,0,0,0,0,1,0,0,0,1,0,0,0,0,0,188143.703125,180000.0
1555,1,6,0,1,0.0,3.0,2,1,0,2,1,5,0,0,0,0,0,0,0,1,0,0,0,0,0,0,0,1,0,0,1,0,1,0,0,0,0,0,0,0,1,0,0,0,1,0,0,0,0,0,123328.3203125,120000.0
1541,1,7,1,1,0.0,1.0,4,1,0,1,1,5,0,0,0,0,0,0,0,1,0,0,0,0,0,0,0,1,0,0,1,0,1,0,0,0,0,0,0,0,1,0,0,0,1,0,0,0,0,0,174700.046875,230000.0
1592,1,7,6,1,0.0,6.0,4,1,0,1,1,14,0,0,0,1,1,0,1,0,0,0,0,0,1,0,0,1,0,0,0,0,1,0,0,0,0,0,0,0,1,0,0,0,1,0,0,0,0,0,719400.625,690000.0
1638,1,7,4,1,0.0,4.0,3,1,0,1,1,8,0,0,0,1,1,0,1,0,0,0,0,0,0,0,0,1,0,0,1,0,1,0,0,0,0,0,0,0,1,0,0,0,1,0,0,0,0,0,304737.5625,300000.0
1628,1,7,3,1,0.0,1.0,3,1,0,0,1,11,0,0,0,1,1,0,1,0,0,0,0,0,0,0,0,1,0,0,1,0,1,0,0,0,0,0,0,0,1,0,0,0,1,0,0,0,0,0,393779.6875,385000.0
5401,1,7,3,1,0.0,3.0,3,1,0,0,1,6,0,0,0,1,0,0,0,0,0,0,0,0,1,0,0,0,0,0,0,0,1,0,0,0,0,0,0,0,1,0,0,1,0,0,0,0,0,0,326034.4375,330000.0
1653,1,7,0,1,0.0,4.0,3,1,0,1,1,7,0,0,0,0,0,0,1,0,0,0,0,0,0,0,0,1,0,0,1,0,1,0,0,0,0,0,0,0,1,0,0,0,1,0,0,0,0,0,156190.953125,155000.0
1527,1,7,1,1,0.0,7.0,3,1,0,1,1,6,0,0,0,0,0,0,0,1,0,0,0,0,0,0,0,1,0,0,1,0,1,0,0,0,0,0,0,0,1,0,0,0,1,0,0,0,0,0,163157.234375,160000.0
1584,1,7,3,1,0.0,2.0,3,1,0,1,1,9,0,0,0,1,1,0,1,0,0,0,0,0,0,0,0,1,0,0,1,0,1,0,0,0,0,0,0,0,1,0,0,0,1,0,0,0,0,0,297060.59375,270000.0
1819,1,7,1,3,0.0,1.0,2,1,0,1,1,6,0,0,0,1,1,0,0,1,0,0,0,0,0,0,0,1,0,1,0,0,1,0,0,0,0,0,0,1,1,0,0,0,0,0,0,0,0,0,143740.453125,140000.0
1625,1,6,1,4,0.0,3.0,2,0,1,0,1,3,0,0,0,0,0,0,0,1,0,0,0,0,0,0,0,0,0,0,1,0,1,0,0,0,0,0,0,0,0,0,0,0,1,0,0,0,0,0,137705.265625,135000.0
1567,1,7,0,3,0.0,7.0,2,1,0,1,1,4,0,0,0,0,0,0,0,1,0,0,0,0,0,0,0,0,0,0,1,0,1,0,0,0,0,0,0,0,0,0,0,0,1,0,0,0,0,0,111783.4140625,115000.0
1650,1,7,2,1,0.0,2.0,3,1,0,2,1,7,0,0,0,1,1,0,0,0,0,0,0,0,0,0,0,1,0,0,1,0,0,0,0,0,0,0,0,0,1,0,0,0,1,0,0,0,0,0,272427.375,210000.0
1542,1,6,5,1,0.0,1.0,4,1,0,1,1,11,0,0,0,1,1,0,1,0,0,0,0,0,0,0,0,1,0,0,1,0,1,0,0,0,0,0,0,0,1,0,0,0,1,0,0,0,0,0,357808.28125,350000.0
1619,1,7,0,1,0.0,7.0,2,1,0,1,1,7,0,0,0,0,0,0,1,0,0,0,0,0,0,0,0,1,0,0,1,0,1,0,0,0,0,0,0,0,1,0,0,0,1,0,0,0,0,0,178726.390625,180000.0
1607,1,7,3,1,0.0,3.0,4,1,0,1,1,10,0,0,0,1,1,0,1,0,0,0,0,0,0,0,0,1,0,0,1,0,1,0,0,0,0,0,0,0,1,0,0,0,1,0,0,0,0,0,280203.1875,260000.0
1585,1,7,4,1,0.0,3.0,4,1,0,1,1,10,0,0,0,1,1,0,1,0,0,0,0,0,0,0,0,1,0,0,1,0,1,0,0,0,0,0,0,0,1,0,0,0,1,0,0,0,0,0,267503.3125,260000.0
1538,1,7,1,1,0.0,2.0,3,1,0,1,1,4,0,0,0,0,0,0,0,1,1,0,0,0,0,0,0,1,0,0,1,0,1,0,0,0,0,0,0,0,1,0,0,0,1,0,0,0,0,0,193631.5625,180000.0
5309,0,3,0,1,0.0,5.0,3,1,1,1,1,0,1,0,0,0,0,0,0,0,0,0,0,0,0,0,1,1,0,0,0,0,0,0,0,0,0,0,0,0,0,0,0,0,1,0,0,0,0,0,734.3729248046875,625.0
3895,0,3,0,1,0.0,2.0,2,1,1,1,1,2,0,0,0,0,0,0,0,1,0,0,0,0,0,0,0,0,0,0,1,0,0,0,0,0,0,0,0,0,1,0,0,0,1,0,0,0,0,0,492.4139709472656,450.0
4295,1,4,2,1,0.0,3.0,4,1,0,2,1,2,0,0,0,0,0,0,0,0,1,0,0,1,1,0,0,0,1,0,1,0,0,0,0,0,0,0,0,0,1,0,0,1,1,0,0,0,0,0,271593.125,270000.0
4431,1,7,3,1,0.0,2.0,3,1,0,2,1,6,0,0,0,1,0,0,1,0,0,0,0,0,1,0,0,0,0,1,1,0,0,0,0,0,0,0,0,0,1,0,0,1,1,0,0,0,0,0,354401.75,349995.0
4310,1,2,0,3,0.0,0.0,1,1,1,1,0,0,0,0,0,0,0,0,0,1,0,0,0,0,1,0,0,0,0,1,1,0,0,0,1,0,0,0,0,0,0,0,0,0,1,0,0,0,0,0,94491.1015625,125000.0
4432,1,2,0,1,0.0,0.0,2,1,0,1,0,3,0,1,0,0,0,0,1,0,0,0,0,1,1,0,0,1,0,0,1,0,0,0,0,0,0,0,0,0,1,0,0,1,1,0,0,0,0,0,96869.0078125,100000.0
4456,1,7,3,1,0.0,1.0,3,1,1,2,0,7,0,0,0,1,1,0,1,0,0,0,0,0,0,0,1,0,0,1,1,0,0,0,0,0,0,0,0,0,1,0,0,1,1,0,0,0,0,0,588995.75,590000.0
4298,1,2,3,1,0.0,5.0,2,1,0,1,1,4,0,0,0,0,1,0,1,0,1,0,0,0,0,1,0,0,0,0,0,0,0,0,0,0,0,0,0,0,1,0,0,0,1,0,0,0,0,0,266915.75,270000.0
4311,1,7,2,4,0.0,2.0,2,1,0,2,2,3,0,0,0,0,0,0,0,1,0,0,0,0,1,0,0,0,0,0,1,0,0,0,0,0,0,0,0,0,1,0,0,1,0,0,0,0,0,0,275297.03125,280000.0
4308,1,7,0,1,0.0,2.0,2,1,1,1,0,0,0,0,0,0,0,0,0,1,0,0,0,0,0,0,0,0,0,0,0,0,0,0,0,0,0,0,0,0,1,0,0,1,1,0,0,0,0,0,142383.40625,145000.0
4405,1,7,2,1,0.0,2.0,2,1,0,1,1,4,0,0,0,1,0,0,1,0,0,1,0,0,1,0,0,1,0,0,1,0,0,0,0,0,0,0,0,0,1,0,0,1,1,0,0,0,0,0,289664.25,290000.0
4391,1,2,2,1,0.0,4.0,2,1,0,1,1,4,1,0,0,0,0,0,1,0,0,0,0,0,1,0,0,0,0,0,1,0,0,0,0,0,0,0,0,0,1,0,0,0,1,0,0,0,0,0,329109.53125,335000.0
4356,1,7,2,1,0.0,2.0,4,1,1,1,1,4,1,0,0,1,0,0,1,0,0,0,0,0,1,0,0,0,0,1,1,0,0,0,0,0,0,0,0,0,1,0,0,1,1,0,0,0,0,0,249495.1875,475000.0
4426,1,4,0,1,0.0,1.0,1,1,0,1,0,1,1,0,0,1,0,0,1,0,0,0,0,0,1,0,0,0,0,0,1,0,0,0,0,0,0,0,0,0,1,0,0,1,1,0,0,0,0,0,118363.6484375,115000.0
4383,1,2,7,1,0.0,4.0,6,1,0,2,1,9,0,0,0,1,1,0,0,0,0,0,0,0,0,0,1,0,0,1,1,0,0,0,0,0,0,0,0,0,1,0,0,0,1,0,0,0,0,0,1307035.625,1300000.0
4372,1,7,1,1,0.0,1.0,3,1,1,1,0,3,0,0,0,0,0,0,0,0,0,0,0,0,1,0,0,1,0,0,1,0,0,0,0,0,0,0,0,0,1,0,0,1,1,0,0,0,0,0,241384.28125,255000.0
4415,1,2,5,1,0.0,5.0,4,1,2,2,1,7,0,0,0,1,1,0,1,0,0,0,0,0,1,0,0,0,1,0,1,0,0,0,0,0,0,0,0,0,1,0,0,0,1,0,0,0,0,1,580497.25,570000.0
4328,1,4,5,1,0.0,0.0,6,1,1,2,1,6,0,0,0,1,1,0,0,0,0,0,0,0,0,0,0,1,0,0,1,0,0,0,0,0,0,0,0,0,1,0,0,0,1,0,0,0,0,0,796208.0625,750000.0
4321,1,2,0,1,0.0,1.0,1,1,0,0,0,2,0,0,0,0,0,0,0,0,0,0,0,0,0,0,0,0,0,0,0,0,0,0,0,0,0,0,0,0,1,0,0,0,1,0,0,0,0,0,120768.03125,125000.0
4414,1,2,3,1,0.0,0.0,3,1,0,0,0,7,0,0,0,1,0,0,1,0,0,1,0,0,1,0,0,0,0,1,1,0,0,0,0,0,0,0,0,0,1,0,0,1,1,0,0,0,0,0,433044.8125,425000.0
4363,1,2,2,1,0.0,0.0,2,1,0,1,0,4,1,0,0,0,0,0,0,0,0,1,0,0,0,0,0,0,0,0,0,0,0,0,0,0,0,0,0,0,1,0,0,0,1,0,0,0,0,0,237869.921875,240000.0
4416,1,4,5,1,0.0,0.0,4,1,0,1,1,12,1,0,0,1,1,0,0,0,0,0,0,0,1,0,0,0,0,1,1,0,0,0,0,0,0,0,0,0,1,0,0,0,1,0,0,0,0,0,583114.625,560000.0
4312,1,2,2,1,0.0,2.0,3,1,0,2,1,3,0,0,0,0,0,0,0,1,0,0,0,0,1,0,0,0,0,0,1,0,0,0,0,0,0,0,0,0,1,0,0,0,1,0,0,0,0,0,323254.65625,370000.0
4391,1,4,3,1,0.0,2.0,2,1,0,1,0,5,0,0,0,0,0,0,1,0,0,0,0,0,1,0,0,0,0,0,1,0,0,0,0,0,0,0,0,0,1,0,0,0,1,0,0,0,0,0,378653.28125,270000.0
4325,1,2,1,1,0.0,0.0,2,1,0,0,0,4,0,0,0,1,0,0,1,0,0,0,0,0,1,0,0,0,0,0,1,0,0,0,0,0,0,0,0,0,1,0,0,0,1,0,0,0,0,0,221760.375,220000.0
4317,1,7,0,1,0.0,3.0,1,1,0,1,1,2,0,0,0,0,0,0,0,1,1,0,0,0,0,0,0,0,0,0,0,0,0,0,0,0,0,0,0,0,1,0,0,0,1,0,0,0,0,0,187804.015625,147500.0
4400,1,7,3,1,0.0,0.0,3,1,1,1,1,2,0,0,0,1,1,0,1,0,0,0,0,0,0,0,1,0,1,0,1,0,0,0,1,0,0,0,0,0,1,0,0,1,1,0,0,0,0,0,353200.625,350000.0
4330,1,7,4,1,0.0,3.0,4,1,0,3,0,13,1,0,0,1,0,0,1,0,0,0,0,0,1,0,0,0,0,1,1,0,0,0,0,0,0,0,0,0,1,0,0,0,1,0,0,0,0,0,719342.1875,700000.0
4353,1,7,2,1,0.0,1.0,2,1,1,1,0,3,1,0,0,0,0,1,1,0,0,0,0,0,0,0,0,0,0,0,0,0,0,0,0,0,0,0,0,1,0,0,1,0,0,0,0,0,0,0,231768.453125,180000.0
4375,1,7,2,1,0.0,1.0,2,1,0,1,1,2,1,0,0,1,0,0,1,0,0,0,0,0,1,0,0,0,1,0,1,0,0,0,0,0,0,0,0,1,0,0,0,1,1,0,0,0,0,0,253847.09375,250000.0
4288,1,2,1,3,0.0,2.0,2,1,1,1,1,1,0,0,0,0,0,0,0,1,0,0,0,0,1,0,0,0,1,0,1,0,0,0,0,0,0,0,0,1,0,0,0,1,1,0,0,0,0,0,240569.484375,240000.0
935,1,6,2,1,0.0,3.0,3,1,1,0,1,6,0,0,0,1,1,0,0,0,0,0,0,0,0,0,1,1,0,1,0,0,0,0,0,0,0,0,0,0,1,0,0,0,1,0,0,0,0,0,237203.859375,200000.0
938,0,3,0,1,0.0,3.0,3,1,0,1,1,1,0,0,0,0,0,0,0,1,0,0,0,0,1,0,0,1,0,0,0,0,0,0,0,0,0,0,0,0,0,0,0,0,1,0,0,0,0,0,726.1697998046875,550.0
943,0,3,0,1,0.0,2.0,2,1,1,1,0,0,1,0,0,0,0,0,0,0,0,0,0,0,1,0,0,0,0,0,0,0,0,0,0,0,0,0,0,0,0,0,0,0,1,0,0,0,0,0,770.1541748046875,525.0
952,1,4,1,1,0.0,1.0,4,1,0,1,1,5,0,0,0,1,1,0,1,0,0,0,0,0,1,0,1,1,0,0,0,0,0,0,0,0,0,0,0,0,0,0,0,1,0,0,0,0,0,0,168301.421875,170000.0
951,0,3,0,1,0.0,8.0,2,1,1,1,0,0,1,0,0,0,0,0,1,0,0,0,0,0,0,0,0,0,0,0,0,0,0,0,0,0,0,0,0,0,0,0,0,0,1,0,0,0,0,0,732.8748779296875,400.0
938,0,3,0,1,0.0,2.0,3,1,0,1,1,1,0,0,0,0,0,0,0,1,0,0,0,0,1,0,0,1,0,0,0,0,0,0,0,0,0,0,0,0,0,0,0,0,1,0,0,0,0,0,741.1346435546875,550.0
2301,1,6,1,1,0.0,1.0,2,1,0,1,1,7,0,0,0,0,0,0,0,1,0,0,0,0,0,0,0,0,0,0,1,0,0,0,0,0,0,0,0,0,0,0,0,0,1,0,0,0,0,0,175300.265625,180000.0
2328,0,3,3,1,0.0,3.0,3,1,0,2,0,6,0,1,0,0,0,0,0,0,0,0,0,0,1,0,1,1,0,0,0,0,0,0,0,0,0,0,0,1,0,0,0,0,0,0,1,0,0,0,1645.9119873046875,795.0
2318,1,6,1,1,0.0,1.0,2,1,0,1,0,6,0,0,0,1,1,0,0,0,0,0,0,0,0,0,0,1,0,0,1,0,0,0,0,0,0,0,0,0,0,0,0,0,1,0,0,0,0,0,233505.203125,180000.0
2361,1,6,1,1,0.0,0.0,2,1,1,1,1,4,1,0,0,0,1,0,0,0,0,0,0,0,0,0,0,0,0,0,0,0,0,0,1,0,0,0,0,0,0,0,0,0,1,0,0,0,0,0,162012.25,160000.0
2358,1,6,2,3,0.0,1.0,3,1,0,2,1,7,0,0,0,1,1,0,0,0,0,0,0,0,1,0,0,0,0,0,0,0,0,0,0,0,0,0,0,0,0,0,0,0,1,0,0,0,0,0,203822.40625,200000.0
2360,1,6,4,1,0.0,1.0,4,1,0,2,1,1,0,0,0,1,1,0,0,0,0,0,0,0,0,0,1,0,0,1,1,0,0,0,0,0,0,0,0,0,0,0,0,0,1,0,0,0,0,0,358301.1875,300000.0
2315,1,6,0,1,0.0,5.0,2,1,0,1,1,3,0,0,0,0,0,0,0,1,0,0,0,0,1,1,1,0,0,0,0,0,0,0,0,0,0,0,0,0,0,0,0,0,1,0,0,0,0,0,165360.265625,120000.0
2345,1,6,1,1,0.0,1.0,3,1,0,2,1,6,0,0,0,1,0,0,0,0,0,0,0,0,0,0,1,0,0,1,1,0,0,0,0,0,0,0,0,0,0,0,0,0,1,0,0,0,0,0,248828.578125,260000.0
2319,1,6,2,1,0.0,3.0,3,1,1,1,1,7,0,0,0,1,0,0,0,0,0,0,0,0,0,0,1,1,0,0,0,0,0,0,0,0,0,0,0,0,0,0,0,0,1,0,0,0,0,0,255384.359375,210000.0
2353,1,6,4,1,0.0,1.0,4,1,0,1,1,7,0,0,0,1,1,0,1,0,0,0,0,0,0,0,1,0,0,1,0,0,0,0,0,0,0,0,0,0,0,0,0,0,1,0,0,0,0,0,323234.59375,350000.0
2286,1,7,0,1,0.0,1.0,3,1,1,0,0,4,0,0,0,0,1,0,0,0,0,0,0,0,0,0,1,0,1,1,0,0,0,0,0,0,0,0,0,0,0,0,0,0,1,0,0,0,0,0,157318.90625,160000.0
2331,1,7,2,1,0.0,4.0,2,1,0,1,1,6,0,0,0,1,1,0,1,0,0,0,0,0,0,0,0,0,0,0,0,0,0,0,0,0,0,0,0,0,0,0,0,0,1,0,0,0,0,0,190424.234375,210000.0
1732,1,2,2,1,0.0,4.0,3,1,0,0,1,10,0,0,0,1,0,0,1,0,0,1,0,0,1,0,0,0,0,1,1,0,0,0,1,0,0,0,0,0,1,0,0,1,1,0,0,0,0,0,200075.953125,195000.0
1842,1,6,1,1,0.0,5.0,3,1,0,1,0,8,0,0,0,1,1,0,1,0,0,0,0,0,1,0,1,0,0,0,1,0,0,0,1,0,0,0,0,0,1,0,0,1,1,0,0,0,0,0,139660.15625,140000.0
1770,0,3,0,1,0.0,5.0,2,1,0,1,1,5,0,0,0,0,0,0,0,1,0,0,0,0,1,0,1,0,0,0,1,0,0,0,1,0,0,0,0,0,1,0,0,1,1,0,0,0,0,0,628.3631591796875,550.0
1693,1,2,2,1,0.0,3.0,3,1,0,2,1,8,1,0,0,0,0,0,1,0,0,1,0,0,1,0,1,0,0,0,1,0,0,0,1,0,0,0,0,0,1,0,0,1,1,0,0,0,0,0,167653.859375,170000.0
1738,1,6,2,1,0.0,4.0,2,1,0,2,1,7,0,0,0,1,1,0,1,0,0,0,0,0,1,0,1,0,0,0,1,0,0,0,1,0,0,0,0,0,1,0,0,1,1,0,0,0,0,0,126919.1328125,150000.0
1754,1,2,1,1,0.0,2.0,4,1,0,2,1,5,0,0,0,1,0,0,1,0,0,1,0,0,1,0,1,0,0,0,1,0,0,0,1,0,0,0,0,0,1,0,0,1,1,0,0,0,0,0,151461.140625,150000.0
1753,1,2,1,1,0.0,2.0,3,1,0,1,1,6,0,0,0,1,0,0,1,0,0,1,0,0,1,0,1,0,0,1,0,0,0,0,1,0,0,0,0,0,1,0,0,1,1,0,0,0,0,0,204831.765625,170000.0
1714,1,2,0,1,0.0,0.0,2,0,0,1,1,3,1,0,0,0,0,0,1,0,0,1,0,0,0,1,0,0,0,0,0,0,0,0,1,0,0,0,0,0,1,0,1,0,0,0,0,0,0,0,81901.2578125,75000.0
1704,1,6,3,1,0.0,3.0,3,1,1,3,1,8,0,0,0,0,1,0,1,0,0,1,0,0,1,0,1,0,0,0,1,0,0,0,1,0,0,0,0,0,1,0,0,1,1,0,0,0,0,0,180335.328125,180000.0
1715,1,2,0,1,0.0,1.0,2,1,0,2,0,7,0,0,0,1,0,0,1,0,0,1,0,0,1,0,0,0,0,1,1,0,0,0,1,0,0,0,0,0,1,0,0,1,1,0,0,0,0,0,113694.625,120000.0
1762,1,2,0,1,0.0,3.0,2,1,0,0,1,7,0,0,0,0,0,0,0,1,0,0,0,0,1,0,1,0,0,0,1,0,0,0,1,0,0,0,0,0,1,0,0,1,1,0,0,0,0,0,93023.0703125,90000.0
1787,1,7,0,3,0.0,2.0,2,1,0,1,1,9,0,0,0,0,1,0,1,0,0,0,1,0,1,0,1,0,0,0,1,0,0,0,1,0,0,0,0,0,1,0,0,1,1,0,0,0,0,0,88514.015625,85000.0
1737,1,2,1,1,0.0,2.0,2,1,0,1,1,5,0,0,0,1,0,0,1,0,0,1,0,0,1,0,1,0,0,0,1,0,0,0,1,0,0,0,0,0,1,0,0,1,1,0,0,0,0,0,144951.390625,145000.0
1718,1,6,0,1,0.0,10.0,3,1,0,3,1,6,0,0,0,0,0,1,1,0,0,1,0,0,0,0,0,0,0,0,0,0,0,0,1,0,0,0,0,0,1,0,0,1,1,0,0,0,0,0,78359.375,75000.0
1754,1,6,1,1,0.0,2.0,3,1,0,1,1,4,0,0,0,1,0,0,1,0,0,1,0,0,1,0,0,1,0,0,1,0,0,0,1,0,0,0,0,0,1,0,0,1,1,0,0,0,0,0,137422.671875,135000.0
1756,0,3,0,1,0.0,4.0,3,1,0,1,1,6,0,0,0,0,0,0,0,1,0,0,0,0,1,0,0,1,0,0,1,0,0,0,1,0,0,0,0,0,1,0,0,1,1,0,0,0,0,0,741.3455810546875,650.0
5423,1,6,2,3,0.0,6.0,2,1,0,1,1,1,0,0,0,1,1,0,0,0,0,0,0,0,1,0,1,0,0,0,0,0,0,0,1,0,0,0,0,0,0,0,0,1,1,0,0,0,0,0,181897.4375,175000.0
5505,1,6,2,1,0.0,5.0,3,1,1,1,1,1,0,0,0,0,1,0,1,0,0,0,0,0,1,0,1,0,0,1,0,0,0,0,1,0,0,0,0,1,0,0,0,1,1,0,0,0,0,0,191750.171875,200000.0
5417,1,6,1,3,0.0,0.0,3,1,0,1,1,2,0,0,0,1,1,0,1,0,0,0,0,0,1,0,0,0,0,0,1,0,0,0,1,0,0,0,0,1,1,0,0,0,1,0,0,0,0,0,210829.765625,210000.0
5416,1,6,1,4,0.0,6.0,2,1,1,1,1,0,0,0,0,0,0,0,0,1,0,0,0,0,1,0,0,0,1,0,0,0,0,0,1,0,0,0,0,0,0,0,0,0,1,0,0,0,0,0,148275.34375,150000.0
5348,0,3,2,1,0.0,4.0,1,1,1,1,0,2,0,0,0,0,0,0,0,0,0,0,0,0,0,0,0,0,0,0,0,0,0,0,0,0,0,0,0,0,0,0,0,0,0,0,0,0,0,1,1075.1307373046875,825.0
5437,0,3,2,1,0.0,5.0,1,1,1,2,1,2,1,0,0,1,0,0,1,0,0,0,0,0,1,0,1,0,0,0,0,0,0,0,1,0,0,0,0,0,0,0,0,0,1,0,0,0,0,0,790.6580810546875,750.0
5351,1,6,2,3,0.0,5.0,3,1,0,2,0,3,0,0,0,1,1,0,1,0,0,0,0,0,1,0,1,1,0,0,0,0,0,0,0,0,0,0,0,1,1,0,0,0,1,0,0,0,0,0,241163.296875,240000.0
5467,0,3,2,1,0.0,0.0,4,1,2,1,2,3,0,0,0,1,0,0,0,0,0,0,0,0,1,0,0,0,0,0,0,1,0,0,1,0,0,0,0,0,0,0,0,0,1,0,0,0,0,0,0.0,1400.0
5445,0,3,6,1,0.0,2.0,4,1,1,1,1,4,0,0,0,0,1,0,1,0,0,0,0,0,1,0,1,0,1,0,0,0,0,0,1,0,0,0,0,0,0,0,0,1,0,0,0,0,0,1,1290.5604248046875,1450.0
5486,1,6,1,1,0.0,0.0,2,1,0,2,1,2,0,0,0,1,0,0,1,0,0,0,0,0,1,0,1,0,0,0,0,0,0,0,1,0,0,0,0,0,0,0,0,0,1,0,0,0,0,0,196862.8125,200000.0
5486,1,6,1,1,0.0,0.0,2,1,0,2,1,2,0,0,0,1,0,0,1,0,0,0,0,0,1,0,1,0,0,0,0,0,0,0,1,0,0,0,0,0,0,0,0,0,1,0,0,0,0,0,196862.8125,200000.0
5488,1,6,1,1,0.0,0.0,2,1,0,2,1,2,0,0,0,1,0,0,1,0,0,0,0,0,0,0,0,0,1,0,1,0,0,0,1,0,0,0,0,0,0,0,0,1,1,0,0,0,0,0,178923.171875,200000.0
5394,0,3,0,1,0.0,4.0,1,1,1,1,0,1,0,0,0,1,0,0,1,0,0,0,0,0,1,0,0,0,1,0,0,0,0,0,1,0,0,0,0,1,0,0,0,1,1,0,0,0,0,0,557.6541748046875,625.0
5471,0,3,3,1,0.0,1.0,3,1,2,2,0,1,0,0,0,0,0,0,0,1,0,0,0,0,1,0,0,0,0,0,0,0,0,0,1,0,0,0,0,0,0,0,0,0,1,0,0,0,0,0,0.0,1050.0
5443,0,3,2,1,0.0,1.0,4,1,1,1,1,2,0,0,0,0,0,0,0,1,0,0,0,0,1,0,0,0,0,0,0,0,0,0,1,0,0,0,0,0,0,0,0,0,1,0,0,0,0,0,0.0,1350.0
5390,1,7,3,3,0.0,1.0,2,1,1,2,1,2,0,0,0,1,1,0,1,0,0,0,0,0,1,0,0,0,1,0,0,0,0,0,1,0,0,0,0,1,0,0,0,1,1,0,0,0,0,0,224470.890625,220000.0
5487,1,6,0,1,0.0,3.0,2,1,1,0,0,3,0,0,0,1,0,0,1,0,0,0,0,0,1,0,1,0,0,1,0,0,0,0,1,0,0,0,0,1,0,0,0,1,1,0,0,0,0,0,151364.984375,200000.0
5424,1,6,1,1,0.0,2.0,2,1,1,1,1,1,0,0,0,1,0,0,1,0,0,0,0,0,1,0,0,0,0,0,0,0,0,0,1,0,0,0,0,1,0,0,0,1,1,0,0,0,0,0,195453.015625,195000.0
5482,0,3,0,1,0.0,4.0,1,1,1,1,0,0,0,0,0,0,0,0,0,1,1,0,0,0,1,0,0,0,1,0,0,0,0,0,1,0,0,0,0,0,0,0,0,1,1,0,0,0,0,0,956.1287841796875,725.0
270,1,2,4,1,0.0,0.0,1,0,0,1,0,0,1,0,0,0,0,0,0,0,0,0,0,0,0,0,0,0,0,0,0,0,1,0,0,0,0,0,0,0,0,0,1,0,0,0,0,0,0,0,112714.59375,100000.0
3062,1,4,1,1,0.0,2.0,3,1,1,1,1,0,0,0,0,0,0,0,0,1,0,0,0,0,1,0,0,1,0,1,0,0,0,0,1,0,0,0,0,1,0,0,0,0,0,0,0,0,0,0,153899.921875,150000.0
3052,1,2,1,1,0.0,6.0,3,1,1,1,1,4,0,0,0,0,0,0,0,1,0,0,0,0,1,0,0,1,0,0,0,0,0,0,1,0,0,0,0,1,0,0,0,0,1,0,0,0,0,0,165500.140625,165000.0
3338,1,2,2,1,0.0,2.0,3,1,0,1,1,6,0,0,0,1,1,0,0,0,0,0,0,0,0,0,0,0,0,0,0,0,0,0,1,0,0,0,0,1,0,0,0,1,1,0,0,0,0,0,210758.796875,210000.0
3061,1,4,0,3,0.0,3.0,3,1,1,0,1,5,0,0,0,0,0,0,0,1,0,0,0,0,1,0,0,1,0,0,0,0,0,0,0,1,1,0,0,0,1,0,0,0,1,0,0,0,0,0,228973.140625,135000.0
3051,1,7,2,1,0.0,0.0,3,1,0,1,1,9,0,0,0,0,0,0,0,1,0,0,0,0,1,0,0,1,0,0,0,0,0,0,1,0,0,0,0,1,0,0,0,1,0,0,0,0,0,0,250337.953125,250000.0
3813,1,2,1,3,0.0,2.0,5,1,1,1,1,5,0,0,1,1,0,0,0,0,0,0,0,0,0,0,1,0,0,0,1,0,0,0,0,0,0,0,0,0,0,0,0,0,1,0,0,0,0,0,168289.953125,165000.0
3785,1,7,1,1,0.0,0.0,3,1,1,2,1,5,0,0,0,1,0,0,0,0,0,0,0,0,0,0,1,0,0,0,0,0,0,0,0,0,0,0,0,0,0,0,0,0,1,0,0,0,0,0,168201.828125,165000.0
3641,1,7,2,1,0.0,1.0,2,1,1,1,0,0,1,0,0,0,0,0,1,0,0,0,0,0,0,0,0,0,0,0,0,0,0,0,1,0,0,0,0,0,0,0,0,0,0,1,0,0,0,0,285944.78125,250000.0
2170,1,6,1,1,0.0,1.0,2,1,0,1,1,3,0,0,0,0,1,0,0,0,0,1,0,1,0,1,0,0,0,0,0,0,0,0,1,0,0,0,0,1,1,0,0,0,1,0,0,0,0,0,128480.1015625,125000.0
2181,1,6,2,1,0.0,3.0,3,1,1,1,1,4,0,0,0,1,0,0,1,0,0,1,0,0,1,0,0,0,0,1,1,0,0,0,1,0,0,0,0,1,1,0,0,0,1,0,0,0,0,0,181546.1875,180000.0
5171,1,2,2,1,0.0,0.0,3,1,1,2,1,6,0,0,0,1,1,0,1,0,0,0,0,0,1,0,0,0,0,1,1,0,1,0,0,0,0,0,0,1,1,0,0,0,1,0,0,0,0,0,134592.890625,130000.0
5167,1,2,2,1,0.0,0.0,3,1,1,2,0,4,0,0,0,1,0,0,1,0,0,1,0,0,1,0,0,0,0,1,1,0,1,0,0,0,0,0,0,0,1,0,0,1,1,0,0,0,0,0,83040.2890625,80000.0
5170,1,2,0,1,0.0,0.0,3,1,1,1,0,3,0,0,0,1,0,0,1,0,0,1,0,0,1,0,0,0,0,1,1,0,1,0,0,0,0,0,0,1,1,0,0,0,1,0,0,0,0,0,91090.0234375,90000.0
5546,0,3,2,1,0.0,7.0,3,1,0,1,1,3,0,0,0,1,1,0,0,0,0,0,0,0,1,0,0,0,0,0,0,0,1,0,0,0,0,0,0,0,0,0,0,0,0,0,1,0,0,0,896.4334716796875,630.0
837,1,7,0,3,0.0,2.0,3,1,0,1,1,2,0,0,0,0,0,0,0,0,0,0,0,0,1,0,0,0,0,0,0,0,0,0,0,0,0,0,0,0,1,0,0,0,1,0,0,0,0,0,77481.6484375,80000.0
860,0,3,2,1,0.0,0.0,4,1,0,2,1,7,0,0,0,1,0,0,0,0,0,0,0,0,1,0,0,1,0,0,0,0,1,0,0,0,0,0,0,0,1,0,0,0,1,0,0,0,0,0,720.2791748046875,850.0
955,0,3,0,1,0.0,3.0,3,1,0,1,1,2,0,0,0,1,1,0,0,0,0,0,0,0,0,0,1,0,0,0,0,0,1,0,0,0,0,0,0,0,1,0,0,0,1,0,0,0,0,0,607.2030029296875,530.0
998,1,0,4,1,0.0,0.0,4,1,0,2,1,5,0,0,0,1,1,0,0,0,0,0,0,0,1,0,0,1,1,0,0,0,0,0,1,0,0,0,0,0,1,0,0,0,1,0,0,0,0,0,246351.734375,270000.0
1654,1,7,3,1,0.0,0.0,4,1,0,1,1,10,0,0,0,1,1,0,1,0,0,0,0,0,0,0,0,1,0,0,1,0,1,0,0,0,0,0,0,0,1,0,0,0,1,0,0,0,0,0,259963.796875,250000.0
5404,1,7,1,1,0.0,0.0,2,1,0,1,1,4,0,0,0,0,0,0,0,1,0,0,0,0,1,0,0,0,0,0,0,0,1,0,0,0,0,0,0,0,1,0,0,0,0,0,1,0,0,0,141638.984375,140000.0
1668,0,3,1,1,0.0,4.0,3,1,0,1,1,6,0,0,0,0,1,0,0,1,0,0,0,0,0,0,0,1,0,0,1,0,1,0,0,0,0,0,0,0,1,0,0,0,1,0,0,0,0,0,452.4940490722656,575.0
1566,0,3,2,1,0.0,1.0,2,1,1,1,0,1,1,0,0,0,0,0,1,0,0,0,0,0,0,0,0,0,0,0,0,0,1,0,0,0,0,0,0,0,1,0,1,0,0,0,0,0,0,0,526.1737060546875,550.0
1551,0,3,1,1,0.0,2.0,3,1,0,1,1,3,1,0,0,0,0,0,1,0,0,0,0,0,0,0,0,1,0,0,1,0,1,0,0,0,0,0,0,0,1,0,0,0,1,0,0,0,0,0,651.3455810546875,650.0
1543,0,3,1,1,0.0,1.0,2,1,0,1,1,4,0,0,0,0,0,0,1,0,0,0,0,0,1,0,0,0,0,0,0,0,1,0,0,0,0,0,0,0,1,0,0,0,1,0,0,0,0,0,774.6424560546875,575.0
3582,1,4,2,1,0.0,18.0,2,1,1,1,1,7,0,0,0,1,1,0,1,0,0,0,0,0,1,0,1,0,1,0,0,0,0,0,1,0,1,0,0,1,1,0,0,0,1,0,0,0,0,0,239273.734375,240000.0
3579,0,3,4,1,0.0,0.0,4,1,0,3,1,7,0,0,0,1,0,0,1,0,0,1,0,0,1,0,1,0,0,1,0,0,0,0,1,0,0,0,0,0,1,0,0,0,1,0,0,0,0,1,2532.658203125,2700.0
4270,1,4,0,1,0.0,2.0,1,1,0,1,1,1,0,0,0,0,0,0,0,0,0,0,0,0,0,0,0,0,0,0,0,0,0,0,0,0,0,0,0,0,1,0,0,0,1,0,0,0,0,0,144080.65625,148000.0
3581,1,4,3,1,0.0,0.0,4,1,0,1,1,8,0,0,0,1,0,0,1,0,0,1,0,0,1,0,1,0,0,0,1,0,0,0,0,0,0,0,0,1,1,0,0,0,1,0,0,0,0,0,376660.1875,375000.0
4352,1,7,2,1,0.0,0.0,3,1,2,2,0,2,0,0,0,1,0,0,1,0,0,1,0,0,1,0,0,0,0,1,1,0,0,0,0,0,0,0,0,0,1,0,0,1,1,0,0,0,0,0,275978.4375,280000.0
4396,0,3,3,1,0.0,0.0,2,1,1,2,1,6,0,0,0,0,1,0,0,0,0,0,0,0,0,0,0,0,0,0,0,1,0,0,0,0,0,0,0,0,0,0,0,0,1,0,0,0,0,0,1013.0467529296875,1510.0
4582,1,2,0,1,0.0,1.0,2,1,0,0,2,2,0,0,0,1,0,0,1,0,0,0,1,0,1,0,0,0,0,1,0,0,0,0,0,0,0,0,0,0,0,0,1,0,0,1,0,0,0,0,236632.109375,140000.0
4580,0,3,4,1,0.0,2.0,4,1,0,1,1,5,0,0,0,1,1,0,1,0,0,0,0,0,1,0,0,1,0,0,1,0,1,0,0,0,0,0,0,0,0,0,0,0,1,0,0,0,0,0,1146.5799560546875,1100.0
3290,1,7,0,1,0.0,2.0,2,1,0,1,1,5,0,0,0,1,0,0,1,0,0,0,0,0,1,0,1,0,0,0,1,0,0,0,0,0,0,0,0,1,1,0,0,0,1,0,0,0,0,0,94819.5234375,160000.0
4011,1,2,1,1,0.0,3.0,2,1,0,1,1,4,1,0,0,0,0,0,1,0,0,0,0,1,0,0,0,0,0,0,0,0,0,1,0,0,0,0,0,0,0,0,1,0,0,0,0,0,0,0,201575.359375,200000.0
4583,1,2,1,1,0.0,4.0,3,1,2,0,0,3,0,0,0,1,0,0,1,0,0,0,0,0,1,0,1,0,0,0,1,0,0,0,0,0,0,0,0,1,0,0,0,1,1,0,0,0,0,0,191452.359375,200000.0
4515,1,5,2,3,0.0,0.0,3,1,0,1,1,2,0,0,0,1,1,0,1,0,0,0,0,0,1,0,1,0,1,0,0,0,0,0,0,0,0,0,0,0,1,0,0,1,0,0,0,0,0,0,154340.890625,160000.0
350,0,3,0,1,0.0,11.0,1,1,0,0,1,3,0,0,0,1,0,0,1,0,0,0,0,1,0,0,0,0,0,0,0,0,0,0,1,0,0,0,0,0,1,0,1,0,0,0,0,0,0,0,535.2401123046875,575.0
352,0,3,1,1,0.0,2.0,3,1,1,1,0,6,0,0,0,0,0,0,0,1,0,0,0,0,1,0,0,0,0,1,0,0,0,0,1,0,0,0,0,0,1,0,0,0,1,0,0,0,0,0,630.4315185546875,1000.0
362,0,3,1,1,0.0,1.0,1,1,1,2,0,4,0,0,0,1,0,0,0,0,0,0,0,0,0,0,1,0,0,1,1,0,1,0,0,0,0,0,0,1,1,0,0,0,0,0,0,0,0,0,1237.8612060546875,920.0
960,1,2,1,1,0.0,1.0,2,1,1,1,0,1,1,0,0,0,0,0,1,0,0,0,0,0,0,1,0,0,0,0,0,0,1,0,1,0,0,0,0,0,1,0,0,0,0,0,0,0,0,0,168823.390625,165000.0
350,0,3,0,1,0.0,3.0,1,1,1,0,1,2,1,0,0,0,0,0,1,0,0,1,0,0,0,0,0,0,0,0,0,0,1,0,1,0,0,0,0,0,1,0,1,0,0,0,0,0,0,0,818.4119873046875,700.0
362,0,3,1,1,0.0,1.0,1,1,1,2,0,4,0,0,0,1,0,0,0,0,0,0,0,0,0,0,1,0,0,1,1,0,1,0,0,0,0,0,0,1,1,0,0,0,0,0,0,0,0,0,1237.8612060546875,920.0
351,0,3,1,1,0.0,3.0,2,1,0,1,1,5,0,0,0,1,1,0,1,0,0,0,0,0,0,0,1,0,0,1,1,0,0,0,1,0,0,0,0,0,1,0,0,0,1,0,0,0,0,0,715.4627685546875,875.0
344,0,3,0,1,0.0,2.0,1,1,0,1,0,4,0,0,0,0,0,0,0,1,0,0,0,0,0,1,0,0,0,0,0,0,0,0,0,0,0,0,0,0,1,0,1,0,0,0,0,0,0,0,566.0018310546875,675.0
362,1,0,1,1,0.0,0.0,1,1,1,2,0,4,0,0,0,1,0,0,1,0,0,1,0,0,0,0,1,0,0,1,1,0,1,0,0,0,0,0,0,1,1,0,0,0,0,0,0,0,0,0,266110.5625,260000.0
364,0,3,1,1,0.0,1.0,2,1,1,1,0,2,1,0,0,0,0,0,1,0,0,0,0,1,0,0,0,0,0,0,0,0,0,0,0,0,0,0,0,0,1,0,0,0,0,0,0,0,0,0,977.2635498046875,765.0
347,0,3,2,1,0.0,1.0,3,1,1,2,0,9,0,0,0,1,0,0,0,0,0,1,0,0,1,0,0,0,1,1,0,0,1,0,0,0,0,0,0,0,1,0,0,0,0,0,0,0,0,0,872.4451904296875,1200.0
346,0,3,1,1,0.0,2.0,1,1,1,2,0,2,1,0,0,0,1,0,1,0,0,0,0,0,0,1,0,0,0,0,0,0,1,0,0,0,0,0,0,0,1,0,0,0,0,0,0,0,0,0,969.7186279296875,920.0
3929,1,7,2,1,0.0,1.0,3,1,1,1,1,5,0,0,0,1,0,0,1,0,0,0,0,0,1,0,1,1,0,0,0,0,0,0,0,0,0,0,0,0,1,0,0,0,1,0,0,0,0,0,192708.609375,190000.0
3930,1,2,0,1,0.0,1.0,3,1,1,2,1,1,0,0,0,0,0,0,0,1,0,0,0,0,1,0,0,0,0,1,0,0,0,0,0,0,0,0,0,0,0,0,0,0,1,0,0,0,0,0,332815.1875,100000.0
2648,1,2,0,1,0.0,0.0,0,1,0,1,0,1,0,1,0,0,0,0,0,0,0,1,1,0,0,1,0,0,0,0,0,0,0,0,0,0,0,1,0,1,0,1,1,0,0,0,0,0,0,0,78370.0703125,70000.0
2587,1,2,0,1,7.0,1.0,1,1,0,1,1,0,1,0,0,0,0,0,0,0,0,0,0,0,0,0,0,0,0,0,0,0,0,0,0,0,0,1,0,1,0,0,0,0,0,0,0,0,0,0,150860.1875,149950.0
2603,0,3,1,1,0.0,1.0,3,1,3,2,0,0,0,0,0,1,0,0,1,0,0,1,0,0,1,0,0,1,0,1,0,0,1,0,0,0,0,1,0,1,0,0,0,0,1,0,0,0,0,0,0.0,1100.0
2672,1,2,3,1,23.0,2.0,2,1,1,1,1,2,1,0,0,0,0,0,0,0,0,0,0,0,0,0,0,0,0,0,0,0,0,0,0,0,0,0,0,0,0,0,1,0,0,0,0,0,0,0,183603.09375,185000.0
2591,0,3,1,1,0.0,3.0,2,1,1,1,1,0,1,0,0,0,1,0,0,0,0,0,0,0,1,0,0,0,0,0,0,0,1,0,0,0,0,0,0,0,1,0,1,0,0,0,0,0,0,0,781.9862060546875,850.0
2668,1,2,5,1,0.0,0.0,3,1,1,1,1,0,0,0,0,0,0,0,0,1,0,0,0,0,1,0,0,0,0,0,0,0,1,0,0,0,0,0,0,0,0,0,0,0,1,0,0,0,0,0,760374.25,260000.0
2590,1,2,5,3,0.0,1.0,3,1,0,1,1,2,0,0,0,0,0,0,0,1,0,0,0,0,1,0,0,0,0,0,0,0,1,0,0,0,0,0,0,0,0,0,0,0,1,0,0,0,0,0,230741.625,230000.0
2592,1,2,0,1,0.0,2.0,1,0,1,1,0,1,0,0,0,0,0,0,0,1,0,0,0,0,0,0,0,0,0,0,0,1,0,1,0,0,0,0,0,1,0,0,0,0,0,0,0,0,0,0,49267.71875,204000.0
2663,1,2,1,3,0.0,1.0,5,0,1,3,0,5,0,0,0,0,0,0,0,1,0,0,0,0,0,0,0,0,0,0,1,0,1,0,0,0,0,0,0,0,0,0,0,0,1,0,0,0,0,0,113936.1953125,227000.0
3645,0,3,2,1,0.0,3.0,1,1,1,1,0,1,0,1,0,0,0,0,0,0,0,0,0,0,0,1,0,0,0,0,0,0,0,0,0,0,0,0,0,0,0,0,0,0,1,0,0,0,0,0,0.0,800.0
3742,0,3,2,1,0.0,1.0,1,1,1,1,0,0,1,0,0,0,0,0,1,0,0,0,0,0,0,0,0,0,0,0,0,0,0,0,0,0,0,0,0,0,0,0,0,0,1,0,0,0,0,0,823.7967529296875,875.0
3644,0,3,2,1,0.0,3.0,2,1,1,1,0,1,1,0,1,0,0,0,0,0,0,0,0,0,0,1,0,0,0,0,0,0,0,1,0,0,0,0,0,0,0,0,1,0,0,0,0,0,0,0,813.0252685546875,995.0
30,1,5,2,3,0.0,1.0,2,1,1,0,0,1,0,0,0,0,0,0,0,1,0,0,0,0,0,1,0,0,0,0,1,0,0,0,1,0,0,0,0,0,0,0,0,0,1,0,0,0,0,0,75403.2890625,75000.0
20,1,6,6,1,0.0,0.0,5,1,0,1,1,6,0,0,0,1,1,0,1,0,0,0,0,0,1,0,0,1,0,1,0,0,0,0,1,0,0,0,0,0,1,0,0,0,1,0,0,0,0,0,450408.875,370000.0
7,0,3,0,1,0.0,0.0,2,1,1,0,0,1,0,0,0,0,0,0,0,1,0,0,0,0,1,1,1,0,0,0,0,0,0,0,1,0,0,0,0,0,1,0,0,0,1,0,0,0,0,0,828.1580810546875,570.0
20,0,3,6,1,0.0,0.0,5,1,0,1,1,6,0,0,0,1,1,0,1,0,0,0,0,0,1,0,0,1,0,1,0,0,0,0,1,0,0,0,0,0,1,0,0,0,1,0,0,0,0,0,2284.744140625,1200.0
10,1,6,3,1,0.0,0.0,3,1,1,1,1,1,0,0,0,1,1,0,0,0,0,0,0,0,1,0,1,0,0,0,1,0,0,0,1,0,0,0,0,0,0,0,0,0,1,0,0,0,0,0,282839.0,180000.0
3375,1,7,0,1,0.0,1.0,2,1,0,1,0,4,0,0,0,1,0,0,1,0,0,0,0,0,1,0,0,1,0,0,0,0,1,0,0,0,0,0,0,0,1,0,0,0,1,0,0,0,0,0,104110.0078125,105000.0
3080,1,7,0,1,0.0,1.0,3,1,0,1,1,5,0,0,0,0,0,0,1,0,0,0,0,0,1,0,0,1,1,0,0,0,1,0,0,0,0,0,0,0,1,0,0,0,1,0,0,0,0,0,146475.984375,145000.0
3305,1,7,0,1,0.0,2.0,3,1,1,1,1,2,0,0,0,0,0,0,1,0,0,1,0,0,0,0,0,1,0,1,1,0,1,0,0,0,0,0,0,0,1,0,0,0,1,0,0,0,0,0,136049.421875,135000.0
3075,1,7,1,1,0.0,2.0,3,1,0,2,1,5,0,0,0,0,1,0,1,0,0,0,0,0,1,0,0,1,0,0,0,0,1,0,0,0,0,0,0,0,1,0,0,0,1,0,0,0,0,0,191351.8125,185000.0
3350,0,3,0,1,0.0,2.0,1,1,0,1,1,3,1,0,0,0,0,0,1,0,0,1,0,0,0,0,0,0,1,1,0,0,1,0,0,0,0,0,0,0,1,0,0,0,1,0,0,0,0,0,659.2371826171875,525.0
791,1,7,0,1,0.0,1.0,3,1,0,2,1,4,0,0,0,0,0,0,0,1,0,0,0,0,1,0,0,0,0,0,0,0,1,0,0,0,0,0,0,0,1,0,0,0,1,0,0,0,0,0,122317.5546875,120000.0
778,1,7,0,1,0.0,1.0,4,1,0,0,0,7,0,0,0,0,0,0,1,0,0,0,0,0,1,0,0,0,1,0,0,0,1,0,0,0,0,0,0,0,1,0,0,0,1,0,0,0,0,0,152065.296875,149000.0
782,1,7,0,1,0.0,1.0,3,1,0,1,1,4,0,0,0,0,0,0,0,1,0,0,0,0,0,0,0,1,1,0,1,0,1,0,0,0,0,0,0,0,1,0,0,0,1,0,0,0,0,0,127786.4921875,125000.0
3368,1,7,0,1,0.0,2.0,3,1,0,1,1,5,0,0,0,1,0,0,1,0,0,0,0,0,1,0,0,1,0,0,0,0,1,0,0,0,0,0,0,0,1,0,0,0,1,0,0,0,0,0,150693.25,150000.0
802,1,7,2,1,0.0,2.0,3,1,0,2,1,7,0,0,0,1,1,0,1,0,0,0,0,0,1,0,0,1,0,1,0,0,1,0,0,0,0,0,0,0,1,0,0,0,1,0,0,0,0,0,240203.328125,237500.0
3068,1,7,0,1,0.0,1.0,3,1,0,1,1,6,1,0,0,1,0,0,1,0,0,0,0,0,1,0,0,1,0,0,1,0,1,0,0,0,0,0,0,0,0,0,0,0,1,0,0,0,0,0,144742.265625,140000.0
1379,0,3,2,1,0.0,2.0,3,1,1,2,1,0,0,0,1,1,0,0,0,0,0,0,0,0,1,0,0,1,0,0,0,0,0,0,0,0,0,0,0,0,1,0,0,0,1,0,0,0,0,0,0.0,925.0
2540,1,6,1,4,0.0,4.0,3,1,1,1,0,3,0,0,0,1,0,0,1,0,0,0,0,0,1,0,0,1,0,0,0,0,0,0,0,0,0,0,0,0,1,0,0,0,1,0,0,0,0,0,187035.984375,190000.0
1370,0,3,2,1,0.0,1.0,3,1,1,2,1,0,0,0,0,1,0,0,0,0,0,0,0,0,1,0,0,1,0,0,0,0,0,0,0,0,0,0,0,0,1,0,0,0,1,0,0,0,0,0,1406.3924560546875,900.0
1358,0,3,2,1,0.0,1.0,2,1,1,1,0,0,0,0,0,1,1,0,0,0,0,0,0,0,1,0,1,0,1,0,0,0,0,0,0,0,0,0,0,0,1,0,0,0,1,0,0,0,0,0,1178.0037841796875,900.0
2538,1,6,1,3,0.0,4.0,3,1,1,1,1,2,0,0,0,1,1,0,0,0,0,0,0,0,1,0,0,0,0,0,0,0,0,0,0,0,0,0,0,0,1,0,0,0,1,0,0,0,0,0,190959.984375,180000.0
1342,0,3,4,3,0.0,1.0,2,1,1,1,0,0,0,0,0,0,0,1,1,0,0,1,0,0,0,1,0,0,0,0,0,0,0,0,0,0,0,0,0,0,1,0,0,0,1,0,0,0,0,0,1000.0311279296875,800.0
1417,0,3,1,1,0.0,2.0,2,1,1,1,1,2,0,0,0,1,1,0,1,0,0,0,0,0,1,0,1,1,0,0,0,0,0,0,0,0,0,0,0,0,1,0,0,0,1,0,0,0,0,0,759.6580810546875,875.0
1375,0,3,1,1,0.0,5.0,3,1,1,1,1,0,0,0,0,0,0,0,0,1,0,0,0,0,1,0,0,1,0,0,0,0,0,0,0,0,0,0,0,0,1,0,0,0,1,0,0,0,0,0,504.4627990722656,825.0
1347,0,3,2,1,0.0,2.0,2,1,0,1,1,0,1,0,0,0,0,0,1,0,0,1,0,0,0,0,0,0,0,0,0,0,0,0,0,0,0,0,0,0,1,0,0,0,1,0,0,0,0,0,807.8299560546875,850.0
4862,1,7,1,1,0.0,2.0,2,1,1,1,0,2,1,0,0,0,0,0,0,0,0,0,0,0,0,0,0,0,0,0,0,0,0,1,0,0,0,0,0,0,0,0,1,0,0,0,0,0,0,0,185091.328125,195000.0
4808,1,7,3,1,0.0,3.0,3,1,0,1,2,5,0,0,0,1,1,0,1,0,0,0,0,0,1,0,0,1,1,0,0,0,1,0,0,0,0,0,0,0,0,0,0,1,0,0,0,0,0,0,242165.515625,240000.0
4870,1,7,4,1,0.0,0.0,4,1,1,1,1,10,0,0,0,1,0,0,0,0,0,0,0,0,1,0,1,0,1,0,0,0,0,0,0,0,0,0,0,0,1,0,0,0,1,0,0,0,0,0,484783.25,479995.0
4849,1,7,2,1,0.0,1.0,3,1,1,1,1,6,0,0,0,1,1,0,1,0,0,0,0,0,1,0,0,1,1,0,0,0,0,0,0,0,0,0,0,0,1,0,0,1,1,0,0,0,0,0,200962.296875,195000.0
4847,1,7,1,1,0.0,3.0,2,1,1,1,1,3,1,0,0,0,0,0,1,0,0,0,0,0,1,0,0,1,1,0,0,0,1,0,0,0,0,0,0,1,1,0,0,1,0,0,0,0,0,0,150347.421875,150000.0
4821,1,7,2,1,0.0,1.0,3,1,1,1,0,5,0,0,0,1,0,0,1,0,0,0,0,0,1,0,0,1,1,0,0,0,1,0,0,0,0,0,0,0,1,0,0,0,1,0,0,0,0,0,238747.796875,240000.0
4976,1,7,0,1,0.0,0.0,2,1,0,1,1,7,0,0,0,1,0,0,1,0,0,0,0,0,0,0,1,1,0,0,1,0,0,0,0,0,0,0,0,0,1,0,0,1,1,0,0,0,0,0,141969.234375,140000.0
4824,1,7,1,1,0.0,2.0,2,1,1,1,1,3,1,1,0,0,0,0,1,0,0,0,0,0,0,1,0,0,0,0,0,0,0,0,1,0,0,0,0,1,1,0,0,0,1,0,0,0,0,0,168607.09375,130000.0
4854,1,7,3,1,3.0,1.0,3,1,1,1,2,4,0,0,0,0,0,0,0,1,0,0,0,0,0,0,0,0,0,0,0,1,0,0,1,0,0,0,0,0,0,0,0,0,1,0,0,0,0,0,219328.171875,215000.0
4035,1,6,0,1,0.0,1.0,3,1,0,2,1,2,1,0,0,0,0,0,1,0,0,0,0,0,1,0,0,0,0,0,0,0,0,0,1,0,0,0,0,0,1,0,0,0,1,0,0,0,0,0,170308.375,170000.0
4019,1,6,1,1,0.0,0.0,1,1,0,2,1,3,1,0,0,0,1,0,0,0,0,0,0,0,0,1,0,0,0,0,0,0,0,0,1,0,0,0,0,0,1,0,0,0,1,0,0,0,0,0,202910.421875,200000.0
4016,0,3,1,1,0.0,1.0,3,1,0,2,1,1,1,0,0,0,0,0,1,0,0,0,0,0,1,0,0,0,0,1,0,0,0,0,1,0,0,0,0,0,1,0,0,0,1,0,0,0,0,0,867.8670654296875,850.0
4031,0,3,3,1,0.0,1.0,2,1,0,1,0,3,0,0,0,0,0,0,0,0,1,0,0,0,1,0,0,1,0,0,0,0,0,0,1,0,0,0,0,0,1,0,0,0,1,0,0,0,0,0,2679.3515625,1000.0
4030,1,6,2,1,0.0,1.0,3,1,0,1,1,2,0,0,0,1,0,0,0,0,0,0,0,0,1,0,0,0,0,0,0,0,0,0,1,0,0,0,0,0,1,0,0,0,1,0,0,0,0,0,225576.390625,275000.0
4023,0,3,2,1,0.0,2.0,2,1,1,1,1,1,0,0,0,1,0,0,0,0,0,0,0,0,1,0,0,0,0,0,0,0,0,0,1,0,0,0,0,0,1,0,0,0,1,0,0,0,0,0,716.2635498046875,950.0
4022,1,7,1,1,0.0,1.0,3,1,0,1,0,1,0,0,0,0,0,0,0,0,1,0,0,0,1,0,0,0,0,0,0,0,0,0,1,0,0,0,0,0,1,0,0,0,1,0,0,0,0,0,277630.625,160000.0
4036,0,3,2,1,0.0,1.0,2,1,0,1,1,0,1,0,0,0,0,0,0,0,0,0,0,0,0,1,0,0,0,0,0,0,0,0,1,0,0,0,0,0,1,0,0,0,1,0,0,0,0,0,948.6502685546875,725.0
628,1,7,6,1,0.0,0.0,5,1,2,2,1,10,0,0,0,1,1,0,0,0,0,0,0,0,1,0,0,0,0,0,0,0,0,0,0,0,0,0,0,0,1,0,0,0,1,0,0,0,0,0,636759.875,495000.0
618,1,6,2,1,0.0,0.0,4,1,0,2,1,8,0,0,0,1,1,0,0,0,0,0,0,0,1,0,1,0,0,0,0,0,0,0,0,0,0,0,0,0,1,0,0,0,1,0,0,0,0,0,243622.53125,235000.0
614,1,6,0,1,0.0,4.0,3,1,0,1,1,7,0,0,0,0,0,0,0,0,0,0,0,0,1,0,0,0,1,0,0,0,0,0,0,0,0,0,0,0,1,0,0,0,1,0,0,0,0,0,105135.9765625,103000.0
4686,1,4,2,1,0.0,0.0,4,1,0,0,2,3,0,0,0,1,1,0,1,0,0,0,0,0,0,0,0,1,0,1,1,0,0,0,0,0,0,0,0,1,0,0,0,1,0,0,0,0,0,0,339789.0,425000.0
622,1,7,1,1,0.0,2.0,2,1,1,2,1,0,0,0,0,1,1,0,1,0,0,0,0,0,1,0,0,1,0,1,0,0,0,0,0,0,0,0,0,0,1,0,0,0,1,0,0,0,0,0,150915.15625,155000.0
1725,1,4,2,1,0.0,11.0,4,1,0,2,1,6,0,0,0,1,0,0,1,0,0,1,0,0,0,0,1,0,0,1,1,0,0,0,1,0,0,0,0,0,1,0,0,1,1,0,0,0,0,0,220887.0,290000.0
1716,1,2,0,1,0.0,5.0,3,1,0,1,1,7,0,0,0,0,0,0,0,1,0,0,0,0,1,0,1,1,0,0,0,0,0,0,1,0,0,0,0,0,1,0,0,1,1,0,0,0,0,0,131468.125,130000.0
1795,1,2,0,1,0.0,2.0,3,1,0,2,1,7,0,0,0,0,1,0,1,0,0,1,0,0,1,0,1,0,0,0,1,0,0,0,1,0,0,0,0,0,1,0,0,1,1,0,0,0,0,0,125342.84375,125000.0
1834,1,6,2,1,0.0,5.0,3,1,0,1,1,6,0,0,0,1,1,0,1,0,0,0,0,0,1,0,1,0,0,0,1,0,0,0,1,0,0,0,0,0,1,0,0,1,1,0,0,0,0,0,123967.203125,120000.0
1760,1,7,0,1,0.0,1.0,2,1,0,1,1,6,0,0,0,0,0,0,0,1,0,0,0,0,1,0,1,0,0,0,1,0,0,0,1,0,0,0,0,0,1,0,0,1,1,0,0,0,0,0,81730.1953125,78000.0
1716,1,6,0,1,0.0,3.0,3,1,0,2,1,7,0,0,0,0,1,0,1,0,0,1,0,0,1,0,0,1,0,0,1,0,0,0,1,0,0,0,0,0,1,0,0,1,1,0,0,0,0,0,126624.765625,125000.0
922,1,7,0,1,0.0,2.0,3,1,1,1,1,1,0,1,0,0,0,0,0,0,0,0,0,0,1,0,0,1,0,0,0,0,0,0,0,0,0,0,0,0,1,0,0,0,1,0,0,0,0,0,115192.328125,115000.0
921,1,7,0,1,0.0,1.0,2,1,1,1,1,0,1,0,0,0,0,0,0,0,0,0,0,0,1,0,1,0,1,0,0,0,1,0,0,0,0,0,0,0,1,0,0,0,1,0,0,0,0,0,91057.0546875,100000.0
939,1,7,3,1,0.0,1.0,5,1,2,1,0,6,0,0,0,1,1,0,1,0,0,0,0,0,1,0,0,1,0,0,0,0,1,0,0,0,0,0,0,0,0,0,0,0,1,0,0,0,0,0,230189.859375,230000.0
917,1,7,3,1,0.0,0.0,4,1,2,2,0,12,0,0,0,1,1,0,1,0,0,0,0,0,0,0,1,0,0,1,0,0,1,0,1,0,0,0,0,0,1,0,0,0,1,0,0,0,0,0,327833.40625,325000.0
1985,1,4,2,1,0.0,0.0,3,1,0,1,1,5,0,0,0,1,1,0,1,0,0,0,0,0,0,0,0,1,0,0,1,1,0,0,0,0,0,0,0,0,0,0,0,0,1,0,0,0,0,0,176942.484375,170000.0
1892,0,11,0,1,0.0,4.0,2,1,0,1,1,3,0,0,0,0,0,0,0,0,0,0,0,0,1,0,0,1,0,0,0,0,0,0,0,0,0,0,0,0,0,0,0,0,1,0,0,0,0,0,0.0,110.0
2045,1,6,3,1,0.0,1.0,4,1,1,2,1,6,0,0,0,1,1,0,1,0,0,0,0,0,0,0,1,1,0,0,1,0,0,0,0,0,0,0,0,0,0,0,0,0,1,0,0,0,0,0,249964.296875,245000.0
1912,1,7,1,1,0.0,1.0,3,1,1,1,1,4,0,0,0,1,0,1,1,0,0,0,0,0,0,0,1,0,1,0,1,0,0,0,0,0,0,0,0,0,0,0,0,0,1,0,0,0,0,0,160512.0625,160000.0
337,0,3,2,1,0.0,6.0,4,1,1,1,1,3,0,0,0,1,0,0,1,0,0,0,0,0,0,0,0,1,1,0,1,0,0,0,0,0,0,1,0,0,0,0,0,0,1,0,0,0,0,0,967.3377685546875,750.0
2012,1,7,3,1,0.0,1.0,3,1,1,1,1,4,0,1,0,0,0,0,1,0,0,0,0,0,0,0,0,1,1,0,1,0,0,0,0,0,0,0,0,0,0,0,0,0,1,0,0,0,0,0,187821.328125,185000.0
216,1,7,0,1,0.0,0.0,2,1,1,1,0,1,0,0,0,0,0,0,0,1,0,0,0,0,1,0,0,0,0,0,0,0,0,0,0,0,0,0,0,0,0,0,0,0,1,0,0,0,0,0,80569.25,77500.0
1978,1,7,3,1,0.0,1.0,5,1,1,1,1,6,0,0,0,1,1,0,1,0,0,0,0,0,0,0,1,1,0,0,1,0,0,0,0,0,0,0,0,0,0,0,0,0,1,0,0,0,0,0,301888.9375,300000.0
1876,1,4,2,3,0.0,0.0,4,1,1,1,1,4,0,0,0,0,0,0,0,1,0,0,0,0,1,0,0,1,0,0,0,0,0,0,0,0,0,0,0,0,0,0,0,0,1,0,0,0,0,0,213740.40625,210000.0
5215,0,3,2,1,0.0,0.0,3,1,1,1,1,3,0,0,0,0,1,0,1,0,0,0,0,0,0,0,0,1,0,0,1,0,0,0,0,0,0,0,0,0,0,0,0,0,1,0,0,0,0,0,869.0330810546875,695.0
340,1,4,1,1,0.0,1.0,3,1,1,1,1,4,0,0,0,1,0,0,0,0,0,0,0,0,0,0,0,1,0,0,1,0,1,0,0,0,0,0,0,0,0,0,0,0,1,0,0,0,0,0,153556.515625,150000.0
2013,1,7,3,1,0.0,1.0,2,1,1,1,1,9,0,0,0,1,1,0,0,0,0,0,0,0,0,0,1,1,0,0,1,0,0,0,0,0,0,0,0,0,0,0,0,0,1,0,0,0,0,0,361234.6875,350000.0
2007,1,7,0,1,0.0,1.0,2,1,1,1,0,2,0,0,0,0,0,0,0,1,0,0,0,0,0,0,0,0,0,0,1,0,0,0,0,0,0,0,0,0,0,0,0,0,1,0,0,0,0,0,65517.49609375,105000.0
1967,1,7,1,1,0.0,2.0,2,1,1,1,1,4,0,0,0,1,1,0,0,0,0,0,0,0,0,0,1,1,0,0,1,0,0,0,0,0,0,0,0,0,0,0,0,0,1,0,0,0,0,0,114671.6953125,110000.0
2006,1,6,0,1,0.0,3.0,0,1,1,2,0,2,0,0,0,0,0,0,0,1,0,0,0,0,0,0,1,0,0,0,1,0,0,0,0,0,0,0,0,0,0,0,0,0,1,0,0,0,0,0,72014.6328125,73000.0
2006,0,3,0,1,0.0,3.0,1,1,1,1,0,2,0,0,0,0,0,0,0,1,0,0,0,0,0,0,0,0,0,0,0,0,1,0,0,0,0,0,0,0,0,0,0,0,1,0,0,0,0,0,640.9080810546875,425.0
1265,1,7,1,1,0.0,2.0,2,1,1,1,0,2,0,0,0,1,1,0,0,0,0,0,0,0,1,0,0,1,1,0,0,0,0,0,0,0,0,0,0,0,0,0,0,0,1,0,0,0,0,0,156497.71875,155000.0
5217,1,7,4,1,0.0,1.0,4,1,1,0,1,7,0,0,0,1,1,0,1,0,0,0,0,0,0,0,0,1,0,1,1,0,0,0,0,0,0,0,0,0,0,0,0,0,1,0,0,0,0,0,465047.53125,350000.0
1990,1,7,3,1,0.0,2.0,3,1,1,1,1,2,0,0,0,1,0,0,1,0,0,0,0,0,0,0,0,1,1,0,1,0,0,0,0,0,0,0,0,0,0,0,0,0,1,0,0,0,0,0,204583.15625,200000.0
274,0,3,2,1,0.0,7.0,3,1,1,1,1,5,0,0,0,1,0,0,1,0,0,0,0,0,0,0,1,1,0,0,1,0,0,0,0,0,0,0,0,0,0,0,0,0,1,0,0,0,0,0,575.6854248046875,725.0
266,1,7,2,1,0.0,1.0,3,1,1,1,1,3,0,0,0,1,1,0,1,0,0,0,0,0,0,0,0,1,1,0,1,0,0,0,0,0,0,0,0,0,0,0,0,0,1,0,0,0,0,0,169596.078125,170000.0
2045,0,3,3,1,0.0,3.0,4,1,1,2,1,6,0,0,0,1,1,0,1,0,0,0,0,0,0,0,1,1,0,0,1,0,0,0,0,0,0,0,0,0,0,0,0,0,1,0,0,0,0,0,1173.2401123046875,875.0
257,1,7,2,1,0.0,1.0,4,1,2,1,1,4,0,0,0,0,0,0,0,1,0,0,0,0,0,0,0,1,0,0,1,0,0,0,0,0,0,0,0,0,0,0,0,0,1,0,0,0,0,0,198099.28125,200000.0
1908,1,7,1,1,0.0,2.0,3,1,1,1,1,4,0,0,0,1,0,0,1,0,0,0,0,0,0,0,1,0,0,0,1,0,0,0,0,0,0,0,0,0,0,0,0,0,1,0,0,0,0,0,125469.625,170000.0
329,1,2,0,1,0.0,1.0,3,1,1,1,1,3,0,0,0,0,0,0,0,1,0,0,0,0,0,0,1,1,0,0,1,0,0,0,0,0,0,0,0,0,0,0,0,0,1,0,0,0,0,0,97318.8671875,100000.0
1985,1,7,0,1,0.0,1.0,3,1,1,1,1,2,0,0,0,0,0,0,0,1,0,0,0,0,0,0,0,0,1,0,1,1,0,0,0,0,0,0,0,0,0,0,0,0,1,0,0,0,0,0,141773.359375,145000.0
2489,1,6,1,1,0.0,0.0,2,1,0,1,1,7,0,0,0,1,0,0,1,0,0,0,0,0,1,0,0,1,1,0,0,0,0,0,0,0,0,0,0,0,1,0,0,0,1,0,0,0,0,0,131389.703125,125000.0
4271,0,3,1,1,0.0,5.0,3,1,1,1,0,3,0,0,0,1,0,0,0,0,0,0,0,0,0,0,0,0,0,0,0,0,0,0,0,0,0,0,0,0,0,0,0,0,1,0,0,0,0,0,668.6942138671875,850.0
468,0,3,1,1,0.0,4.0,1,1,1,1,0,0,0,0,0,0,0,0,0,1,1,0,0,0,1,0,1,0,0,1,0,0,0,0,1,0,0,0,0,1,0,0,0,0,1,0,0,0,0,0,215.07217407226562,925.0
467,1,4,2,1,0.0,0.0,2,1,1,1,0,0,0,0,0,0,0,0,1,0,0,1,0,1,0,1,0,0,0,1,1,0,1,1,0,0,0,0,0,0,1,0,1,0,0,1,0,0,0,0,177434.5625,170000.0
408,1,4,1,1,0.0,5.0,2,1,0,1,1,0,0,0,0,0,0,0,1,0,0,0,0,1,0,1,0,0,0,1,0,0,0,0,1,0,0,0,0,1,1,0,0,0,1,0,0,0,0,0,272529.875,270000.0
457,0,3,0,1,0.0,1.0,1,1,1,1,0,1,0,0,0,0,0,0,0,1,0,0,0,0,0,0,0,0,0,0,0,0,0,0,1,0,0,0,0,1,1,0,0,0,1,0,0,0,0,0,513.1502685546875,925.0
473,1,2,2,1,0.0,0.0,4,1,0,1,1,2,0,0,0,0,0,0,0,1,1,0,0,0,0,0,0,0,0,0,0,0,0,0,0,0,0,0,0,1,1,0,0,0,1,0,0,0,0,0,511388.90625,500000.0
442,1,1,1,1,0.0,0.0,1,1,1,1,0,0,0,0,0,0,0,0,0,1,0,0,0,0,0,0,0,0,0,0,0,0,0,0,0,0,0,0,0,1,0,0,0,0,1,0,0,0,0,0,244834.1875,240000.0
386,1,4,3,4,0.0,7.0,2,1,1,1,0,1,0,0,0,0,0,0,0,0,0,0,0,0,0,0,0,0,0,0,0,0,0,0,0,0,0,0,0,1,1,0,0,0,1,0,0,0,0,0,329549.0625,330000.0
419,1,6,0,1,0.0,1.0,1,1,0,0,1,1,0,0,0,0,0,0,0,1,1,0,0,0,0,1,0,1,0,0,0,0,0,0,1,0,0,0,0,0,1,0,0,0,0,1,0,0,0,0,206822.953125,210000.0
405,1,2,1,1,0.0,9.0,2,1,0,0,1,0,0,0,0,0,0,0,0,1,1,0,0,0,1,0,0,0,1,1,0,0,1,0,0,0,0,0,0,1,0,0,0,0,1,0,0,0,0,0,332088.71875,325000.0
486,1,2,2,1,0.0,1.0,3,1,1,1,1,2,0,0,0,0,0,0,1,0,0,1,0,1,1,0,0,1,0,1,0,0,1,0,0,0,0,0,0,0,1,0,1,0,0,0,0,0,0,0,278824.375,280000.0
3606,1,4,2,1,0.0,1.0,3,1,1,1,1,3,0,0,0,1,0,0,1,0,0,1,0,0,1,0,0,0,0,1,1,0,0,0,0,0,0,0,0,1,1,0,0,0,1,0,0,0,0,0,237304.359375,150000.0
3630,0,3,0,1,0.0,2.0,1,1,1,1,0,1,0,0,0,0,0,0,0,0,0,0,0,0,0,0,0,0,0,0,0,0,0,0,0,0,0,0,0,1,1,0,0,0,1,0,0,0,0,0,590.0125732421875,450.0
3613,0,3,3,1,0.0,3.0,2,1,0,1,1,1,1,0,1,0,0,0,0,0,0,1,0,0,0,0,0,0,0,0,0,0,0,1,0,0,0,0,0,0,1,0,1,0,0,0,0,0,0,0,0.0,700.0
2530,1,2,1,1,0.0,0.0,3,1,1,1,0,6,0,0,0,1,0,0,1,0,0,0,0,0,0,0,0,0,0,1,1,0,1,0,0,0,0,0,0,0,0,0,0,0,1,0,0,0,0,0,201887.890625,200000.0
3729,0,3,2,1,0.0,0.0,3,1,1,1,1,1,1,0,0,0,0,1,0,0,0,0,0,0,0,1,0,0,0,0,0,0,1,0,0,0,0,0,0,0,1,0,0,0,1,0,0,0,0,0,717.9940185546875,1150.0
3655,1,4,2,1,0.0,0.0,2,1,1,0,1,1,1,0,0,0,0,0,1,0,0,0,0,0,1,0,1,0,0,0,0,0,0,0,1,0,0,0,0,0,0,0,0,0,1,0,0,0,0,0,268767.25,325000.0
3736,1,2,2,1,0.0,2.0,2,1,1,1,0,2,0,1,0,0,0,0,1,0,0,0,0,0,1,0,1,0,0,0,0,0,0,0,1,0,0,0,0,0,0,0,0,1,0,0,0,1,1,0,362511.0,270000.0
3657,0,3,2,1,0.0,1.0,2,1,0,0,1,1,0,0,0,1,0,0,1,0,0,0,0,0,1,0,1,0,0,0,0,0,0,0,1,0,0,0,0,1,0,0,0,0,0,0,1,0,0,0,1009.9490966796875,1200.0
3655,0,3,2,1,0.0,1.0,2,1,1,0,1,1,1,0,0,0,0,0,1,0,0,0,0,0,1,0,1,0,0,0,0,0,0,0,1,0,0,0,0,0,0,0,0,0,1,0,0,0,0,0,944.3104248046875,1200.0
3737,0,3,2,1,0.0,3.0,3,1,1,1,1,1,1,0,0,0,1,0,0,0,0,0,0,0,1,0,0,0,1,1,0,0,0,0,1,0,0,0,0,0,0,0,0,0,1,0,0,0,0,0,1195.9237060546875,1200.0
2320,1,2,1,1,0.0,0.0,3,1,0,1,2,6,0,0,0,0,0,0,1,0,0,0,0,0,1,0,1,0,0,0,0,0,0,0,0,0,0,0,0,0,0,0,0,0,1,0,0,0,0,0,154712.28125,160000.0
2340,1,6,1,1,0.0,5.0,3,1,1,1,2,5,0,0,0,0,0,0,0,1,0,0,0,0,1,0,1,0,0,0,0,0,0,0,0,0,0,0,0,0,0,0,0,0,1,0,0,0,0,0,167501.78125,180000.0
2305,1,4,1,1,0.0,0.0,3,1,0,1,1,5,0,0,0,1,1,0,0,0,0,0,0,0,0,0,1,0,0,0,0,0,0,0,0,0,0,0,0,0,0,0,0,0,1,0,0,0,0,0,180418.9375,180000.0
2317,1,6,2,3,0.0,1.0,3,1,0,1,1,7,0,0,0,1,1,0,0,0,0,0,0,0,0,0,1,0,0,0,0,0,0,0,0,0,0,0,0,0,0,0,0,0,1,0,0,0,0,0,205651.484375,200000.0
2306,1,6,1,1,0.0,1.0,3,1,1,1,1,5,0,0,0,1,1,0,0,0,0,0,0,0,0,0,1,0,1,1,0,0,0,0,0,0,0,0,0,0,0,0,0,0,1,0,0,0,0,0,187426.859375,190000.0
2584,0,3,0,1,0.0,1.0,2,1,1,1,0,2,0,0,0,1,0,0,0,0,0,0,0,0,0,0,0,0,0,0,0,0,0,0,0,0,0,0,0,0,0,0,0,0,1,0,0,0,0,0,655.9031982421875,550.0
3884,0,3,0,1,0.0,3.0,3,1,1,1,1,1,0,0,0,0,0,0,1,0,0,0,0,0,1,0,0,0,0,0,0,0,0,0,0,0,0,0,0,0,1,0,0,0,1,0,0,0,0,0,733.1561279296875,500.0
848,0,3,0,2,0.0,1.0,3,1,1,1,1,1,0,0,0,0,0,0,0,1,0,0,0,0,1,0,0,0,0,1,1,0,0,0,0,0,0,0,0,0,0,0,0,0,1,0,0,0,0,0,866.9237060546875,525.0
2024,0,3,0,1,0.0,0.0,2,1,1,1,0,0,0,0,0,0,0,0,0,1,0,0,0,0,0,0,0,0,0,0,0,1,0,0,0,0,0,0,0,0,0,0,0,0,1,0,0,0,0,0,597.9549560546875,475.0
2024,0,3,0,1,0.0,0.0,2,1,1,1,0,0,0,0,0,0,0,0,0,1,0,0,0,0,0,0,0,0,0,0,0,0,0,0,0,0,0,0,0,1,0,0,0,0,0,0,0,0,0,0,402.1542053222656,475.0
1260,0,3,0,1,0.0,1.0,2,1,1,1,0,0,0,0,0,0,0,0,0,1,0,0,0,0,0,0,0,0,0,0,0,0,0,0,0,0,0,0,0,0,0,0,0,0,1,0,0,0,0,0,580.2713623046875,450.0
5542,0,3,1,1,0.0,5.0,2,1,0,1,0,2,0,0,0,0,0,0,0,0,0,0,0,0,0,0,1,0,1,1,0,0,1,0,0,0,1,0,0,0,0,0,0,0,1,0,0,0,0,0,718.8905029296875,500.0
3834,1,4,2,1,0.0,1.0,3,1,1,1,1,5,0,0,0,1,1,0,0,0,0,0,0,0,0,0,1,1,0,0,1,0,1,0,0,0,0,0,0,0,1,0,0,0,1,0,0,0,0,0,177849.671875,175000.0
825,0,3,0,1,0.0,1.0,3,1,0,1,1,2,0,0,0,0,0,0,0,1,0,0,0,0,1,0,0,0,0,0,0,0,0,0,1,0,0,0,0,0,1,0,0,0,1,0,0,0,0,0,586.8729248046875,475.0
3873,0,3,0,1,0.0,1.0,1,1,0,1,1,2,1,0,0,0,0,0,0,0,0,0,0,0,0,1,0,0,0,0,0,0,0,0,0,0,0,0,0,0,1,0,0,0,1,0,0,0,0,0,782.7947998046875,425.0
3775,0,3,0,1,0.0,1.0,1,1,0,1,1,2,0,0,0,0,0,0,0,1,0,0,0,0,0,1,0,0,0,0,0,0,0,0,1,0,0,0,0,0,0,0,1,0,0,0,0,0,0,0,668.6112060546875,525.0
3831,1,6,1,1,0.0,0.0,2,1,0,1,1,1,0,0,0,1,1,0,0,0,0,0,0,0,0,0,0,1,0,0,0,0,1,0,0,0,0,0,0,0,1,0,0,0,1,0,0,0,0,0,173588.296875,170000.0
3846,0,3,0,1,0.0,3.0,3,1,0,1,1,4,0,0,0,0,0,0,0,1,0,0,0,0,1,0,0,1,0,1,0,0,1,0,1,0,0,0,0,0,1,0,0,0,1,0,0,0,0,0,526.8514404296875,550.0
3832,1,7,0,1,0.0,2.0,2,1,0,1,0,6,0,0,0,1,0,0,1,0,0,0,0,0,1,0,1,0,0,0,0,0,1,0,0,0,0,0,0,0,1,0,0,0,1,0,0,0,0,0,140819.25,120000.0
204,1,2,1,1,0.0,4.0,2,1,1,1,1,5,0,0,0,0,0,0,0,1,0,0,0,0,1,0,0,0,0,1,1,0,1,0,0,0,0,0,0,0,0,0,0,0,1,0,0,0,0,0,103892.359375,100000.0
5243,1,7,1,1,0.0,4.0,2,1,1,1,1,3,0,0,0,1,0,0,1,0,0,0,0,0,1,0,1,0,0,0,1,0,1,0,0,0,0,0,0,0,0,0,0,0,1,0,0,0,0,0,129662.09375,129950.0
272,1,7,0,1,0.0,4.0,2,0,0,0,1,4,0,0,0,0,0,0,0,1,0,0,0,0,0,0,1,1,0,0,0,0,1,0,0,0,0,0,0,0,0,0,0,0,1,0,0,0,0,0,72550.3515625,70000.0
295,1,7,0,1,0.0,1.0,3,1,0,1,1,5,0,0,0,1,0,0,1,0,0,0,0,0,1,0,1,0,0,0,1,0,0,0,0,0,0,0,0,0,0,0,0,0,1,0,0,0,0,0,116011.7890625,115000.0
5213,1,7,2,1,0.0,1.0,2,1,1,0,2,5,0,0,0,1,1,0,1,0,0,0,0,0,0,0,0,1,0,0,1,0,1,0,0,0,0,0,0,0,1,0,0,0,1,0,0,0,0,0,127680.328125,125000.0
205,0,3,0,1,0.0,3.0,2,1,1,1,0,3,0,0,0,1,0,0,1,0,0,1,0,0,0,0,0,1,0,0,0,0,0,0,1,0,0,0,0,0,0,0,0,0,1,0,0,0,0,0,795.3358154296875,450.0
284,1,7,1,1,0.0,1.0,2,1,0,1,1,3,0,0,0,0,0,0,0,1,0,0,0,0,0,0,0,1,0,0,0,0,1,0,0,0,0,0,0,0,0,0,0,1,1,0,0,0,0,0,92046.421875,95000.0
312,1,2,1,1,0.0,0.0,4,1,1,1,1,4,0,0,0,1,0,0,1,0,0,0,0,0,1,0,0,1,0,1,0,0,0,0,0,0,0,0,0,0,0,0,0,1,1,0,0,0,0,0,116139.6796875,117000.0
5226,1,2,2,1,0.0,1.0,3,1,1,1,1,4,1,0,0,0,0,0,1,0,0,0,0,0,1,0,0,1,0,0,1,0,0,0,0,0,0,0,0,0,0,0,0,0,1,0,0,0,0,0,118366.65625,120000.0
293,1,7,1,1,0.0,4.0,2,1,0,1,1,5,0,0,0,1,0,0,1,0,0,0,0,0,1,0,0,0,0,1,1,0,1,0,0,0,0,0,0,0,0,0,0,0,1,0,0,0,0,0,141207.296875,140000.0
311,1,7,2,1,0.0,3.0,3,1,1,1,1,8,0,0,0,1,0,0,1,0,0,0,0,0,1,0,0,0,0,1,1,0,1,0,0,0,0,0,0,0,0,0,0,0,1,0,0,0,0,0,213626.34375,190000.0
1267,1,2,2,1,0.0,3.0,3,1,0,1,1,5,0,0,0,1,1,0,1,0,0,0,0,0,1,0,0,0,0,1,1,0,1,0,0,0,0,0,0,0,0,0,0,1,1,0,0,0,0,0,199944.296875,195000.0
5218,1,7,1,1,0.0,0.0,3,1,0,1,0,5,0,0,0,0,0,0,1,0,0,0,0,0,1,0,0,0,0,0,1,0,0,0,1,0,0,0,0,0,1,0,0,0,1,0,0,0,0,0,136697.828125,132000.0
5237,0,3,1,1,0.0,1.0,2,1,1,1,0,2,1,0,0,0,0,0,0,0,0,1,0,0,0,1,0,0,0,0,0,0,0,0,1,0,0,0,0,0,1,0,0,0,1,0,0,0,0,0,575.4217529296875,475.0
5232,1,7,2,1,0.0,7.0,3,1,1,1,1,4,0,0,0,1,0,0,1,0,0,0,0,0,1,0,0,0,0,1,1,0,1,0,0,0,0,0,0,0,1,0,0,0,1,0,0,0,0,0,179562.46875,180000.0
304,1,7,1,1,0.0,1.0,2,1,0,1,0,4,0,0,0,1,1,0,1,0,0,0,0,0,0,0,1,0,0,1,1,0,1,0,0,0,0,0,0,0,1,0,0,0,1,0,0,0,0,0,116780.640625,120000.0
5227,1,7,1,1,0.0,1.0,2,1,0,1,1,3,0,1,0,0,0,0,1,0,0,0,0,1,1,0,1,0,0,0,1,0,0,0,0,0,0,0,0,0,1,0,0,0,1,0,0,0,0,0,258416.8125,105000.0
280,1,7,0,1,0.0,1.0,1,1,1,0,0,5,0,0,0,0,0,0,0,1,0,0,0,0,1,0,0,0,1,0,1,0,0,0,1,0,0,0,0,0,0,0,0,0,1,0,0,0,0,0,134217.078125,93000.0
301,1,7,0,1,0.0,1.0,2,1,0,0,0,7,0,0,0,0,0,0,0,1,0,0,0,0,0,0,0,0,0,0,0,0,1,0,0,0,0,0,0,0,1,0,0,0,1,0,0,0,0,0,112348.2421875,85000.0
105,0,3,1,1,0.0,2.0,2,2,1,1,0,2,1,0,0,0,0,0,1,0,0,0,0,0,0,0,0,0,0,0,0,0,0,0,1,0,0,0,0,0,1,0,0,0,1,0,0,0,0,0,525.6502685546875,600.0
118,0,3,1,1,0.0,1.0,2,1,1,1,0,3,0,0,0,0,1,0,0,0,0,0,0,0,0,0,0,0,0,0,0,0,0,0,1,0,0,0,0,0,1,0,1,0,0,0,0,0,0,0,867.6619873046875,610.0
105,0,3,1,1,0.0,2.0,2,2,0,1,1,2,1,0,1,0,0,0,0,0,0,0,0,0,0,0,0,0,0,0,0,0,0,0,1,0,0,0,0,0,1,0,0,0,1,0,0,0,0,0,552.2576904296875,615.0
111,1,7,2,1,0.0,1.0,3,1,1,0,0,6,0,0,0,1,0,0,0,0,0,0,0,0,1,0,0,1,0,0,0,0,1,0,0,0,0,0,0,0,1,0,0,0,1,0,0,0,0,0,194730.046875,190000.0
113,0,3,2,1,0.0,1.0,3,1,1,2,1,4,1,0,0,0,1,0,1,0,0,0,0,0,1,0,0,0,0,0,0,0,0,0,1,0,0,0,0,0,1,0,0,0,1,0,0,0,0,0,1072.3143310546875,800.0
122,0,3,2,1,0.0,2.0,3,1,0,2,1,7,0,0,0,0,1,0,1,0,0,0,0,0,0,0,0,0,0,1,1,0,0,0,1,0,0,0,0,0,1,0,0,0,1,0,0,0,0,0,959.7440185546875,725.0
129,1,7,1,1,0.0,2.0,2,1,1,1,1,5,0,0,0,0,0,0,0,0,0,0,0,0,1,0,0,0,0,0,0,0,0,0,1,0,0,0,0,0,1,0,0,0,1,0,0,0,0,0,148252.375,145000.0
119,1,7,1,3,0.0,1.0,3,1,1,0,1,4,0,0,0,0,0,0,0,1,0,0,0,0,0,0,0,0,1,0,0,0,0,0,1,0,0,0,0,0,1,0,0,0,1,0,0,0,0,0,147743.578125,145000.0
962,1,7,3,3,0.0,4.0,3,1,1,2,1,7,0,0,0,1,1,0,0,0,0,0,0,0,1,0,1,0,0,1,0,0,0,0,1,0,0,0,0,0,1,0,0,0,1,0,0,0,0,0,264279.1875,325000.0
105,0,3,1,1,0.0,0.0,2,2,1,1,0,2,1,0,0,0,0,0,1,0,0,0,0,0,0,0,0,0,0,0,0,0,0,0,1,0,0,0,0,0,1,0,0,0,1,0,0,0,0,0,593.3768310546875,600.0
125,1,7,1,1,0.0,4.0,2,1,0,2,1,5,1,0,0,0,0,0,0,0,0,0,0,0,1,0,0,0,0,0,0,0,0,0,1,0,0,0,0,0,1,0,0,0,1,0,0,0,0,0,162738.703125,160000.0
5336,1,4,0,2,0.0,1.0,2,1,0,1,1,1,0,0,0,0,1,0,0,0,0,0,0,0,1,0,0,1,0,0,0,0,0,0,0,0,0,0,0,0,0,0,0,0,1,0,0,0,0,0,69407.8984375,60000.0
4000,1,4,2,1,0.0,3.0,2,1,0,1,1,5,0,0,0,0,0,0,0,1,0,0,0,0,1,0,0,1,0,0,0,0,0,0,1,0,0,0,0,1,0,0,0,0,0,0,0,0,0,0,219785.015625,267500.0
4001,0,3,2,1,0.0,1.0,3,1,1,1,1,4,0,0,0,0,0,0,0,1,0,0,0,0,1,0,0,1,0,0,1,0,0,0,0,0,0,0,0,0,0,0,0,0,1,0,0,0,0,0,610.4940185546875,1100.0
3388,0,3,2,1,0.0,5.0,3,1,1,1,1,1,0,0,0,1,0,0,0,0,0,0,0,0,1,0,0,0,0,0,0,0,0,0,0,0,0,0,0,1,0,0,0,0,0,0,0,0,0,0,848.3182373046875,850.0
1472,1,2,3,1,0.0,0.0,4,1,1,2,1,8,0,0,0,1,0,0,0,0,0,0,0,0,0,0,0,1,0,0,1,0,1,0,0,0,0,0,0,0,1,0,0,0,1,0,0,0,0,0,314938.625,485000.0
4179,1,2,5,3,0.0,2.0,4,1,1,1,1,8,0,0,0,1,1,0,0,0,0,0,0,0,0,0,0,1,0,0,1,0,0,0,1,0,0,0,0,0,0,0,0,0,1,0,0,0,0,0,685666.1875,575000.0
1479,1,2,3,3,0.0,3.0,3,1,1,1,1,7,0,0,0,1,1,0,0,0,0,0,0,0,0,0,0,1,0,0,1,0,1,0,0,0,0,0,0,0,1,0,0,0,1,0,0,0,0,0,389301.0,390000.0
4163,1,4,2,1,0.0,0.0,2,1,0,1,0,7,1,0,0,0,1,0,0,0,0,0,0,0,1,0,0,1,0,0,0,0,0,0,1,0,0,0,0,0,1,0,0,1,0,0,0,0,0,0,206041.265625,300000.0
1448,1,2,4,1,0.0,0.0,4,1,1,1,1,14,0,0,0,1,1,0,0,0,0,0,0,0,0,0,0,1,0,0,1,0,1,0,0,0,0,0,0,0,1,0,0,0,1,0,0,0,0,0,779611.875,780000.0
1497,1,7,3,1,0.0,2.0,2,1,1,1,1,3,1,0,0,0,0,0,1,0,0,0,0,0,1,0,0,0,0,0,0,0,0,0,1,0,0,0,0,0,0,0,0,0,1,0,0,0,0,0,347546.59375,350000.0
4163,0,3,2,1,0.0,0.0,2,1,0,1,0,7,1,0,0,0,1,0,0,0,0,0,0,0,1,0,0,1,0,0,0,0,0,0,1,0,0,0,0,0,1,0,0,1,0,0,0,0,0,0,779.5965576171875,1000.0
4163,0,3,2,1,0.0,1.0,2,1,0,1,0,7,1,0,0,0,1,0,0,0,0,0,0,0,1,0,0,1,0,0,0,0,0,0,1,0,0,0,0,0,1,0,0,0,1,0,0,0,0,0,499.8544006347656,1000.0
3127,1,6,1,1,0.0,2.0,3,1,1,1,1,6,1,0,0,0,0,0,1,0,0,1,0,0,1,0,1,0,1,0,0,0,0,0,0,0,0,0,0,0,0,0,0,0,1,0,0,0,0,0,146917.390625,150000.0
3286,0,3,0,1,0.0,5.0,2,1,0,1,1,4,0,0,0,0,0,0,0,1,0,0,0,0,1,0,0,0,0,0,1,0,0,0,0,0,0,0,0,0,0,0,0,0,1,0,0,0,0,0,622.4471435546875,510.0
3134,0,3,0,1,0.0,1.0,2,3,0,1,3,2,1,0,0,0,0,0,1,0,0,0,0,0,0,0,0,0,0,0,0,0,0,0,1,0,0,0,0,0,0,0,0,0,1,0,0,0,0,0,0.0,650.0
3276,1,6,4,1,0.0,2.0,4,1,2,1,0,10,0,0,0,1,1,0,1,0,0,0,0,0,1,0,1,0,0,1,0,0,0,0,0,0,0,0,0,1,0,0,0,0,0,0,1,0,0,0,472023.09375,450000.0
3276,0,3,4,1,0.0,3.0,4,1,2,1,0,10,0,0,0,1,1,0,1,0,0,0,0,0,1,0,1,0,0,1,0,0,0,0,0,0,0,0,0,1,0,0,0,0,0,0,1,0,0,0,904.1463623046875,1400.0
529,1,2,3,3,0.0,0.0,6,2,1,2,0,6,0,0,0,1,0,0,1,0,0,1,0,0,1,0,0,1,0,0,0,0,0,0,0,0,0,0,0,1,1,0,0,0,1,0,0,0,0,0,367582.8125,275000.0
535,1,7,3,1,0.0,0.0,3,1,1,2,1,5,1,0,0,0,0,0,1,0,0,1,0,0,1,0,1,0,0,1,0,0,0,0,0,0,0,0,0,1,1,0,0,0,1,0,0,0,0,0,253861.953125,255000.0
530,0,3,2,1,0.0,7.0,3,1,0,1,1,8,0,0,0,1,1,0,1,0,0,0,0,0,1,0,0,1,1,0,0,0,0,0,0,0,0,0,0,0,1,0,0,1,1,0,0,0,0,0,862.7010498046875,850.0
536,0,3,2,1,0.0,1.0,3,1,0,2,0,8,0,0,0,1,0,0,1,0,0,1,0,0,1,0,0,0,1,1,0,0,0,0,0,0,0,0,0,1,1,0,0,0,1,0,0,0,0,0,897.3045654296875,850.0
526,0,3,2,1,0.0,2.0,2,1,1,1,1,5,0,1,0,0,0,0,1,0,0,0,0,1,0,1,0,0,0,0,0,1,0,0,1,0,0,0,0,0,0,0,1,0,0,0,0,0,0,0,1190.8651123046875,850.0
542,1,2,3,4,0.0,3.0,2,1,0,0,1,7,0,0,0,1,0,0,1,0,0,1,0,0,1,0,0,0,1,1,0,0,0,0,0,0,0,0,0,0,0,0,1,0,0,0,0,0,0,0,199421.140625,200000.0
540,1,4,3,1,0.0,2.0,4,1,0,4,1,15,0,0,0,1,1,0,1,0,0,0,0,0,0,0,1,0,1,1,0,0,0,0,0,0,0,0,0,0,1,0,0,1,1,0,0,0,0,0,305657.78125,300000.0
539,1,4,6,3,0.0,4.0,5,1,0,1,1,14,0,0,0,1,1,0,1,0,0,0,0,0,0,0,1,0,1,1,0,0,0,0,0,0,0,0,0,1,1,0,0,0,0,0,1,0,0,0,489385.6875,600000.0
1788,1,6,0,1,0.0,6.0,3,1,0,2,1,5,0,0,0,0,0,0,1,0,0,1,0,0,1,0,0,0,0,0,1,0,0,0,1,0,0,0,0,0,1,0,0,0,1,0,0,0,0,0,102183.9921875,100000.0
1707,1,2,2,1,0.0,6.0,3,1,0,2,1,8,0,0,0,0,1,0,1,0,0,0,0,0,0,0,0,0,0,1,1,0,0,0,1,0,0,0,0,0,1,0,0,0,1,0,0,0,0,0,163618.359375,165000.0
1709,1,2,2,1,0.0,3.0,3,1,0,2,1,6,0,0,0,1,0,0,1,0,0,0,0,0,0,0,0,0,0,1,1,0,0,0,1,0,0,0,0,0,1,0,0,0,1,0,0,0,0,0,185561.5625,180000.0
1827,1,2,2,1,0.0,7.0,3,1,0,2,1,7,0,0,0,0,1,0,1,0,0,0,0,0,0,0,0,0,0,0,0,0,0,0,1,0,0,0,0,0,1,0,0,0,1,0,0,0,0,0,138215.59375,140000.0
1805,1,2,0,1,0.0,4.0,2,1,0,1,1,4,0,0,0,0,0,0,1,0,0,1,0,0,0,0,0,1,0,0,1,0,0,0,1,0,0,0,0,0,1,0,0,0,1,0,0,0,0,0,110296.4765625,110000.0
1769,1,6,0,1,0.0,8.0,2,1,0,1,1,4,0,0,0,0,0,0,0,1,0,0,0,0,0,0,0,0,0,1,1,0,0,0,1,0,0,0,0,0,1,0,0,0,1,0,0,0,0,0,97876.7109375,95000.0
1792,1,6,1,1,0.0,10.0,3,1,0,1,1,8,0,0,0,0,1,0,1,0,0,0,0,0,0,0,0,0,0,1,1,0,0,0,1,0,0,0,0,0,1,0,0,0,1,0,0,0,0,0,189835.65625,155000.0
1696,1,6,0,1,0.0,6.0,1,1,0,1,0,2,0,1,0,0,0,0,1,0,0,0,0,0,0,1,0,0,0,0,0,0,0,0,1,0,0,0,0,0,1,0,1,0,0,0,0,0,0,0,34415.1953125,35000.0
1705,1,6,2,1,0.0,1.0,3,1,0,2,0,9,1,0,0,0,0,0,1,0,0,0,0,0,0,0,0,0,0,1,1,0,0,0,1,0,0,0,0,0,1,0,0,0,1,0,0,0,0,0,149160.828125,145000.0
1713,1,2,0,3,0.0,1.0,3,1,0,1,1,6,0,0,0,0,1,0,1,0,0,0,0,0,0,0,0,0,0,1,1,0,0,0,1,0,0,0,0,0,1,0,0,0,1,0,0,0,0,0,66868.5859375,105000.0
1826,1,6,0,1,0.0,1.0,2,1,0,0,1,5,0,0,0,0,1,0,1,0,0,1,0,0,0,0,1,0,0,1,1,0,0,0,1,0,0,0,0,0,1,0,0,1,1,0,0,0,0,0,109218.890625,90000.0
1791,1,6,0,1,0.0,5.0,3,1,0,2,1,7,0,0,0,0,1,0,1,0,0,1,0,0,1,0,0,0,0,1,1,0,0,0,1,0,0,0,0,0,1,0,0,1,1,0,0,0,0,0,146973.34375,150000.0
1767,1,6,3,3,0.0,4.0,3,1,0,2,1,9,0,0,0,0,1,0,1,0,0,1,0,0,1,0,1,0,0,1,0,0,0,0,1,0,0,0,0,0,1,0,0,1,1,0,0,0,0,0,196185.359375,200000.0
1515,1,2,2,1,0.0,3.0,3,1,0,1,1,6,0,1,0,0,0,0,1,0,0,1,0,0,0,0,0,0,0,0,0,1,0,0,1,0,0,0,0,0,1,0,0,1,1,0,0,0,0,0,197247.984375,200000.0
1729,1,6,1,1,0.0,5.0,2,1,0,1,1,5,0,0,0,1,0,0,1,0,0,1,0,0,0,0,1,0,0,1,1,0,0,0,1,0,0,0,0,0,1,0,0,1,1,0,0,0,0,0,126946.84375,130000.0
1791,1,6,1,1,0.0,4.0,3,1,0,2,1,5,0,0,0,0,1,0,1,0,0,0,0,0,0,0,0,1,0,1,1,0,0,0,1,0,0,0,0,1,1,0,0,0,1,0,0,0,0,0,154256.71875,150000.0
1801,1,2,1,1,0.0,2.0,4,1,0,1,1,7,0,0,0,0,0,0,0,1,0,0,0,0,0,0,0,1,0,1,1,0,0,0,1,0,0,0,0,1,1,0,0,0,1,0,0,0,0,0,134724.234375,135000.0
1732,1,6,2,1,0.0,2.0,3,1,0,1,1,6,0,0,0,0,1,0,1,0,0,0,1,0,0,0,0,1,0,1,1,0,0,0,1,0,0,0,0,0,1,0,0,1,1,0,0,0,0,0,165241.109375,150000.0
1739,1,2,1,1,0.0,1.0,3,1,0,0,1,6,0,0,0,1,1,0,1,0,0,0,0,0,1,0,0,1,0,0,1,0,0,0,1,0,0,0,0,0,1,0,0,1,1,0,0,0,0,0,157256.421875,155000.0
1825,1,6,0,1,0.0,2.0,2,1,0,2,1,6,0,0,0,0,0,0,1,0,0,1,0,0,1,0,1,0,0,0,1,0,0,0,1,0,0,0,0,0,1,0,0,1,1,0,0,0,0,0,99724.1015625,100000.0
518,0,3,3,1,0.0,4.0,2,1,0,1,1,5,1,0,0,0,0,0,1,0,0,0,0,1,0,0,0,0,1,0,0,0,0,0,1,0,0,0,0,0,1,0,0,0,1,0,0,0,0,0,622.7615966796875,695.0
524,0,3,3,1,0.0,3.0,2,0,0,1,1,3,1,0,0,0,0,0,1,0,0,0,0,1,0,1,0,0,0,0,0,0,0,0,1,0,0,0,0,0,1,0,1,0,0,0,0,0,0,0,751.0213623046875,695.0
520,0,3,3,1,0.0,1.0,2,1,0,1,1,3,1,0,0,0,0,0,0,0,0,0,0,0,1,0,1,1,0,0,0,0,0,0,1,0,0,0,0,0,1,0,0,0,1,0,0,0,0,0,881.9822998046875,715.0
2621,0,3,1,1,0.0,0.0,1,1,1,1,0,0,1,0,0,0,0,0,0,0,0,0,0,0,0,1,0,0,0,0,0,0,0,1,0,0,0,0,0,0,0,0,1,0,0,0,0,0,0,0,95.87686157226562,700.0
2680,0,3,0,1,0.0,0.0,1,0,0,1,0,0,1,0,0,0,0,0,0,0,0,0,0,0,0,0,0,0,0,0,0,0,0,0,0,0,0,0,0,0,1,0,0,0,1,0,0,0,0,0,636.1483154296875,460.0
2590,0,3,1,1,0.0,0.0,3,1,1,1,1,1,0,0,0,1,0,0,0,0,0,0,0,0,1,0,0,1,0,0,0,0,1,0,0,0,0,0,0,0,1,0,0,0,0,0,0,0,0,0,631.3807373046875,950.0
1587,0,3,2,1,0.0,1.0,3,1,0,1,1,7,0,0,0,0,1,0,0,0,0,0,0,0,1,0,0,0,0,0,0,0,1,0,0,0,0,0,0,0,0,0,0,0,1,0,0,0,0,0,781.2401123046875,750.0
1567,0,3,0,1,0.0,1.0,2,1,0,1,1,4,0,0,0,0,0,0,0,1,0,0,0,0,0,0,0,1,0,0,1,0,1,0,0,0,0,0,0,0,1,0,0,0,1,0,0,0,0,0,641.2244873046875,575.0
1620,0,3,1,1,0.0,3.0,1,1,0,1,1,5,0,0,0,0,0,0,0,1,0,0,0,0,1,0,0,0,0,0,0,0,1,0,0,0,0,0,0,0,0,0,0,0,1,0,0,0,0,0,756.2869873046875,550.0
1657,0,3,2,1,0.0,2.0,3,1,0,1,1,6,0,0,0,1,1,0,1,0,0,0,0,0,0,0,0,0,0,0,1,0,1,0,0,0,0,0,0,0,1,0,0,0,1,0,0,0,0,0,751.2264404296875,725.0
1830,1,7,2,1,0.0,0.0,3,1,0,1,1,8,0,0,0,1,0,0,1,0,0,0,0,0,1,0,0,0,0,0,0,0,1,0,0,0,0,0,0,0,1,0,0,0,1,0,0,0,0,0,215848.25,205000.0
1516,0,3,3,1,0.0,10.0,3,1,0,1,1,8,0,0,0,1,1,0,1,0,0,0,0,0,0,0,0,1,0,0,1,0,1,0,0,0,0,0,0,0,1,0,0,0,1,0,0,0,0,0,1124.0096435546875,650.0
1647,0,3,1,1,0.0,3.0,2,1,0,1,1,5,1,0,0,0,0,0,1,0,0,0,0,0,0,0,0,1,0,0,1,0,0,0,1,0,0,0,0,0,1,0,0,0,1,0,0,0,0,0,695.1151123046875,550.0
1829,1,7,2,1,0.0,0.0,3,1,0,1,1,9,0,0,0,1,1,0,1,0,0,0,0,0,1,0,0,0,0,0,0,0,1,0,0,0,0,0,0,0,1,0,0,0,1,0,0,0,0,0,174362.828125,170000.0
1855,1,6,3,1,0.0,0.0,4,1,0,1,1,9,0,0,0,1,1,0,1,0,0,0,0,0,0,0,0,1,0,0,1,0,1,0,0,0,0,0,0,0,1,0,0,0,1,0,0,0,0,0,239201.296875,230000.0
1568,0,3,0,1,0.0,7.0,2,1,0,1,1,4,0,0,0,0,0,0,0,1,0,0,0,0,0,0,0,1,0,0,1,0,1,0,0,0,0,0,0,0,1,0,0,0,1,0,0,0,0,0,806.3787841796875,600.0
1562,0,3,0,1,0.0,5.0,2,1,0,1,1,3,0,0,0,0,0,0,0,1,0,0,0,0,1,0,0,1,0,0,0,0,1,0,0,0,0,0,0,0,1,0,0,0,1,0,0,0,0,0,576.0780029296875,535.0
5528,0,3,1,1,0.0,1.0,3,1,0,1,1,6,0,0,0,1,1,0,1,0,0,0,0,0,0,0,0,1,0,0,1,0,1,0,0,0,0,0,0,0,1,0,0,0,1,0,0,0,0,0,537.0408935546875,750.0
1665,0,3,1,1,0.0,3.0,3,1,0,0,1,7,0,0,0,1,0,0,1,0,0,0,0,0,0,0,0,1,0,0,1,0,1,0,0,0,0,0,0,0,1,0,0,0,1,0,0,0,0,0,313.4237365722656,700.0
1653,0,3,0,1,0.0,3.0,3,1,0,1,1,7,0,0,0,0,0,0,1,0,0,0,0,0,0,0,0,1,0,0,1,0,1,0,0,0,0,0,0,0,1,0,0,0,1,0,0,0,0,0,737.0096435546875,650.0
1657,0,3,2,1,0.0,1.0,3,1,0,1,1,6,0,0,0,1,1,0,1,0,0,0,0,0,0,0,0,1,0,0,1,0,1,0,0,0,0,0,0,0,1,0,0,0,1,0,0,0,0,0,624.8690185546875,725.0
1679,0,3,1,1,0.0,4.0,2,1,0,1,1,4,0,0,0,1,1,0,1,0,0,0,0,0,0,0,0,1,0,0,1,0,1,0,0,0,0,0,0,0,1,0,0,0,1,0,0,0,0,0,646.3807373046875,625.0
3045,1,4,2,1,0.0,0.0,2,1,0,1,0,2,0,1,0,0,0,0,1,0,0,0,0,0,1,1,0,0,0,0,0,0,1,0,0,0,0,0,0,0,0,0,0,0,1,0,0,0,0,0,222691.765625,310000.0
2836,1,2,3,1,0.0,2.0,4,1,0,2,1,5,0,0,0,1,1,0,1,0,0,0,0,0,1,0,0,0,0,1,1,0,0,0,0,0,0,1,0,1,1,0,0,0,1,0,0,0,0,0,366724.875,360000.0
2689,1,4,5,1,0.0,2.0,4,1,2,2,1,8,0,0,0,1,0,0,1,0,0,1,0,0,0,0,0,1,1,0,1,0,0,0,1,0,0,0,0,1,1,0,0,0,1,0,0,0,0,0,451419.71875,450000.0
2878,1,4,3,1,0.0,4.0,4,1,1,2,1,4,1,0,0,0,0,0,1,0,0,0,0,1,1,0,0,0,1,1,0,0,0,0,1,0,0,0,0,1,1,0,0,0,1,0,0,0,0,0,305474.875,300000.0
2897,1,4,2,1,0.0,4.0,1,1,1,1,0,5,0,0,0,0,0,0,0,1,0,0,0,0,1,0,0,0,0,0,1,0,0,0,1,0,0,0,0,1,1,0,0,0,1,0,0,0,0,0,234718.796875,230000.0
2860,1,2,3,1,0.0,0.0,3,1,1,1,1,5,0,0,0,1,0,0,1,0,0,1,0,0,1,0,0,0,0,1,1,0,0,0,1,0,0,0,0,1,1,0,0,0,1,0,0,0,0,0,390960.28125,385000.0
2804,1,4,3,1,0.0,3.0,4,1,1,2,1,7,0,0,0,1,0,0,1,0,0,0,0,0,1,0,0,0,0,1,1,0,0,0,1,0,0,0,0,0,1,0,0,1,1,0,0,0,0,0,419275.875,415000.0
2849,1,4,3,1,0.0,1.0,4,1,0,2,1,7,0,0,0,1,1,0,1,0,0,0,0,0,0,0,0,0,1,1,1,0,0,0,0,0,0,0,0,1,1,0,0,0,1,0,0,0,0,0,354289.1875,350000.0
2808,1,2,1,1,8.0,6.0,3,1,1,1,1,4,0,0,0,1,1,0,1,0,0,0,0,0,0,0,0,1,0,1,1,0,0,0,1,0,0,0,0,0,1,0,0,1,1,0,0,0,0,0,242930.90625,290000.0
2863,1,4,2,1,0.0,2.0,3,1,1,2,1,5,0,0,0,1,0,0,1,0,0,1,0,0,1,0,0,0,0,1,1,0,0,0,0,0,0,0,0,0,1,0,0,1,1,0,0,0,0,0,351975.1875,350000.0
2716,1,7,4,1,0.0,1.0,4,2,1,1,0,17,0,0,0,1,1,0,1,0,0,0,0,0,1,0,0,0,0,1,1,0,1,0,0,0,0,1,0,1,1,0,0,0,1,0,0,0,0,0,760335.375,575000.0
2743,1,2,1,3,0.0,1.0,2,1,1,1,1,1,0,0,0,0,0,0,0,1,0,0,0,0,1,0,0,0,0,1,1,0,0,0,1,0,0,0,0,1,1,0,0,0,1,0,0,0,0,0,222459.4375,230000.0
2765,1,4,3,3,0.0,0.0,3,1,1,2,1,8,0,0,0,1,1,0,1,0,0,0,0,0,0,0,0,1,0,1,1,0,0,0,1,0,0,0,0,1,1,0,0,0,1,0,0,0,0,0,402344.3125,400000.0
2810,1,4,2,1,0.0,2.0,3,1,0,1,1,5,0,0,0,1,0,0,1,0,0,1,0,0,0,0,0,1,0,1,1,0,0,0,1,0,0,0,0,0,1,0,0,1,1,0,0,0,0,0,272382.375,270000.0
2711,1,7,5,1,0.0,2.0,4,1,1,3,1,8,0,0,0,1,1,0,1,0,0,0,0,0,1,0,0,0,0,1,1,0,0,0,1,0,0,0,0,1,1,0,0,0,0,0,1,0,0,0,674720.375,600000.0
2877,1,4,1,1,0.0,3.0,2,1,0,1,1,4,1,0,0,1,0,0,1,0,0,0,0,0,1,0,0,0,0,1,1,0,1,0,0,0,0,0,0,1,1,0,0,0,1,0,0,0,0,0,216435.234375,210000.0
1062,1,6,5,1,0.0,1.0,3,1,0,1,0,5,0,1,0,0,0,0,0,1,0,1,0,0,0,0,0,0,0,0,0,0,1,1,1,0,0,0,0,1,1,0,0,1,0,0,0,0,0,0,437830.40625,320000.0
1072,1,6,2,1,0.0,3.0,2,1,0,1,1,0,0,0,0,1,0,0,0,1,0,0,0,0,1,0,0,1,0,0,0,0,1,0,0,0,0,0,0,0,1,0,0,0,1,0,0,0,0,0,101427.859375,100000.0
1065,1,6,6,1,0.0,0.0,4,1,0,1,1,9,0,0,0,1,0,0,0,1,0,0,0,0,1,0,0,1,1,0,0,0,1,0,0,0,0,1,0,0,1,0,0,0,1,0,0,0,0,0,616527.75,700000.0
3762,1,4,3,1,0.0,0.0,2,0,0,0,1,1,1,0,0,0,0,1,0,0,0,0,0,0,0,1,0,0,0,0,0,0,0,1,0,0,0,0,0,1,1,0,0,0,1,0,0,0,0,0,97870.65625,95000.0
493,0,3,2,1,0.0,0.0,2,1,1,1,0,3,0,0,0,0,1,0,0,0,0,0,0,0,0,0,1,0,0,0,1,0,0,0,1,0,0,0,0,0,1,0,0,0,0,0,0,0,0,0,833.5994873046875,1300.0
493,0,3,2,1,0.0,1.0,2,1,1,1,0,3,0,0,0,0,1,0,0,0,0,0,0,0,0,0,1,0,0,0,1,0,0,0,1,0,0,0,0,0,1,0,0,0,0,0,0,0,0,0,900.7869873046875,1300.0
493,0,3,2,1,0.0,0.0,2,1,1,1,0,3,0,0,0,0,1,0,0,0,0,0,0,0,0,0,1,0,0,0,1,0,0,0,1,0,0,0,0,0,1,0,0,0,0,0,0,0,0,0,833.5994873046875,1300.0
3525,1,4,3,1,0.0,4.0,3,1,0,1,1,7,0,0,0,1,1,0,1,0,0,0,0,0,0,0,0,0,0,0,0,0,0,0,0,0,0,0,0,0,1,0,0,0,1,0,0,0,0,0,293016.6875,300000.0
493,0,3,2,1,0.0,0.0,2,1,1,1,0,3,0,0,0,0,1,0,0,0,0,0,0,0,0,0,1,0,0,0,1,0,0,0,1,0,0,0,0,0,1,0,0,0,0,0,0,0,0,0,833.5994873046875,1300.0
493,0,3,2,1,0.0,1.0,2,1,1,1,0,3,0,0,0,0,1,0,0,0,0,0,0,0,0,0,1,0,0,0,1,0,0,0,1,0,0,0,0,0,1,0,0,0,0,0,0,0,0,0,900.7869873046875,1300.0
3530,1,6,4,1,0.0,2.0,4,1,1,1,1,9,0,0,0,1,1,0,1,0,0,0,0,0,1,0,1,0,0,1,0,0,0,0,0,0,0,0,0,0,0,0,0,0,1,0,0,0,0,0,392398.25,400000.0
504,0,3,2,1,0.0,1.0,3,1,1,1,1,3,0,0,0,0,0,0,0,1,0,0,0,0,1,0,0,0,0,0,0,0,0,0,1,0,0,0,0,0,0,0,0,0,1,0,0,0,0,1,1556.7830810546875,1700.0
5519,1,6,3,1,0.0,5.0,3,1,0,2,0,3,0,0,0,1,1,0,1,0,0,0,0,0,1,0,1,0,0,1,0,0,0,0,1,0,0,0,0,0,1,0,0,0,1,0,0,0,0,0,256864.734375,255000.0
5500,1,6,3,3,0.0,4.0,3,1,0,2,0,4,0,0,0,1,1,0,0,0,0,0,0,0,1,0,1,0,0,0,1,0,1,0,0,1,0,0,0,0,1,0,0,0,1,0,0,0,0,0,274947.21875,275000.0
1385,1,4,3,1,0.0,3.0,3,1,1,1,1,5,0,0,0,1,1,0,1,0,0,0,0,0,1,0,0,1,0,1,0,0,0,0,0,0,0,0,0,0,1,0,0,0,1,0,0,1,0,0,253866.6875,247500.0
5364,1,6,2,1,0.0,6.0,3,1,0,1,1,5,0,0,0,1,1,0,1,0,0,0,0,0,1,0,1,0,0,1,0,0,0,0,1,0,0,0,0,0,1,0,0,0,1,0,0,0,0,0,215203.734375,270000.0
5453,1,6,2,1,0.0,2.0,3,1,0,1,1,4,0,0,0,1,1,0,1,0,0,0,0,0,1,0,1,0,0,0,1,0,0,0,1,0,0,0,0,0,1,0,0,0,1,0,0,0,0,0,277455.71875,280000.0
1353,1,4,2,1,0.0,0.0,2,1,1,1,0,6,0,0,0,1,0,1,1,0,0,0,0,0,1,0,0,1,1,0,0,0,0,0,0,0,0,0,0,0,1,0,0,0,1,0,0,0,0,0,281869.9375,210000.0
5524,1,6,3,1,0.0,4.0,3,1,0,1,1,4,1,0,0,0,1,0,1,0,0,0,0,0,1,0,1,0,0,0,1,0,0,0,1,0,0,0,0,0,1,0,0,0,1,0,0,0,0,0,217637.484375,220000.0
5362,0,3,0,1,0.0,2.0,2,0,0,1,1,2,0,0,0,0,0,0,0,1,0,0,0,0,0,0,1,0,0,0,0,0,0,0,1,0,0,0,0,0,0,0,0,0,1,0,0,0,0,0,849.4276123046875,525.0
2546,1,6,1,1,0.0,3.0,3,1,1,1,1,3,0,0,0,1,0,0,1,1,0,0,0,0,0,0,1,0,0,1,1,0,0,0,1,0,0,0,0,1,1,0,0,0,1,0,0,0,0,0,247665.953125,250000.0
3793,0,3,2,1,0.0,2.0,3,1,1,0,1,2,0,0,0,1,1,0,0,0,0,0,0,0,1,0,0,0,0,0,1,0,0,0,0,0,1,0,0,0,1,0,0,0,1,0,0,0,0,0,838.7840576171875,725.0
140,1,7,1,1,0.0,0.0,3,1,0,1,1,8,1,0,0,0,0,0,1,0,0,0,0,0,1,0,1,0,1,0,0,0,1,0,0,0,0,0,0,0,1,0,0,0,1,0,0,0,0,0,122375.1015625,119950.0
376,1,7,3,1,0.0,0.0,3,2,0,1,1,8,0,0,0,1,1,0,0,0,0,0,0,0,0,0,0,1,1,0,1,0,1,0,0,0,0,0,0,0,1,0,0,0,1,0,0,0,0,0,336117.8125,330000.0
368,1,7,2,1,0.0,4.0,4,1,1,2,1,6,1,0,0,0,0,0,1,0,0,0,0,0,1,0,0,1,0,0,0,0,0,0,1,0,0,0,0,0,1,0,0,0,1,0,0,0,0,0,251258.359375,249950.0
1059,1,0,3,1,0.0,1.0,3,0,0,0,0,0,0,1,0,0,0,0,1,0,0,0,0,0,0,0,0,0,0,0,0,0,0,0,1,0,0,0,0,1,0,0,0,0,1,0,0,0,0,0,106308.0859375,145000.0
1076,1,0,1,3,0.0,2.0,2,0,0,0,0,0,0,0,0,1,0,0,1,0,0,1,0,0,0,0,0,0,0,1,0,0,0,0,0,1,1,0,0,0,1,0,0,0,1,0,0,0,0,0,194455.78125,200000.0
5374,1,6,2,3,0.0,0.0,2,1,1,1,1,0,0,0,0,1,0,0,1,1,0,0,0,0,1,0,0,0,1,1,0,0,0,0,1,0,0,0,0,1,1,0,0,0,1,0,0,0,0,0,199554.953125,190000.0
5365,1,6,3,1,0.0,0.0,3,1,1,1,1,2,0,0,0,1,0,0,1,1,0,0,0,0,1,0,1,0,0,1,0,0,0,0,1,0,0,0,0,0,1,0,0,1,1,0,0,0,0,0,271768.375,275000.0
2550,0,3,3,1,0.0,1.0,4,1,1,3,1,1,0,0,0,1,1,0,0,0,0,0,0,0,1,0,0,0,0,0,0,0,0,0,0,0,0,0,0,0,0,0,0,0,1,0,0,0,0,0,992.5350341796875,900.0
5370,0,3,2,1,0.0,7.0,2,1,0,1,1,2,1,0,0,0,0,0,1,0,0,1,0,0,0,0,0,0,0,0,0,0,0,0,1,0,0,0,0,1,1,0,0,0,0,0,0,0,0,0,0.0,940.0
5442,1,6,3,1,0.0,2.0,3,1,1,2,0,3,0,0,0,1,1,0,1,0,0,0,0,0,1,0,0,0,0,1,1,0,0,0,1,0,0,0,0,0,1,0,0,0,1,0,0,0,0,0,277221.625,280000.0
2549,0,3,3,1,0.0,0.0,3,1,1,1,1,1,0,0,0,1,1,0,1,0,0,0,0,0,1,0,1,0,1,0,0,0,0,0,1,0,0,0,0,1,1,0,0,0,1,0,0,0,0,0,1164.4471435546875,900.0
2548,1,6,2,1,0.0,5.0,4,1,1,2,1,4,0,0,0,1,0,0,1,1,0,0,0,0,0,0,0,1,0,0,0,0,0,0,1,0,0,0,0,1,1,0,0,0,1,0,0,0,0,0,229947.109375,225000.0
2543,0,3,5,1,0.0,4.0,4,1,1,0,1,4,0,0,0,1,1,0,1,0,0,0,0,0,1,0,0,1,1,0,0,0,0,0,1,0,0,0,0,1,1,0,0,0,0,0,0,1,0,0,2588.015625,1350.0
2555,0,3,1,1,0.0,2.0,3,1,1,1,1,0,0,1,0,0,0,0,1,1,0,0,0,0,1,0,0,1,1,0,0,0,0,0,1,0,0,0,0,1,1,0,0,0,1,0,0,0,0,0,907.0994873046875,725.0
2733,1,4,2,1,0.0,0.0,1,1,1,1,0,4,1,0,0,0,0,0,1,0,0,1,0,0,1,0,1,0,0,1,0,0,0,0,0,1,0,0,0,0,1,0,1,0,0,0,0,0,0,0,186051.875,215000.0
2768,1,2,2,1,0.0,0.0,2,1,0,1,1,3,0,0,0,1,0,0,0,0,0,0,0,0,1,0,0,0,0,1,1,0,0,0,0,0,0,0,0,1,1,0,0,0,1,0,0,0,0,0,254946.96875,250000.0
2831,1,4,1,1,0.0,2.0,3,1,0,1,1,4,1,0,0,1,0,0,1,0,0,0,0,0,1,0,0,0,0,1,1,0,0,0,0,0,0,0,0,0,1,0,0,1,1,0,0,0,0,0,246584.859375,220000.0
2744,0,3,3,1,0.0,2.0,3,1,1,1,1,5,0,0,0,1,1,0,1,0,0,0,0,0,1,0,0,0,0,1,1,0,0,0,0,0,0,0,0,0,1,0,0,1,1,0,0,0,0,0,1129.0799560546875,1200.0
3032,1,6,4,1,0.0,3.0,4,1,0,2,1,9,0,0,0,1,1,0,1,0,0,0,0,0,1,0,0,0,0,1,1,0,0,0,0,0,0,1,0,0,1,0,0,0,1,0,0,0,0,1,448079.125,450000.0
3033,1,4,3,1,0.0,2.0,3,1,1,2,1,5,0,0,0,1,0,0,1,0,0,1,0,0,1,0,0,1,1,0,0,0,1,0,0,0,0,1,0,1,1,0,0,0,1,0,0,0,0,0,303635.5625,300000.0
2677,1,4,1,1,0.0,2.0,2,1,1,1,1,6,0,0,0,0,1,0,1,0,0,1,0,0,1,0,0,1,0,1,0,0,0,0,0,0,0,0,0,0,1,0,0,1,1,0,0,0,0,0,331414.9375,200000.0
2711,1,4,5,1,0.0,0.0,3,1,1,1,1,8,0,0,0,1,1,0,1,0,0,0,0,0,1,0,0,1,1,0,0,0,0,0,0,0,0,0,0,1,0,0,0,0,0,0,1,0,0,1,598879.75,600000.0
2711,1,4,5,1,0.0,1.0,3,1,1,1,1,8,0,0,0,1,1,0,1,0,0,0,0,0,0,0,0,1,1,0,1,0,0,0,1,0,0,0,0,0,1,0,0,0,0,0,1,0,0,1,589863.5,600000.0
2715,1,4,2,1,0.0,1.0,2,1,1,1,0,2,0,0,0,0,0,0,0,1,0,0,0,0,0,0,0,0,1,1,1,0,0,0,1,0,0,0,0,0,1,0,0,1,1,0,0,0,0,0,288993.40625,200000.0
2718,1,2,4,1,0.0,0.0,3,1,0,1,0,8,0,0,0,1,1,0,1,0,0,0,0,0,1,0,0,0,0,1,1,0,0,0,1,0,0,0,0,1,1,0,0,0,0,0,1,0,0,0,538196.4375,535000.0
2763,1,7,1,1,0.0,3.0,2,1,1,1,1,2,0,0,0,0,0,0,0,1,1,0,0,0,1,0,0,0,0,1,1,0,0,0,1,0,0,0,0,0,1,0,0,1,1,0,0,0,0,0,230765.40625,225000.0
2789,1,4,2,4,0.0,4.0,3,1,1,2,1,6,0,0,0,1,0,0,1,0,0,0,0,0,1,0,0,1,0,1,0,0,0,0,1,0,0,0,0,1,1,0,0,0,1,0,0,0,0,0,239275.671875,240000.0
2819,0,3,3,1,0.0,1.0,3,1,1,1,1,3,0,0,0,1,1,0,1,0,0,0,0,0,1,0,0,1,0,1,0,0,1,0,0,0,0,0,0,0,1,0,0,1,1,0,0,0,0,0,913.4666748046875,1295.0
2857,1,7,5,1,0.0,0.0,5,1,1,2,1,7,0,0,0,1,1,0,1,0,0,0,0,0,1,0,0,0,0,1,1,0,0,0,0,0,0,1,0,0,1,0,0,0,1,0,0,0,0,1,507409.15625,500000.0
2762,1,4,2,1,0.0,8.0,3,1,1,1,1,5,0,0,0,1,0,0,1,0,0,0,0,0,1,0,0,0,0,0,1,1,0,0,1,0,0,0,0,0,1,0,0,1,1,0,0,0,0,0,340854.28125,340000.0
2760,1,4,1,1,0.0,1.0,2,1,1,1,1,3,1,0,1,0,0,0,1,0,0,0,0,0,0,1,0,0,0,0,0,0,0,0,1,0,0,0,0,0,1,0,1,0,0,1,0,0,0,0,189230.421875,190000.0
2818,1,4,2,1,0.0,3.0,3,1,1,1,1,5,0,0,0,1,1,0,1,0,0,0,0,0,0,0,0,1,0,1,1,0,0,0,1,0,0,0,0,1,1,0,0,1,0,0,0,0,0,0,312780.84375,310000.0
2780,1,7,2,3,0.0,1.0,3,1,1,1,1,5,0,0,0,1,1,0,1,0,0,0,0,0,1,0,1,0,0,0,1,0,0,0,0,0,0,0,0,0,1,0,0,1,1,0,0,0,0,0,209766.0625,290000.0
2833,1,4,1,1,0.0,0.0,2,1,0,1,1,4,1,0,0,1,0,0,1,0,0,0,0,0,0,0,0,1,0,0,0,0,0,0,1,0,0,0,0,0,1,0,0,1,1,0,0,0,0,0,211207.359375,210000.0
2915,1,4,3,1,0.0,4.0,3,1,0,2,1,5,0,0,0,1,1,0,1,0,0,0,0,0,1,0,0,0,0,1,1,0,1,0,0,0,0,1,0,1,1,0,0,0,1,0,0,0,0,0,333853.34375,325000.0
2811,1,4,3,1,0.0,1.0,3,1,1,2,1,7,0,0,0,1,1,0,1,0,0,0,0,0,0,0,0,1,0,1,1,0,0,0,0,0,0,0,0,0,1,0,0,1,1,0,0,0,0,0,372941.53125,375000.0
2757,0,3,1,1,0.0,3.0,2,1,0,1,0,4,1,0,0,0,0,0,0,0,0,0,0,0,0,1,0,0,0,0,0,0,0,0,0,0,0,0,0,0,0,0,1,0,0,0,0,0,0,0,931.5955810546875,750.0
2893,1,2,3,1,0.0,4.0,3,1,0,2,1,6,1,0,0,0,1,0,1,0,0,0,0,0,1,0,0,0,0,1,1,0,0,0,1,0,0,0,0,0,1,0,0,1,1,0,0,0,0,0,327684.96875,310000.0
2917,1,4,4,1,0.0,3.0,4,1,1,2,1,7,0,0,0,1,1,0,1,0,0,0,0,0,1,0,0,0,0,1,1,0,0,0,1,0,0,0,0,1,1,0,0,0,1,0,0,0,0,0,425571.4375,400000.0
2798,1,2,1,1,0.0,2.0,2,1,1,1,1,3,0,0,0,0,0,0,0,1,0,0,0,0,1,0,0,0,0,1,1,0,0,0,1,0,0,0,0,1,1,0,0,0,1,0,0,0,0,0,256848.390625,260000.0
2840,1,2,1,1,0.0,0.0,2,1,1,1,0,4,1,0,0,0,0,0,1,0,0,0,0,1,0,1,1,0,0,0,1,0,1,0,0,1,0,1,0,1,1,0,0,0,1,0,0,0,0,0,193656.421875,200000.0
2798,1,4,1,1,0.0,0.0,2,1,1,1,1,2,0,0,0,0,0,0,0,1,0,0,0,0,1,0,0,0,0,1,1,0,0,0,1,0,0,0,0,1,1,0,0,0,1,0,0,0,0,0,247815.265625,250000.0
3487,0,3,4,1,0.0,4.0,5,1,1,2,1,12,0,0,0,1,1,0,0,0,0,0,0,0,1,0,1,0,0,0,0,0,1,0,0,0,0,0,0,0,1,0,0,0,1,0,0,0,0,0,1328.1112060546875,1200.0
3505,0,3,1,1,0.0,1.0,3,1,0,1,1,6,1,0,0,1,0,0,1,0,0,0,0,0,1,0,1,0,0,0,1,0,1,0,0,0,0,0,0,0,1,0,0,0,1,0,0,0,0,0,540.4237060546875,750.0
5123,0,3,0,1,0.0,4.0,2,1,1,1,1,1,0,1,0,0,0,0,0,1,0,0,0,0,0,0,0,0,0,0,1,0,0,0,1,0,0,0,0,0,1,0,0,0,1,0,0,0,0,0,649.2928466796875,425.0
809,0,3,0,1,0.0,3.0,2,1,1,1,0,1,0,0,0,1,0,0,0,0,0,0,0,0,1,0,0,0,0,0,0,0,0,0,1,0,0,0,0,0,1,0,0,0,1,0,0,0,0,0,624.4881591796875,425.0
3047,0,3,0,1,0.0,1.0,3,1,0,2,1,2,0,0,0,0,0,0,0,1,0,0,0,0,1,0,0,0,0,0,0,0,0,0,1,0,0,0,0,0,1,0,0,0,1,0,0,0,0,0,637.1326904296875,550.0
4125,1,2,2,1,0.0,0.0,2,1,1,0,1,1,0,0,0,0,0,0,0,1,0,0,0,0,0,0,0,0,0,1,0,0,1,0,0,0,0,0,0,0,0,0,0,0,1,0,0,0,0,0,389099.3125,400000.0
4160,1,4,3,1,0.0,0.0,3,1,1,1,1,4,0,0,1,0,0,0,1,0,0,1,0,0,1,0,0,1,0,1,0,0,0,0,0,0,0,0,0,0,1,0,0,0,1,0,0,0,0,0,441884.4375,450000.0
4098,1,2,3,1,0.0,1.0,3,1,1,1,1,3,0,0,0,1,0,0,1,0,0,1,0,0,1,0,0,1,0,1,0,0,0,0,0,0,0,0,0,0,0,0,0,0,1,0,0,0,0,0,490288.3125,490000.0
4042,1,4,1,1,0.0,2.0,1,1,1,1,0,1,1,0,0,0,0,0,1,0,0,0,0,0,0,0,0,0,0,0,0,0,0,0,0,0,0,0,0,0,0,0,0,0,0,0,0,0,0,0,232843.5,180000.0
1892,0,3,0,1,0.0,0.0,2,1,0,1,1,3,0,0,0,0,0,0,0,0,0,0,0,0,1,0,0,1,0,0,0,0,0,0,0,0,0,0,0,0,0,0,0,0,1,0,0,0,0,0,708.8475341796875,450.0
574,0,3,0,1,0.0,1.0,0,1,0,0,0,3,0,0,0,0,0,0,0,1,0,0,0,0,1,1,0,1,0,0,0,0,0,0,0,0,0,0,0,0,1,0,0,0,1,0,0,0,0,0,570.6893310546875,425.0
565,0,3,0,1,0.0,3.0,1,1,1,1,0,1,0,0,0,0,0,0,0,1,0,0,0,0,0,1,0,1,0,0,1,0,0,0,0,0,0,0,0,0,1,0,1,0,0,0,0,0,0,0,664.1678466796875,550.0
591,0,3,0,1,0.0,1.0,1,1,1,1,0,1,0,1,0,0,0,0,0,0,0,0,0,0,0,1,0,1,0,0,1,0,1,0,0,0,0,0,0,0,1,0,0,0,1,0,0,0,0,0,476.5287170410156,600.0
3872,0,3,0,3,0.0,0.0,3,1,1,1,1,1,0,0,0,0,0,0,0,1,0,0,0,0,1,0,0,1,0,0,0,0,0,0,0,0,0,0,0,0,0,0,0,0,1,0,0,0,0,0,485.9061584472656,550.0
3783,0,3,0,1,0.0,0.0,3,1,1,1,0,0,0,0,0,1,0,0,1,0,0,0,0,0,0,0,1,0,0,1,0,0,0,0,0,0,0,0,0,0,1,0,0,0,1,0,0,0,0,0,0.0,550.0
1408,1,6,6,1,0.0,0.0,5,1,1,1,1,11,0,0,0,1,1,0,1,0,0,0,0,0,0,0,1,0,0,1,1,0,0,0,0,0,0,0,0,0,1,0,0,0,0,0,1,0,0,0,674811.375,600000.0
1384,0,3,3,1,0.0,2.0,3,1,1,1,0,2,0,0,0,1,1,0,1,0,0,0,0,0,1,0,0,1,0,1,0,0,0,0,0,0,0,0,0,0,1,0,0,0,1,0,0,0,0,0,988.3026123046875,925.0
1346,1,4,2,1,0.0,1.0,3,1,1,1,1,2,0,0,0,1,1,0,1,0,0,0,0,0,1,0,0,1,1,0,0,0,0,0,0,0,0,0,0,0,1,0,0,0,1,0,0,0,0,0,256489.5625,260000.0
1387,1,4,1,1,0.0,0.0,2,1,1,1,0,3,0,0,0,1,1,0,0,0,0,0,0,0,1,0,1,0,1,0,0,0,0,0,0,0,0,0,0,0,1,0,0,0,1,0,0,0,0,0,206181.015625,200000.0
1337,1,7,0,1,0.0,1.0,2,1,1,1,1,1,1,0,0,0,0,0,1,0,0,1,0,0,0,1,0,0,0,0,0,0,0,0,0,0,0,0,0,0,1,0,0,0,1,0,0,0,0,0,150863.203125,150000.0
1390,1,4,0,1,0.0,3.0,2,1,1,1,0,3,0,0,0,1,0,0,1,0,0,1,0,0,0,1,0,0,0,0,0,0,0,0,0,0,0,0,0,0,1,0,0,0,1,0,0,0,0,0,127574.4296875,140000.0
1407,0,3,0,1,0.0,0.0,1,0,1,1,0,0,0,0,0,0,0,0,1,0,0,1,0,0,0,0,0,0,0,0,0,1,0,0,0,0,0,0,0,0,0,0,0,0,0,0,1,0,0,0,585.7088623046875,500.0
1935,1,7,1,1,0.0,4.0,3,1,0,1,1,5,0,0,0,0,0,0,0,1,0,0,0,0,0,0,1,0,1,0,1,0,0,0,0,0,0,0,0,0,1,0,0,0,1,0,0,0,0,0,226474.0625,230000.0
2043,1,6,2,1,0.0,4.0,3,1,0,1,1,4,0,0,0,0,0,0,1,0,0,0,1,0,0,0,0,1,0,0,1,0,0,0,0,0,0,0,0,0,0,0,0,0,1,0,0,0,0,0,178265.28125,172000.0
1949,1,2,0,3,0.0,1.0,2,1,0,1,1,3,0,0,0,0,0,0,0,1,0,0,0,0,1,0,1,1,0,0,0,0,0,0,0,0,0,0,0,0,0,0,0,0,1,0,0,0,0,0,29091.197265625,29000.0
2052,0,3,0,1,0.0,1.0,3,1,0,1,1,3,0,0,0,0,0,0,0,1,0,0,0,0,1,0,0,0,0,0,0,0,0,0,0,0,0,0,0,0,1,0,0,0,1,0,0,0,0,0,637.2440185546875,550.0
1942,1,4,0,1,0.0,0.0,3,1,0,1,1,3,0,0,0,0,1,0,1,0,0,1,0,0,0,0,1,0,0,0,1,0,0,0,0,0,0,0,0,0,0,0,0,0,1,0,0,0,0,0,76683.671875,75000.0
3458,1,6,3,1,0.0,6.0,4,1,0,1,1,16,0,0,0,1,0,1,1,0,0,0,0,0,0,0,1,0,1,1,0,0,0,0,0,0,0,0,0,0,1,0,0,1,1,0,0,0,0,0,847035.0625,850000.0
4442,0,3,6,1,0.0,3.0,5,1,0,1,1,13,0,0,0,1,1,0,1,0,0,0,0,0,1,0,0,0,0,1,0,0,0,0,0,0,0,0,0,0,1,0,0,0,1,0,0,0,0,0,0.0,1900.0
550,1,6,2,1,0.0,0.0,2,1,0,1,0,7,0,0,0,0,0,0,1,0,0,0,0,0,1,0,0,1,0,0,0,0,0,0,0,0,0,0,0,1,1,0,0,1,0,0,0,0,0,0,331753.5,335000.0
4283,1,6,1,1,0.0,5.0,3,1,0,1,1,6,0,0,0,1,0,0,1,0,0,0,0,0,1,0,1,0,0,0,0,0,0,0,0,0,0,0,0,0,1,0,0,0,1,0,0,0,0,0,225970.65625,280000.0
4466,1,6,3,1,0.0,0.0,4,1,0,1,1,6,0,0,0,1,1,0,1,0,0,0,0,0,1,0,0,0,1,0,0,0,0,0,0,0,0,0,0,0,1,0,0,0,1,0,0,0,0,0,368011.9375,365000.0
4451,1,6,3,1,0.0,0.0,3,1,0,2,1,8,0,0,0,1,1,0,1,0,0,0,0,0,1,0,1,0,0,0,1,0,0,0,0,0,0,0,0,0,1,0,0,0,1,0,0,0,0,0,372785.71875,375000.0
4440,1,4,4,1,1.0,2.0,5,1,0,1,1,13,0,0,0,1,1,0,1,0,0,0,0,0,0,0,1,0,1,0,1,0,0,0,0,0,0,0,0,0,1,0,0,0,1,0,0,0,0,0,998679.875,1000000.0
4453,1,6,2,1,0.0,0.0,3,1,0,1,1,4,0,0,0,0,1,0,0,0,0,0,0,0,1,0,1,0,1,0,0,0,0,0,0,0,0,0,0,0,1,0,0,0,1,0,0,0,0,0,282606.65625,280000.0
4462,1,6,5,1,0.0,1.0,4,1,0,2,1,7,0,0,0,1,1,0,1,0,0,0,0,0,1,0,1,0,1,0,0,0,0,0,0,0,0,0,0,0,1,0,0,0,1,0,0,0,0,0,438363.75,530000.0
4445,0,3,3,1,0.0,2.0,3,1,0,2,1,6,0,0,0,1,1,0,1,0,0,0,0,0,1,0,1,1,0,0,0,0,0,0,0,0,0,0,0,0,1,0,0,1,1,0,0,0,0,0,1389.6580810546875,1250.0
4439,1,6,4,1,0.0,2.0,4,1,0,2,1,7,0,0,0,1,0,0,1,0,0,1,0,0,1,0,1,0,0,0,1,0,0,0,0,0,0,0,0,0,1,0,0,0,1,0,0,0,0,0,402883.21875,425000.0
1548,1,6,2,1,0.0,0.0,3,1,0,1,1,7,0,0,0,1,0,0,1,0,0,0,0,0,1,0,0,0,0,0,0,0,1,0,0,0,0,0,0,0,1,0,0,0,1,0,0,0,0,0,224115.390625,200000.0
3598,0,3,0,1,0.0,4.0,2,1,1,1,1,4,0,0,0,1,0,0,1,0,0,1,0,0,1,0,0,0,0,1,1,0,0,0,0,0,0,0,0,1,1,0,0,0,1,0,0,0,0,0,655.4793701171875,695.0
3615,1,7,1,1,0.0,1.0,3,1,2,1,0,3,0,0,0,1,1,0,1,0,0,0,0,0,1,0,1,0,0,1,0,0,0,0,0,0,0,0,0,1,1,0,0,0,1,0,0,0,0,0,168955.546875,170000.0
3622,0,3,1,1,0.0,10.0,3,1,2,1,0,2,0,0,0,1,0,0,1,0,0,1,0,0,1,0,1,0,0,1,0,0,0,0,0,0,0,0,0,1,1,0,0,0,1,0,0,0,0,0,801.9940185546875,675.0
3621,0,3,0,1,0.0,2.0,2,1,1,1,1,2,0,0,0,1,0,0,1,0,0,1,0,0,1,0,1,0,0,1,0,0,0,0,0,0,0,0,0,1,1,0,0,0,1,0,0,0,0,0,652.3045654296875,650.0
5149,1,4,4,1,0.0,1.0,3,1,0,1,1,6,0,0,0,1,0,0,1,0,0,0,0,0,1,0,0,1,0,0,0,0,0,0,0,0,0,0,0,0,1,0,0,0,1,0,0,0,0,0,393131.9375,455000.0
307,1,2,0,1,0.0,0.0,1,0,0,1,0,0,1,0,0,0,0,0,0,0,0,0,0,0,0,1,0,0,0,0,0,0,0,0,0,0,0,1,0,0,0,0,1,0,0,0,0,0,0,0,129767.9296875,124950.0
3899,1,7,3,1,0.0,0.0,4,1,0,2,1,6,0,0,0,1,1,0,1,0,0,0,0,0,0,0,1,1,0,0,1,0,0,0,0,0,0,0,0,0,1,0,0,0,1,0,0,0,0,0,257732.046875,214999.0
3902,0,3,0,1,0.0,3.0,2,1,1,1,0,3,0,0,1,0,0,0,1,0,0,0,0,0,1,0,1,1,0,0,0,0,0,0,0,0,0,0,0,0,1,0,0,0,1,0,0,0,0,0,230.94522094726562,525.0
3915,0,3,0,1,0.0,1.0,2,1,1,0,0,2,0,0,0,0,0,0,0,1,0,0,0,0,0,0,0,0,0,0,0,0,0,0,0,0,0,0,0,0,1,0,0,0,1,0,0,0,0,0,633.5526123046875,495.0
3895,0,3,0,1,0.0,6.0,2,1,1,1,1,2,0,0,0,0,0,0,0,1,0,0,0,0,0,0,0,0,0,0,1,0,0,0,0,0,0,0,0,0,1,0,0,0,1,0,0,0,0,0,492.4745178222656,425.0
3917,0,3,0,1,0.0,1.0,2,1,0,1,0,4,0,0,0,0,0,0,1,0,0,0,0,0,1,0,1,0,0,0,1,0,0,0,0,0,0,0,0,0,1,0,0,0,1,0,0,0,0,0,430.4920959472656,495.0
2482,1,6,0,1,0.0,0.0,3,1,0,1,0,4,0,0,0,0,0,0,0,1,0,0,0,0,0,0,0,0,0,0,0,0,0,0,0,0,0,0,0,0,1,0,0,0,1,0,0,0,0,0,93162.578125,90000.0
2562,0,3,0,1,0.0,3.0,1,1,1,1,0,2,1,0,0,0,0,0,0,0,0,0,0,0,0,0,0,1,0,0,0,0,0,0,0,0,0,0,0,0,1,0,0,0,1,0,0,0,0,0,713.6221923828125,575.0
2496,1,6,0,1,0.0,1.0,2,1,1,1,1,5,0,0,0,0,0,0,0,0,0,0,0,0,1,0,0,0,0,1,1,0,0,0,0,0,0,0,0,0,1,0,0,0,1,0,0,0,0,0,139440.421875,115000.0
1201,0,3,4,1,0.0,2.0,4,1,1,1,1,2,0,0,0,0,1,1,0,0,0,1,0,0,1,0,1,0,0,0,0,0,0,0,1,0,0,0,0,1,1,0,0,0,0,0,1,0,0,0,738.4588623046875,1100.0
1186,1,2,2,1,0.0,3.0,4,2,1,2,1,6,1,0,0,1,0,0,1,0,0,0,0,0,0,0,1,0,1,1,0,0,0,0,1,0,0,0,1,0,1,0,0,0,0,0,0,0,0,1,677180.25,670000.0
1181,0,3,2,1,0.0,4.0,3,1,1,1,1,1,1,0,0,1,1,0,0,0,0,0,0,0,1,0,1,0,1,0,0,0,0,0,0,1,0,0,0,1,1,0,0,1,0,0,0,0,0,0,1307.6990966796875,1000.0
1183,1,2,3,1,0.0,0.0,2,1,1,1,1,2,0,0,0,0,0,0,0,0,0,0,0,1,0,1,0,0,1,0,0,0,1,0,0,0,1,1,0,1,1,0,0,0,0,0,0,0,0,0,410624.84375,500000.0
1191,0,3,3,1,0.0,2.0,5,1,1,1,1,5,0,0,0,1,0,0,1,0,0,0,0,0,1,0,1,0,1,0,0,0,0,0,1,0,0,0,0,1,1,0,0,0,1,0,0,0,0,0,1742.5135498046875,1700.0
1197,1,2,2,1,0.0,2.0,3,1,0,0,1,3,1,1,0,0,0,0,0,1,0,0,0,0,1,0,1,1,0,0,0,0,1,0,0,0,0,0,0,1,1,0,0,1,0,0,0,0,0,0,265438.28125,265000.0
1178,0,3,2,1,0.0,1.0,3,1,1,1,1,2,1,0,0,0,0,0,1,0,0,0,0,0,1,0,1,0,0,1,0,0,0,0,1,0,0,0,0,1,1,0,0,1,0,0,0,0,0,0,1107.8455810546875,1200.0
2924,0,3,0,1,0.0,4.0,2,1,0,1,1,0,0,0,0,0,0,0,0,1,0,0,0,0,1,0,0,0,0,0,0,0,0,0,0,0,0,0,0,0,0,0,0,0,1,0,0,0,0,0,691.1776123046875,650.0
2475,1,7,0,1,3.0,1.0,2,1,1,1,1,4,1,0,0,1,0,0,0,0,0,0,0,0,0,0,0,0,1,1,0,0,0,0,0,1,0,0,0,1,0,0,0,1,0,0,0,0,0,0,124014.8984375,125000.0
3550,1,7,2,1,0.0,0.0,3,1,0,1,1,6,0,0,0,1,1,0,0,0,0,0,0,0,1,0,1,0,0,0,0,0,0,0,0,0,0,0,0,0,0,0,0,0,1,0,0,0,0,0,210786.015625,210000.0
3542,0,3,2,1,0.0,3.0,2,1,2,1,1,1,0,0,0,1,0,0,0,0,0,1,0,0,0,0,1,0,1,1,0,0,1,0,0,0,0,0,0,1,0,0,0,1,0,0,0,0,0,0,1088.0994873046875,850.0
5548,1,2,2,1,0.0,0.0,3,2,0,3,0,1,0,0,0,0,0,0,0,0,0,0,0,0,0,1,0,0,0,0,0,0,0,1,0,0,0,0,0,0,0,0,1,0,0,0,0,0,0,0,387600.8125,459000.0
3427,0,3,2,1,0.0,2.0,2,1,0,1,0,2,1,0,0,0,0,0,0,0,0,0,0,0,0,1,0,0,0,0,0,0,0,0,1,0,0,0,0,1,0,0,1,0,0,0,0,0,0,0,1493.1346435546875,1500.0
133,1,6,4,1,0.0,3.0,4,1,1,2,1,8,0,0,0,1,1,0,1,0,0,0,0,0,1,0,0,1,0,1,0,0,0,0,1,0,0,0,0,0,1,0,0,0,0,0,1,0,0,0,344766.125,430000.0
126,0,3,1,1,0.0,2.0,2,1,0,2,1,5,1,0,0,0,0,0,1,0,0,0,0,0,1,0,0,0,1,0,0,0,0,0,1,0,0,0,0,0,1,0,0,0,1,0,0,0,0,0,737.2283935546875,775.0
961,0,3,1,1,0.0,2.0,2,1,0,1,1,5,0,0,0,0,0,0,0,0,0,0,0,0,1,0,0,1,0,0,0,0,0,0,1,0,0,0,0,0,1,0,0,0,1,0,0,0,0,0,593.4862060546875,670.0
137,1,4,1,1,0.0,3.0,2,1,0,1,1,4,1,0,0,0,0,0,0,1,0,0,0,0,1,0,0,1,0,0,1,0,0,0,1,0,0,0,0,1,1,0,0,0,0,0,1,0,0,0,156627.640625,155000.0
127,0,3,4,1,0.0,2.0,4,1,1,2,1,4,0,0,0,1,1,0,0,0,0,0,0,0,1,0,0,1,0,0,0,0,0,0,1,0,0,0,0,0,1,0,0,0,1,0,0,0,0,0,1383.9080810546875,1200.0
5038,0,3,1,1,0.0,1.0,2,1,1,2,1,4,1,0,0,0,0,0,1,0,0,0,0,1,0,0,0,0,0,0,0,0,0,0,1,0,0,0,0,0,0,0,0,0,1,0,0,0,0,0,758.5174560546875,675.0
2523,0,3,1,1,0.0,9.0,3,1,1,1,1,3,0,0,0,1,0,0,1,0,0,0,0,0,1,0,0,1,0,0,0,0,0,0,0,0,0,0,0,0,1,0,0,0,1,0,0,0,0,0,893.1424560546875,750.0
3984,0,3,1,1,0.0,2.0,1,1,0,1,0,2,0,0,0,0,0,0,0,0,0,0,0,0,0,1,0,0,0,0,0,0,1,0,0,0,0,0,0,0,1,0,0,1,1,0,0,0,0,0,658.7010498046875,725.0
2627,0,3,1,1,0.0,0.0,2,1,0,1,0,1,1,1,0,0,0,0,0,0,0,1,0,0,0,0,0,0,0,0,0,0,0,0,0,0,0,0,0,0,0,0,1,0,0,1,0,0,0,0,1877.9344482421875,900.0
2627,0,3,1,1,0.0,2.0,2,1,0,1,0,1,0,1,0,0,0,0,0,0,0,0,0,0,0,1,0,0,0,0,0,0,0,0,0,0,0,0,0,0,0,0,1,0,0,1,0,0,0,0,0.0,900.0
2619,1,4,4,1,0.0,3.0,3,1,0,1,1,8,0,0,0,1,1,0,1,0,0,0,0,0,0,0,1,0,0,1,0,1,0,0,0,0,0,0,0,1,0,0,0,1,1,0,0,0,0,0,355083.9375,440000.0
2643,1,7,2,4,0.0,4.0,3,1,0,0,1,2,0,0,0,1,1,0,1,0,0,0,0,0,0,0,1,0,0,1,1,0,0,0,1,0,0,0,0,0,1,0,0,1,1,0,0,0,0,0,268160.5,270000.0
1502,0,3,3,1,0.0,3.0,3,1,1,1,0,0,1,0,0,0,0,0,1,0,0,0,1,0,1,0,0,0,0,0,0,0,0,0,0,0,0,0,0,0,0,0,0,0,1,0,0,0,0,0,0.0,1400.0
3988,1,2,2,1,0.0,0.0,2,1,0,1,0,3,0,0,0,1,0,0,1,1,0,0,0,0,1,0,1,0,0,1,0,0,0,0,0,0,0,0,0,0,1,0,0,1,1,0,0,0,0,0,267725.0625,270000.0
3988,0,3,2,1,0.0,4.0,2,1,0,1,0,3,0,0,0,1,0,0,1,1,0,0,0,0,1,0,1,0,0,1,0,0,0,0,0,0,0,0,0,0,1,0,0,1,1,0,0,0,0,0,1062.0721435546875,900.0
2650,0,3,0,1,0.0,4.0,1,1,0,0,1,0,1,0,0,0,0,0,0,0,0,0,0,0,0,1,0,0,0,0,0,0,0,0,1,0,0,0,0,0,0,0,1,0,0,1,0,0,0,0,541.0213623046875,650.0
2651,0,3,2,1,0.0,1.0,2,0,0,1,1,0,1,0,0,0,0,0,1,0,0,0,0,1,0,0,0,0,0,0,0,0,0,0,1,0,0,0,0,1,0,0,0,1,1,0,0,0,0,0,1243.0252685546875,800.0
4994,1,2,5,1,0.0,0.0,4,1,1,2,1,5,0,0,0,1,0,0,1,0,0,0,0,0,1,0,1,0,1,0,0,0,0,0,0,0,0,0,0,0,1,0,0,0,1,0,0,0,0,0,467399.25,335000.0
4889,1,7,2,1,0.0,2.0,2,1,1,1,1,3,0,0,0,1,1,0,0,0,0,0,0,0,0,0,1,0,1,1,0,0,0,0,0,0,0,0,0,0,1,0,0,0,1,0,0,0,0,0,161328.671875,170000.0
4986,0,3,4,1,0.0,1.0,4,1,1,2,1,6,0,0,0,1,1,0,0,0,0,0,0,0,0,0,0,0,0,0,1,0,0,0,0,0,0,0,0,0,1,0,0,0,1,0,0,0,0,0,1239.8846435546875,975.0
4926,0,3,2,1,0.0,1.0,3,1,0,1,1,6,0,0,0,0,0,0,0,1,0,0,0,0,1,0,1,0,1,0,0,0,0,0,0,0,0,0,0,0,0,0,0,1,1,0,0,0,0,0,0.0,1150.0
5003,1,7,3,1,0.0,0.0,4,1,1,1,1,6,0,0,0,1,1,0,1,0,0,0,0,0,1,0,1,0,1,0,0,0,0,0,0,0,0,0,0,0,1,0,0,0,1,0,0,0,0,0,248425.953125,245000.0
4930,1,7,2,1,0.0,1.0,3,1,1,3,1,5,0,0,0,1,1,0,1,0,0,0,0,0,0,0,1,0,1,0,1,0,0,0,0,0,0,0,0,0,1,0,0,0,1,0,0,0,0,0,243637.71875,245000.0
4792,1,7,1,1,0.0,0.0,3,1,1,2,1,5,0,0,0,1,0,0,1,0,0,1,0,0,1,0,1,0,1,0,0,0,0,0,0,0,0,0,0,0,1,0,0,0,1,0,0,0,0,0,311576.8125,170000.0
4955,1,7,4,1,0.0,1.0,3,1,1,1,1,6,0,0,0,1,1,0,1,0,0,0,0,0,0,0,1,0,0,1,0,1,0,0,0,0,0,0,0,1,1,0,0,0,0,0,1,0,0,0,476014.5625,300000.0
4908,1,2,1,1,0.0,4.0,2,1,1,1,1,1,0,0,0,0,0,0,0,1,0,0,0,0,1,0,1,0,1,0,0,0,0,0,0,0,0,0,0,0,1,0,0,1,1,0,0,0,0,0,200936.953125,200000.0
4890,1,7,2,1,0.0,0.0,4,1,1,1,1,5,0,0,0,1,0,0,1,0,0,1,0,0,0,0,1,0,1,1,0,0,0,0,0,0,0,0,0,0,1,0,0,0,1,0,0,0,0,0,265791.0,240000.0
5068,1,2,5,1,0.0,1.0,5,1,1,1,1,10,0,0,0,1,1,0,1,0,0,0,0,0,1,0,1,0,0,1,0,0,0,0,0,0,0,0,0,0,1,0,0,0,1,0,0,0,0,0,564530.125,550000.0
4929,0,3,2,1,0.0,6.0,3,1,1,2,1,4,0,0,0,1,0,0,1,0,0,1,0,0,1,0,0,0,1,1,0,0,0,0,0,0,0,0,0,0,1,0,0,0,1,0,0,0,0,0,984.7030029296875,940.0
4802,1,7,2,1,0.0,1.0,3,1,1,1,1,5,0,0,0,1,0,0,1,0,0,0,0,0,1,0,1,0,0,1,0,0,0,0,0,0,0,0,0,0,1,0,0,0,1,0,0,0,0,0,211750.6875,200000.0
5001,1,7,4,1,0.0,2.0,3,1,1,1,1,7,0,0,0,1,1,0,1,0,0,0,0,0,1,0,1,0,0,1,0,0,0,0,0,0,1,0,0,1,1,0,0,0,0,0,1,0,0,0,249255.671875,280000.0
4793,1,7,1,1,0.0,2.0,3,1,1,1,1,5,0,0,0,1,1,0,1,0,0,0,0,0,1,0,1,0,1,0,0,0,0,0,0,0,0,0,0,0,1,0,0,0,1,0,0,0,0,0,190346.109375,190000.0
5068,1,2,5,1,0.0,0.0,4,1,1,2,1,6,0,0,0,1,1,0,1,0,0,0,0,0,0,0,1,0,1,1,0,0,0,0,0,0,0,0,0,0,1,0,0,0,1,0,0,0,0,0,557803.9375,550000.0
4758,1,7,3,1,0.0,1.0,4,1,1,1,1,6,0,0,0,0,0,0,0,1,0,0,0,0,1,0,1,0,0,0,0,0,0,0,0,0,0,0,0,0,1,0,0,0,1,0,0,0,0,0,345845.625,275000.0
4754,1,7,1,1,0.0,1.0,2,1,1,1,1,1,0,0,0,0,0,0,1,0,0,0,0,0,1,0,0,0,0,0,0,0,0,0,0,0,0,0,0,0,0,0,0,0,1,0,0,0,0,0,151607.25,160000.0
4793,0,3,1,1,0.0,1.0,3,1,1,1,1,5,0,0,0,1,1,0,1,0,0,0,0,0,1,0,1,0,1,0,0,0,0,0,0,0,0,0,0,0,1,0,0,0,1,0,0,0,0,0,927.4100341796875,725.0
4878,1,7,1,1,0.0,2.0,3,1,1,1,1,6,0,0,0,1,1,0,1,0,0,0,0,0,1,0,0,1,1,0,0,0,0,0,0,0,0,0,0,0,1,0,0,1,1,0,0,0,0,0,222354.5,220000.0
4898,1,7,1,1,0.0,2.0,2,1,1,0,2,2,0,0,0,1,0,0,1,0,0,0,0,0,1,0,0,0,1,0,0,0,0,0,0,0,0,0,0,0,1,0,0,0,1,0,0,0,0,0,176981.359375,177500.0
916,1,2,0,3,0.0,0.0,3,1,1,1,1,4,0,0,0,0,0,0,1,0,0,0,0,0,1,0,0,1,0,0,0,0,0,0,0,0,0,0,0,0,0,0,0,0,1,0,0,0,0,0,71554.9921875,90000.0
905,1,7,3,1,0.0,0.0,3,1,0,1,1,5,0,0,0,1,1,0,0,0,0,0,0,0,0,0,1,1,1,0,0,0,1,0,0,0,0,0,0,0,0,0,0,0,1,0,0,0,0,0,245575.796875,240000.0
905,1,7,3,1,0.0,2.0,3,1,0,1,1,5,0,0,0,1,1,0,0,0,0,0,0,0,0,0,1,1,1,0,0,0,1,0,0,0,0,0,0,0,0,0,0,0,1,0,0,0,0,0,242103.609375,240000.0
900,1,7,2,1,0.0,2.0,3,1,1,1,1,8,0,0,0,1,1,0,0,0,0,0,0,0,1,0,0,0,0,0,0,0,0,0,0,0,0,0,0,1,0,0,0,0,0,0,1,0,0,0,215315.984375,220000.0
901,1,7,2,3,0.0,2.0,2,1,1,1,0,3,0,0,0,1,1,0,0,0,0,0,0,0,0,0,0,1,0,0,1,0,0,0,0,0,0,0,0,1,0,0,0,1,0,0,0,0,0,0,215431.453125,157000.0
61,0,3,1,1,0.0,1.0,2,1,0,1,1,1,1,0,0,0,0,0,1,0,0,1,0,0,0,0,0,0,0,0,0,0,0,0,0,0,0,0,0,1,1,0,1,0,0,0,0,0,0,0,1058.4744873046875,625.0
59,0,3,2,1,0.0,1.0,2,1,1,1,1,6,0,0,0,1,1,0,1,0,0,0,0,0,1,0,0,1,0,1,0,0,0,0,0,0,0,0,0,1,1,0,0,0,0,0,1,0,0,0,308.9002990722656,750.0
153,0,3,1,1,0.0,2.0,2,1,0,1,1,4,0,0,0,0,0,0,0,1,0,0,0,0,0,0,0,0,0,0,0,1,0,0,1,0,0,0,0,0,1,0,0,0,1,0,0,0,0,0,793.4627685546875,600.0
180,1,4,4,3,0.0,0.0,3,1,1,1,1,14,0,0,0,1,0,0,0,0,0,0,0,0,0,0,0,1,1,1,0,0,0,0,1,0,0,0,0,0,1,0,0,0,1,0,0,0,0,0,289553.78125,285000.0
182,1,2,1,3,0.0,2.0,3,1,0,1,1,9,0,0,0,0,0,0,0,1,0,0,0,0,0,0,0,1,0,0,1,1,0,0,1,0,0,0,0,0,1,0,0,0,1,0,0,0,0,0,144898.78125,145000.0
153,1,2,1,1,0.0,1.0,2,1,1,2,1,5,0,0,0,0,0,0,0,1,0,0,0,0,1,0,0,0,0,0,0,1,0,0,1,0,0,0,0,0,1,0,0,0,1,0,0,0,0,0,163801.1875,165000.0
185,0,3,1,1,0.0,3.0,2,1,2,1,1,2,0,0,1,0,0,1,1,0,0,0,0,0,0,1,0,0,0,0,0,0,0,1,0,0,0,0,0,0,1,0,0,0,1,0,0,0,0,0,375.8534240722656,650.0
170,1,6,4,1,15.0,2.0,7,2,3,3,3,14,0,0,0,1,1,1,0,0,0,0,0,0,0,0,1,1,0,0,0,1,1,0,0,0,0,0,0,0,1,0,0,0,0,0,1,0,0,0,910568.8125,900000.0
174,1,6,3,1,0.0,1.0,5,1,0,1,1,15,0,0,0,1,1,0,1,0,0,0,0,0,0,0,0,1,0,1,1,0,0,0,1,0,0,0,0,0,1,0,0,0,1,0,0,0,0,0,361691.5,350000.0
138,0,3,2,1,0.0,1.0,3,1,0,1,1,6,0,0,0,0,0,0,0,1,0,0,0,0,0,0,0,1,0,0,0,0,0,0,1,0,0,0,0,0,1,0,0,0,1,0,0,0,0,0,710.1580810546875,770.0
192,0,3,1,1,0.0,1.0,2,1,1,1,1,2,0,1,0,0,0,0,1,0,0,0,0,0,0,1,0,0,0,0,0,0,1,0,0,0,0,1,0,0,1,0,1,0,0,0,0,0,0,0,1131.5535888671875,825.0
167,1,2,2,3,0.0,1.0,2,1,0,2,1,10,0,0,0,1,1,0,0,0,0,0,0,0,0,0,0,1,0,1,1,0,0,0,1,0,0,0,0,0,1,0,0,0,1,0,0,0,0,0,188581.203125,186000.0
192,0,3,1,1,0.0,1.0,2,1,0,1,1,3,1,0,0,0,0,0,1,0,0,0,0,0,0,0,0,0,0,0,0,0,1,0,0,0,0,0,0,0,1,0,1,0,0,0,0,0,0,0,645.5955810546875,825.0
156,1,6,2,1,0.0,4.0,3,1,1,1,1,10,0,0,0,1,1,0,0,0,0,0,0,0,0,0,0,1,0,1,1,0,1,0,0,0,0,0,0,0,1,0,0,0,1,0,0,0,0,0,251803.453125,250000.0
4367,1,2,0,3,0.0,8.0,3,1,0,1,1,6,0,0,0,1,0,0,1,0,0,1,0,0,0,0,0,1,0,0,1,0,0,0,0,0,0,0,0,0,1,0,0,0,1,0,0,0,0,0,217960.65625,220000.0
5510,0,3,5,1,0.0,0.0,5,1,0,2,1,8,0,0,0,1,1,0,1,0,0,0,0,0,1,0,1,1,0,0,0,0,0,0,1,0,0,0,0,0,0,0,0,0,1,0,0,0,0,0,1937.8592529296875,1850.0
5456,1,6,3,1,0.0,4.0,4,1,0,2,1,1,0,0,0,1,1,0,1,0,0,0,0,0,1,0,0,1,0,0,0,0,0,0,1,0,0,0,0,0,0,0,0,0,1,0,0,0,0,0,288883.5,325000.0
5458,0,3,0,1,0.0,8.0,1,1,0,1,1,0,1,0,0,0,0,0,1,0,0,0,0,0,0,1,0,0,0,0,0,0,0,0,1,0,0,0,0,1,0,0,1,0,0,0,0,0,0,0,747.5291748046875,550.0
2810,1,4,2,3,0.0,5.0,3,1,0,1,1,5,0,0,0,1,1,0,1,0,0,0,0,0,1,0,0,1,0,0,1,0,0,0,1,0,0,0,0,0,1,0,0,1,1,0,0,0,0,0,252569.609375,250000.0
2841,1,4,3,1,0.0,4.0,3,1,1,1,0,7,0,0,0,1,1,0,1,0,0,0,0,0,1,0,0,0,1,0,1,0,0,0,1,0,0,0,0,0,1,0,0,1,1,0,0,0,0,0,313136.25,315000.0
2857,1,4,1,1,0.0,0.0,2,1,0,1,1,4,0,0,0,1,0,0,1,0,0,0,0,0,1,0,0,0,0,1,1,0,0,0,1,0,0,0,0,0,1,0,0,1,1,0,0,0,0,0,254549.203125,250000.0
2908,1,4,1,1,0.0,0.0,2,1,1,1,0,4,1,0,1,0,0,0,1,0,0,0,0,0,0,0,0,1,0,0,0,0,0,0,1,0,0,0,0,0,1,0,0,1,1,0,0,0,0,0,210858.359375,200000.0
1329,1,7,0,1,0.0,0.0,2,1,1,1,1,2,0,0,0,0,0,0,1,0,0,1,1,0,0,0,0,0,0,0,0,0,0,0,0,0,0,0,0,0,1,0,0,0,1,0,0,0,0,0,181251.53125,180000.0
1332,1,4,1,3,0.0,1.0,3,1,1,0,1,3,0,0,0,0,0,0,0,1,0,0,0,0,1,0,0,0,1,0,0,0,0,0,0,0,0,0,0,0,1,0,0,0,1,0,0,0,0,0,201121.578125,200000.0
4614,1,4,1,1,0.0,1.0,3,1,1,1,0,5,0,0,0,1,0,0,1,0,0,0,0,0,1,0,0,1,1,0,0,0,1,0,1,0,0,0,0,0,0,0,0,0,1,0,0,0,0,0,191536.3125,140000.0
4484,0,3,0,1,0.0,1.0,2,1,0,1,1,2,0,0,0,0,0,0,0,1,0,0,1,0,1,0,1,0,0,0,1,0,1,0,0,0,0,0,0,0,1,0,0,1,1,0,0,0,0,0,243.85928344726562,450.0
4597,0,3,0,1,0.0,2.0,2,1,0,1,1,2,0,0,0,0,0,0,0,0,0,0,0,0,0,0,0,0,0,0,0,0,0,0,1,0,0,0,0,0,1,0,0,0,1,0,0,0,0,0,552.7215576171875,410.0
4724,0,3,2,1,0.0,4.0,3,1,0,1,1,3,0,0,0,1,0,0,1,1,0,0,0,0,1,0,0,1,1,0,0,0,0,0,1,0,0,0,0,0,1,0,0,0,1,0,0,0,0,0,658.1697998046875,645.0
4624,0,3,0,1,0.0,3.0,1,1,1,1,1,2,1,0,0,0,0,0,1,0,0,0,0,1,1,0,0,0,1,0,1,0,1,0,0,0,0,0,0,0,1,0,1,0,0,1,0,0,0,0,426.7294006347656,440.0
4664,1,2,0,4,0.0,0.0,2,1,0,2,2,2,0,0,0,1,0,1,1,0,0,0,0,0,1,0,0,1,0,0,1,0,1,0,1,0,0,0,0,0,0,0,0,0,1,0,0,0,0,0,131120.65625,60000.0
4713,0,3,0,1,0.0,1.0,2,1,0,1,1,1,0,0,0,0,0,0,0,1,0,0,0,0,0,0,0,0,0,0,0,1,0,0,1,0,0,0,0,0,1,0,1,0,0,0,0,0,0,0,290.3983459472656,450.0
4490,0,3,0,1,0.0,4.0,1,1,0,2,1,1,0,0,0,0,0,0,0,1,0,0,0,0,1,0,0,0,1,0,1,0,0,0,0,0,0,0,0,0,1,0,0,0,1,0,0,0,0,0,472.8006896972656,450.0
4572,0,3,1,1,0.0,2.0,3,1,0,1,1,2,1,0,1,0,0,0,0,0,0,0,0,1,0,0,1,1,1,0,0,0,0,0,1,0,0,0,0,0,1,0,0,0,1,0,0,0,0,0,0.0,560.0
4632,1,4,2,4,0.0,2.0,2,1,0,1,1,4,0,0,0,1,1,0,1,0,0,0,0,0,1,0,0,1,1,0,0,0,0,0,1,0,0,0,0,0,1,0,0,0,1,0,0,0,0,0,149089.15625,150000.0
4508,0,3,0,1,0.0,1.0,2,1,1,1,1,3,0,0,0,0,0,0,0,1,0,0,0,0,1,0,0,0,1,0,1,0,0,0,1,0,0,0,0,0,0,0,0,0,1,0,0,0,0,0,637.1834716796875,460.0
4620,0,3,0,1,0.0,2.0,2,1,0,1,1,1,0,0,0,0,0,0,0,1,0,0,0,0,1,0,1,0,1,0,0,0,1,0,0,0,0,0,0,0,1,0,0,0,1,0,0,0,0,0,634.1678466796875,460.0
4593,1,4,4,4,0.0,2.0,4,1,2,1,2,6,0,0,0,1,1,0,1,0,0,0,0,0,1,0,0,1,1,0,0,0,0,0,1,0,0,0,0,0,0,0,0,0,1,0,0,0,0,0,578600.5,280000.0
4635,0,3,0,1,0.0,2.0,2,1,1,1,1,1,0,0,0,0,0,0,0,1,0,0,0,0,1,0,1,0,1,0,0,0,0,0,1,0,0,0,0,0,1,0,0,0,1,0,0,0,0,0,622.3729248046875,525.0
4637,1,7,0,3,0.0,2.0,2,1,1,1,1,2,0,0,0,0,0,0,0,1,0,0,0,0,1,0,1,0,1,0,0,0,1,0,1,0,0,0,0,0,0,0,1,1,0,0,0,0,0,0,84815.3125,86500.0
4696,0,3,0,1,0.0,2.0,2,1,1,1,1,1,0,0,0,0,0,0,0,1,0,0,0,0,1,0,1,0,1,0,0,0,1,0,1,0,0,0,0,0,1,0,0,0,1,0,0,0,0,0,593.5194091796875,475.0
4674,0,3,2,1,0.0,1.0,3,1,1,2,1,2,0,0,0,0,1,0,1,0,0,0,0,1,1,0,1,0,1,0,0,0,0,0,1,0,0,0,0,0,1,0,0,0,1,0,0,0,0,0,570.9393310546875,625.0
4640,0,3,0,1,0.0,1.0,1,1,1,1,0,0,0,0,0,0,0,0,0,0,0,0,0,0,1,1,0,0,0,0,1,0,0,0,1,0,0,0,0,0,1,0,1,0,0,0,0,0,0,0,775.9530029296875,434.0
4551,0,3,1,1,0.0,1.0,2,1,0,1,1,1,1,0,0,0,0,0,1,0,0,0,0,0,0,1,0,0,0,0,0,0,0,0,1,0,0,0,0,0,1,0,0,0,1,0,0,0,0,0,830.8182373046875,525.0
4705,0,3,1,1,0.0,3.0,3,1,1,1,1,2,0,0,0,0,0,0,0,1,0,0,0,0,1,0,0,0,1,0,1,0,1,0,1,0,0,0,0,0,1,0,0,0,1,0,0,0,0,0,709.3221435546875,540.0
4698,1,4,1,1,0.0,1.0,3,1,1,1,1,5,0,0,0,1,0,0,1,0,0,0,0,0,1,0,0,1,1,0,0,0,0,0,1,0,0,0,0,0,1,0,0,0,1,0,0,0,0,0,132083.109375,125000.0
4625,0,3,0,1,0.0,3.0,2,1,1,1,1,2,0,0,0,0,0,0,0,1,0,0,0,0,1,0,1,0,1,0,0,0,0,0,1,0,0,0,0,0,1,0,0,0,1,0,0,0,0,0,575.8963623046875,475.0
4605,1,7,0,3,0.0,7.0,2,1,1,2,1,5,0,0,0,1,0,0,1,0,0,0,0,0,1,0,1,0,1,0,0,0,1,0,1,0,0,0,0,0,1,0,0,0,1,0,0,0,0,0,84157.4765625,110000.0
4660,0,3,0,1,0.0,4.0,2,1,0,1,1,3,0,0,0,0,0,0,0,1,0,0,0,0,1,0,0,0,1,1,0,0,0,0,1,0,0,0,0,0,1,0,0,0,1,0,0,0,0,0,573.5184326171875,430.0
4510,1,4,4,1,0.0,1.0,3,1,1,1,1,9,0,0,0,1,1,0,1,0,0,0,0,0,1,0,1,0,1,0,0,0,1,0,1,0,0,0,0,0,1,0,0,0,1,0,0,0,0,0,245487.046875,240000.0
4648,0,3,0,1,0.0,1.0,3,1,0,1,1,4,0,0,0,0,0,0,0,0,0,0,0,0,1,0,0,1,1,0,0,0,1,0,1,0,0,0,0,0,0,0,0,0,1,0,0,0,0,0,514.7713623046875,550.0
4630,0,3,0,1,0.0,1.0,2,1,1,1,1,4,0,0,0,1,0,0,1,0,0,0,0,0,1,0,1,0,1,0,0,0,1,0,1,0,0,0,0,0,0,0,0,0,1,0,0,0,0,0,397.3963928222656,575.0
4723,0,3,3,1,0.0,0.0,3,1,1,1,1,3,0,0,0,1,0,0,1,0,0,0,0,0,1,0,1,0,1,0,0,0,1,0,1,0,0,0,0,0,1,0,0,0,1,0,0,0,0,0,874.9393310546875,750.0
4552,0,3,0,1,0.0,2.0,2,1,0,1,1,0,1,0,0,0,0,0,1,0,0,0,0,1,0,1,0,0,0,0,0,0,0,0,1,0,0,0,0,0,1,0,0,0,1,0,0,0,0,0,610.3480224609375,470.0
4621,0,3,0,1,0.0,3.0,1,1,0,1,1,1,0,0,0,0,0,0,0,1,0,0,0,0,1,0,0,0,1,0,0,0,0,0,0,0,0,0,0,0,0,0,1,0,0,1,0,0,0,0,489.7381896972656,450.0
4558,0,3,1,1,0.0,1.0,2,1,0,1,1,1,0,0,0,1,0,0,1,0,0,0,0,0,1,0,1,0,1,0,0,0,0,0,1,1,0,0,0,0,1,0,0,1,1,0,0,0,0,0,486.6044006347656,560.0
4578,0,3,2,1,0.0,1.0,4,1,1,2,1,1,0,0,0,1,0,0,0,0,0,0,0,0,1,0,0,0,0,0,0,0,1,0,0,0,0,0,0,0,0,0,0,1,0,0,0,0,0,0,695.3026123046875,700.0
4644,0,3,0,3,0.0,2.0,2,1,1,1,0,1,0,0,0,0,0,0,0,1,0,0,0,0,1,0,1,0,0,0,1,0,1,0,1,0,0,0,0,0,1,0,0,0,1,0,0,0,0,0,532.2088623046875,500.0
4489,1,7,1,1,0.0,5.0,3,1,0,1,1,5,0,0,0,1,0,0,1,0,0,0,0,0,1,0,1,0,0,0,1,0,1,0,1,0,0,0,0,0,1,0,0,0,1,0,0,0,0,0,140989.15625,140000.0
4665,0,3,0,1,0.0,1.0,2,1,1,1,1,3,0,0,0,0,0,0,0,1,0,0,0,0,1,0,0,0,1,0,0,0,1,0,0,0,0,0,0,0,1,0,0,0,1,0,0,0,0,0,554.0057373046875,440.0
4687,1,2,3,4,0.0,0.0,3,1,1,1,0,2,0,0,0,1,0,0,1,0,0,0,0,0,1,0,0,1,1,0,0,0,0,0,1,0,0,0,0,0,0,0,0,0,1,0,0,0,0,0,162092.390625,165000.0
4526,0,3,0,1,0.0,0.0,3,1,0,1,1,1,0,0,0,0,0,0,0,1,0,0,0,0,1,0,1,0,0,0,1,0,0,0,1,0,0,0,0,0,1,0,0,0,1,0,0,0,0,0,535.9578857421875,510.0
4707,0,3,0,1,0.0,0.0,1,1,0,1,0,1,0,0,0,1,0,0,1,0,0,0,0,0,1,0,0,0,0,0,1,0,0,0,1,0,0,0,0,0,1,0,0,0,1,0,0,0,0,0,632.0604248046875,425.0
4492,0,3,0,1,0.0,5.0,2,1,1,1,1,4,0,0,0,1,0,0,1,0,0,1,0,0,0,0,0,1,1,0,1,0,0,0,1,0,0,0,0,0,1,0,0,1,1,0,0,0,0,0,101.87393188476562,570.0
4601,1,4,4,1,0.0,1.0,3,1,1,2,1,9,0,0,0,1,0,0,1,0,0,1,0,0,1,0,0,0,0,1,1,0,1,0,1,0,0,0,0,0,1,0,0,0,1,0,0,0,0,0,270472.09375,260000.0
4703,0,3,0,1,0.0,1.0,1,1,0,1,1,0,0,0,0,0,0,0,0,1,0,0,0,0,0,0,0,0,0,0,0,0,1,0,0,0,0,0,0,0,1,0,1,0,0,0,0,0,0,0,396.3065490722656,385.0
4524,0,3,0,1,0.0,3.0,2,1,1,0,1,3,0,0,0,0,0,0,0,1,0,0,0,0,0,0,0,0,1,0,1,0,1,0,1,0,0,0,0,0,1,0,0,0,1,0,0,0,0,0,581.9666748046875,475.0
4666,0,3,1,1,0.0,1.0,2,1,0,2,1,3,0,0,0,1,0,0,1,0,0,1,0,0,1,0,0,0,1,0,0,1,0,0,1,0,0,0,0,0,1,0,0,0,1,0,0,0,0,0,215.94131469726562,525.0
4548,0,3,0,1,0.0,0.0,3,1,0,1,0,3,0,0,0,0,0,0,0,1,0,0,0,0,1,0,0,1,0,0,0,0,0,0,1,0,0,0,0,0,0,0,0,0,1,0,0,0,0,0,718.9530029296875,495.0
4626,0,3,0,1,0.0,2.0,2,1,1,1,1,1,0,0,0,0,0,0,0,1,0,0,0,0,1,0,0,0,1,0,1,0,0,0,1,0,0,0,0,0,1,0,0,0,1,0,0,0,0,0,519.3416748046875,475.0
4721,0,3,2,1,0.0,2.0,3,1,1,1,1,4,0,0,0,1,1,0,1,0,0,0,0,0,1,0,1,1,0,0,0,0,1,0,0,0,0,0,0,0,1,0,0,0,0,0,1,0,0,0,652.4354248046875,650.0
4591,0,3,0,1,0.0,1.0,3,1,1,1,1,4,0,0,0,0,0,0,1,0,0,0,1,0,1,0,0,0,1,0,1,0,1,0,1,0,0,0,0,0,1,0,0,0,1,0,0,0,0,0,199.31436157226562,600.0
4606,1,4,1,1,0.0,1.0,3,1,1,1,1,3,0,0,0,1,0,0,0,1,0,1,0,0,1,0,0,0,1,0,0,1,1,0,1,0,0,0,0,0,1,0,0,0,1,0,0,0,0,0,151186.21875,150000.0
4649,0,3,0,1,0.0,0.0,2,1,1,1,1,0,0,0,0,1,0,0,1,0,0,0,0,0,0,0,0,0,0,0,0,0,0,0,1,0,0,0,0,0,1,0,0,0,1,0,0,0,0,0,386.9608459472656,385.0
4652,0,3,0,1,0.0,1.0,1,1,0,1,1,1,0,0,0,0,0,0,0,0,0,0,0,0,0,0,0,0,0,0,0,0,0,0,1,0,0,0,0,0,1,0,1,0,0,0,0,0,0,0,535.5955810546875,375.0
4694,0,3,0,1,0.0,1.0,2,1,1,0,0,3,0,0,0,1,0,0,1,0,0,0,0,0,1,0,0,0,1,0,1,0,1,0,1,0,0,0,0,0,1,0,0,0,1,0,0,0,0,0,403.0917053222656,430.0
4718,0,3,1,1,0.0,1.0,2,1,1,1,1,4,0,0,0,1,0,0,1,0,0,0,0,0,1,0,1,0,0,0,1,0,1,0,1,0,0,0,0,0,1,0,0,0,0,0,1,0,0,0,270.0565490722656,625.0
4640,0,3,0,1,0.0,1.0,1,1,1,1,0,1,0,0,0,0,0,0,0,1,0,0,0,0,0,0,0,0,0,0,0,0,0,0,1,0,0,0,0,0,1,0,1,0,0,0,0,0,0,0,581.3748779296875,380.0
4617,0,3,1,1,0.0,1.0,2,1,0,1,1,1,0,1,0,0,0,0,1,1,0,0,0,0,1,0,0,0,1,0,1,0,0,0,1,0,0,0,0,0,1,0,0,0,1,0,0,0,0,0,809.4803466796875,525.0
4538,1,7,0,1,5.0,1.0,2,1,1,1,1,3,0,0,0,0,0,0,0,1,1,0,0,0,1,0,1,0,0,1,0,0,1,0,1,0,0,0,0,0,1,0,0,0,1,0,0,0,0,0,162997.546875,160000.0
4602,1,4,2,1,0.0,0.0,3,1,1,2,1,6,0,0,0,1,0,0,1,0,0,0,0,0,1,0,0,0,1,0,1,0,1,0,1,0,0,0,0,0,1,0,0,0,1,0,0,0,0,0,190907.125,180000.0
4609,1,4,1,1,0.0,1.0,2,1,1,1,0,4,0,0,0,1,0,0,1,0,0,1,0,0,1,0,0,0,1,0,1,0,0,0,1,0,0,0,0,0,1,0,0,0,1,0,0,0,0,0,111712.2265625,110000.0
4535,1,4,0,1,0.0,1.0,2,1,1,1,1,3,0,0,0,0,0,0,0,1,0,0,0,0,0,0,0,1,1,0,0,0,0,0,1,0,0,0,0,0,1,0,0,0,1,0,0,0,0,0,141436.671875,125000.0
4506,0,3,0,1,0.0,1.0,2,1,1,1,1,2,0,0,0,0,1,0,0,1,0,0,0,0,1,0,0,0,1,0,0,0,0,0,1,0,0,0,0,0,1,0,0,0,1,0,0,0,0,0,659.7401123046875,450.0
5289,1,7,0,1,0.0,1.0,3,1,1,1,1,3,0,0,0,1,0,0,1,0,0,0,0,0,1,0,1,1,0,0,0,0,0,0,1,0,0,0,0,0,0,0,0,0,1,0,0,0,0,0,153360.546875,150000.0
5252,1,7,0,3,0.0,0.0,2,1,1,1,1,4,0,0,0,0,1,0,1,0,0,0,1,0,0,0,1,1,0,0,0,0,0,0,1,0,0,0,0,0,1,0,0,0,1,0,0,0,0,0,108730.3046875,110000.0
5307,1,7,0,1,0.0,1.0,2,1,1,1,1,2,1,0,0,0,0,0,1,0,0,0,0,0,0,1,0,0,0,0,0,0,0,0,1,0,0,0,0,0,1,0,0,0,1,0,0,0,0,0,145682.859375,112500.0
5250,1,7,2,1,0.0,1.0,3,1,1,0,1,5,0,0,0,1,1,0,1,0,0,0,0,0,0,0,1,0,1,0,1,0,1,0,0,0,0,0,0,0,1,0,0,0,1,0,0,0,0,0,174212.0,175000.0
5210,1,7,0,1,0.0,0.0,2,1,1,1,0,1,0,0,0,0,0,0,0,1,0,0,0,0,1,0,0,1,0,0,0,0,0,0,1,0,0,0,0,0,1,0,0,0,1,0,0,0,0,0,87074.6875,90000.0
5282,1,7,2,1,0.0,2.0,3,1,1,1,1,3,0,0,0,1,1,0,1,0,0,0,0,0,1,0,1,0,1,0,0,0,1,0,1,0,0,0,0,0,1,0,0,0,1,0,0,0,0,0,178068.6875,175000.0
5249,1,7,2,1,0.0,3.0,3,1,0,2,1,2,0,0,0,0,0,0,1,0,0,0,0,0,0,0,0,1,1,0,1,0,1,0,0,0,0,0,0,0,1,0,0,0,1,0,0,0,0,0,195300.09375,195000.0
5193,1,4,2,1,0.0,1.0,3,1,2,1,1,6,0,0,0,1,0,0,1,0,0,0,0,1,0,0,1,0,1,0,1,0,0,0,1,0,0,0,0,0,0,0,0,0,1,0,0,0,0,0,256694.578125,280000.0
5295,1,7,3,3,0.0,1.0,4,1,0,2,1,5,0,0,0,1,1,0,1,0,0,0,0,0,1,0,1,1,0,0,0,0,1,0,0,0,0,1,0,0,1,0,0,0,1,0,0,0,0,0,317033.1875,310000.0
5285,1,5,2,1,0.0,3.0,3,1,2,2,1,5,0,0,0,0,1,0,1,0,0,0,0,0,1,0,0,0,1,0,1,0,1,0,1,0,0,0,0,0,1,0,1,0,1,0,0,0,0,0,204315.796875,190000.0
3963,1,4,2,1,0.0,0.0,3,1,0,2,1,5,0,0,0,0,0,0,0,1,0,0,0,0,0,0,0,0,1,1,1,0,0,0,1,0,0,0,0,1,1,0,0,0,1,0,0,0,0,0,300576.28125,375000.0
757,1,4,1,1,0.0,2.0,1,1,0,1,0,2,0,0,0,0,0,0,0,0,0,0,0,0,0,0,0,0,0,0,0,0,0,0,0,0,0,0,0,0,1,0,1,0,0,0,0,0,0,0,159958.5,165000.0
721,1,2,2,1,0.0,2.0,2,1,0,0,0,3,0,0,0,0,0,0,1,0,0,0,0,0,0,0,0,0,0,0,1,0,0,0,0,0,0,0,0,0,1,0,0,0,1,0,0,0,0,0,199330.140625,250000.0
3969,0,3,2,1,0.0,1.0,2,1,0,1,0,2,0,0,0,0,0,0,0,1,0,0,0,0,0,0,0,1,0,1,1,0,0,0,0,0,0,0,0,0,1,0,0,0,1,0,0,0,0,0,1141.6375732421875,1200.0
730,1,2,3,2,0.0,1.0,2,1,0,0,0,5,0,0,0,1,0,0,1,0,0,0,0,0,1,0,0,1,0,1,0,0,0,0,0,0,0,0,0,0,1,0,0,0,1,0,0,0,0,0,373331.5625,370000.0
728,1,2,3,3,0.0,0.0,3,1,1,0,1,4,0,0,0,1,0,0,0,0,0,0,0,0,1,0,0,0,0,1,1,0,0,0,0,0,0,0,0,0,1,0,0,0,1,0,0,0,0,0,405103.4375,400000.0
719,1,2,2,1,3.0,2.0,2,1,0,1,0,2,0,0,0,0,0,0,0,0,0,0,0,0,1,0,0,0,0,1,1,0,0,0,0,0,0,0,0,0,1,0,0,0,1,0,0,0,0,0,266634.28125,267000.0
667,1,2,3,1,0.0,1.0,3,1,0,1,1,3,0,0,0,1,0,0,1,0,0,1,0,0,1,0,0,0,0,1,1,0,0,0,0,0,0,0,0,0,1,0,0,1,1,0,0,0,0,0,294605.4375,425000.0
665,1,2,4,3,0.0,4.0,3,1,2,1,0,4,0,0,0,1,0,1,1,0,0,0,0,0,1,0,0,0,0,1,1,0,0,0,0,0,0,0,0,0,1,0,0,0,1,0,0,0,0,0,405542.25,400000.0
741,1,4,2,1,0.0,1.0,2,1,0,1,0,3,0,0,0,1,1,0,0,0,0,0,0,0,1,0,0,0,0,1,1,0,0,0,0,0,0,0,0,0,1,0,0,0,1,0,0,0,0,0,301400.71875,300000.0
708,0,3,2,1,0.0,3.0,2,1,0,1,0,2,0,0,0,0,0,0,0,1,0,0,0,0,0,0,0,0,1,1,1,0,0,0,0,0,0,0,0,0,1,0,0,0,1,0,0,0,0,0,1136.2596435546875,1200.0
3674,1,2,3,1,0.0,3.0,2,1,0,3,1,4,0,0,0,1,1,0,0,0,0,0,0,0,0,0,0,0,0,0,1,0,0,0,0,0,0,0,0,0,0,0,0,0,1,0,0,0,0,0,427075.375,420000.0
3998,0,3,2,1,0.0,4.0,2,1,1,1,0,0,0,0,0,1,0,0,0,0,0,0,0,0,0,0,0,0,0,0,1,0,0,0,0,0,0,0,0,0,1,0,0,0,1,0,0,0,0,0,761.7537841796875,895.0
1141,0,3,0,1,0.0,3.0,2,1,1,1,1,1,0,0,0,0,0,0,1,0,0,1,1,0,0,0,0,0,0,0,0,0,0,0,1,0,0,0,0,0,0,0,1,0,0,1,0,0,0,0,591.0330810546875,725.0
1122,0,3,1,1,0.0,3.0,2,1,1,1,0,0,1,0,0,1,0,0,1,0,0,0,0,0,0,0,0,0,0,0,0,0,0,0,1,0,0,0,0,1,0,0,0,1,1,0,0,0,0,0,856.9315185546875,725.0
1094,0,3,0,1,0.0,0.0,2,1,1,1,1,1,0,0,0,0,0,0,0,1,1,0,0,0,0,0,0,0,0,0,0,0,0,0,1,0,0,0,0,1,0,0,0,1,1,0,0,0,0,0,1304.1971435546875,850.0
1093,0,3,6,1,0.0,3.0,5,1,1,2,1,7,0,0,0,1,1,0,1,0,0,0,0,0,1,0,1,0,0,1,0,0,0,0,0,0,0,0,0,1,1,0,0,1,0,0,0,0,0,0,1313.5916748046875,2900.0
1094,0,3,0,1,0.0,1.0,0,1,1,1,0,0,0,0,0,0,0,0,0,1,0,0,0,0,0,0,0,0,0,0,0,0,0,0,1,0,0,0,0,0,0,0,1,0,0,0,0,0,0,0,291.0956115722656,500.0
1129,0,3,0,1,0.0,2.0,2,1,1,0,1,1,0,0,0,0,0,0,0,1,1,0,0,0,0,0,0,0,0,0,0,0,1,0,0,0,0,0,0,1,1,0,0,1,0,0,0,0,0,0,931.1932373046875,675.0
1109,0,3,3,1,0.0,1.0,4,1,1,1,1,3,0,0,0,1,0,1,0,0,0,1,0,0,1,0,1,0,0,0,1,0,0,0,1,0,0,0,0,1,1,0,0,0,1,0,0,0,0,0,1262.4783935546875,995.0
1137,0,3,0,1,0.0,0.0,2,1,1,0,1,1,1,0,0,0,0,0,1,0,0,1,0,0,0,0,0,0,0,0,0,0,0,0,1,0,0,0,0,1,0,0,0,1,1,0,0,0,0,0,1081.0877685546875,650.0
1129,0,3,0,1,0.0,1.0,1,1,1,1,0,0,0,0,0,0,0,0,0,1,1,0,0,0,0,0,0,0,0,0,0,0,0,0,1,0,0,0,0,1,1,0,0,1,0,0,0,0,0,0,807.5272216796875,550.0
1148,1,2,1,3,0.0,1.0,3,1,1,2,1,4,0,0,0,0,0,0,0,1,0,1,1,0,1,0,0,1,0,0,0,0,0,0,1,0,0,0,0,1,1,0,0,1,0,0,0,0,0,0,304133.3125,300000.0
1080,1,7,1,1,0.0,4.0,2,1,1,1,1,3,0,0,0,1,1,0,1,0,0,0,0,0,0,0,1,1,0,0,0,0,0,0,0,0,0,0,0,0,0,0,0,0,1,0,0,0,0,0,171707.890625,170000.0
1122,0,3,1,1,0.0,2.0,2,1,1,1,0,0,1,0,0,1,0,0,1,0,0,0,0,0,0,0,0,0,0,0,0,0,0,0,1,0,0,0,0,1,0,0,0,1,1,0,0,0,0,0,675.3807373046875,725.0
1165,0,3,1,1,0.0,1.0,2,1,1,0,1,2,1,0,0,0,0,0,1,0,0,0,0,1,0,0,0,0,0,0,0,0,0,0,1,0,0,0,0,0,1,0,0,0,1,0,0,0,0,0,794.4315185546875,850.0
1165,1,4,1,1,0.0,1.0,2,1,0,1,0,1,1,0,0,0,0,0,1,0,0,0,0,0,0,1,0,1,0,0,0,0,0,0,0,0,0,0,0,0,0,0,0,0,1,0,0,0,0,0,212602.34375,210000.0
1162,0,3,1,1,0.0,1.0,2,1,1,1,1,2,1,0,0,0,0,0,1,0,0,0,0,1,0,0,0,0,0,0,0,0,0,0,1,0,0,0,0,0,1,0,1,0,0,0,0,0,0,0,556.1463623046875,850.0
1129,0,3,0,1,0.0,1.0,2,1,1,0,1,2,0,0,0,0,0,0,0,1,1,0,0,0,0,0,0,0,1,0,0,1,1,0,0,0,0,0,0,1,1,0,0,1,0,0,0,0,0,0,743.4549560546875,600.0
1091,0,3,1,1,0.0,1.0,2,1,1,1,1,1,1,0,0,0,0,0,1,0,0,1,0,0,0,0,0,0,0,0,0,0,0,0,1,0,0,0,0,1,1,0,0,1,0,0,0,0,0,0,1054.5369873046875,750.0
1122,0,3,1,1,0.0,2.0,2,1,1,1,0,3,1,0,0,1,0,0,1,0,0,0,0,0,0,0,0,0,1,1,0,1,1,0,0,1,0,0,0,0,1,0,0,1,1,0,0,0,0,0,1017.4510498046875,775.0
1089,0,3,0,1,0.0,1.0,2,1,1,0,1,1,0,0,0,0,0,0,0,1,1,0,0,0,0,0,0,0,0,0,0,0,0,0,1,0,0,0,0,1,1,0,0,1,0,0,0,0,0,0,1244.9862060546875,725.0
1133,0,3,2,1,0.0,2.0,3,1,1,0,0,3,0,0,0,1,0,0,1,0,0,1,0,0,0,0,1,0,0,1,1,0,1,0,0,0,0,0,0,1,0,0,0,1,1,0,0,0,0,0,357.6737365722656,875.0
1129,0,3,0,1,0.0,1.0,1,1,1,0,1,2,0,0,0,0,0,0,0,1,1,0,0,0,1,0,0,0,0,1,0,1,1,0,0,0,0,0,0,0,1,0,1,0,0,0,0,0,0,0,565.1502685546875,595.0
1154,0,3,2,1,0.0,2.0,3,1,1,1,1,2,0,0,0,0,0,0,0,1,1,0,0,0,1,0,1,0,0,0,1,0,0,0,1,0,0,0,0,1,1,0,0,1,0,0,0,0,0,0,1431.9315185546875,925.0
1088,0,3,2,1,5.0,1.0,2,1,1,0,0,1,0,0,0,0,0,0,0,0,1,0,0,0,0,0,0,0,1,0,0,0,0,0,1,0,0,0,0,0,0,0,0,0,1,0,0,0,0,1,1567.5780029296875,1500.0
4141,1,4,4,1,0.0,2.0,4,1,1,1,1,5,0,0,0,1,1,0,1,0,0,0,0,0,1,0,0,1,1,0,0,0,0,0,0,0,0,0,0,0,0,0,0,0,1,0,0,0,0,0,652705.5,650000.0
4158,1,4,4,1,0.0,0.0,4,1,1,1,1,3,0,0,0,0,0,0,1,0,0,0,0,0,1,0,0,1,0,1,0,0,0,0,0,0,0,0,0,0,0,0,0,0,1,0,0,0,0,0,691106.75,700000.0
4056,1,4,1,1,0.0,2.0,2,1,1,1,1,2,0,0,0,1,0,0,1,0,0,0,0,0,1,0,0,0,0,1,1,0,0,0,0,0,0,0,0,0,0,0,0,0,1,0,0,0,0,0,346399.21875,350000.0
4083,1,4,4,3,0.0,5.0,3,1,1,1,1,6,0,0,0,1,0,0,1,0,0,0,0,0,1,0,0,1,0,0,0,0,1,0,0,0,0,0,0,0,0,0,0,0,1,0,0,0,0,0,350736.5625,450000.0
4159,1,4,4,1,0.0,6.0,2,1,1,1,0,4,0,0,0,1,1,0,1,0,0,0,0,0,1,0,0,0,0,1,0,0,0,0,1,0,0,0,0,0,1,0,0,0,1,0,0,0,0,0,461058.3125,450000.0
4094,1,4,3,3,0.0,4.0,2,1,1,1,0,3,0,0,0,1,1,0,1,0,0,0,0,0,1,0,0,0,0,1,0,0,1,0,0,0,0,0,0,0,1,0,0,0,1,0,0,0,0,0,386890.15625,390000.0
4103,1,4,4,1,0.0,6.0,4,1,1,1,1,4,0,0,0,1,1,0,1,0,0,0,0,0,1,0,0,0,0,1,1,0,0,0,0,0,0,0,0,0,1,0,0,0,1,0,0,0,0,0,489313.59375,475000.0
4138,1,4,3,1,0.0,3.0,3,1,1,1,1,4,0,0,0,1,1,0,1,0,0,0,0,0,1,0,1,0,0,1,0,0,0,0,0,0,0,0,0,0,1,0,0,0,1,0,0,0,0,0,295742.375,425000.0
4066,1,2,3,1,0.0,5.0,3,1,1,1,1,2,0,0,0,1,0,0,1,0,0,0,0,0,1,0,0,0,0,1,1,0,0,0,0,0,0,0,0,0,1,0,0,0,1,0,0,0,0,0,386420.40625,375000.0
4089,1,4,3,1,0.0,2.0,3,1,1,1,1,3,0,0,0,0,0,0,0,1,1,0,0,1,1,0,0,0,0,1,1,0,0,0,0,0,0,0,0,0,1,0,0,0,1,0,0,0,0,0,450371.625,450000.0
4045,1,4,2,1,0.0,2.0,2,1,1,1,0,1,0,0,0,0,0,0,1,0,0,1,0,0,0,1,0,0,0,0,0,0,0,0,0,0,0,0,0,0,1,0,0,0,1,0,0,0,0,0,176490.484375,250000.0
4050,1,4,2,1,0.0,0.0,3,1,1,0,1,3,0,0,0,0,0,0,1,0,1,0,0,1,0,0,0,0,0,0,0,0,0,0,0,0,0,0,0,0,1,0,0,0,1,0,0,0,0,0,257712.515625,260000.0
4102,1,4,2,1,0.0,2.0,2,1,1,1,0,1,1,0,0,0,0,0,1,0,0,0,0,0,0,0,0,0,0,0,0,0,0,0,0,0,0,0,0,0,1,0,0,0,1,0,0,0,0,0,266122.53125,270000.0
4137,1,4,3,1,0.0,2.0,3,1,1,1,1,5,0,0,0,1,1,0,1,0,0,0,0,0,1,0,0,0,1,1,0,0,0,0,0,0,0,0,0,0,1,0,0,0,1,0,0,0,0,0,360042.25,500000.0
4182,1,4,5,1,0.0,0.0,4,1,1,1,1,4,0,0,0,1,0,0,1,0,0,0,0,0,1,0,0,0,0,1,1,0,0,0,0,0,0,0,0,0,1,0,0,0,1,0,0,0,0,0,548411.5,540000.0
4180,1,4,3,3,0.0,1.0,2,1,1,1,0,3,0,0,0,1,0,0,1,0,0,0,0,0,1,0,0,0,0,1,1,0,1,0,0,0,0,0,0,0,1,0,0,0,1,0,0,0,0,0,399442.6875,400000.0
4061,1,4,4,1,0.0,5.0,4,1,1,1,1,7,0,0,0,1,1,0,1,0,0,0,0,0,1,0,0,0,0,1,1,0,0,0,0,0,0,0,0,0,1,0,0,0,1,0,0,0,0,0,545308.875,535000.0
5133,1,1,4,1,3.0,0.0,3,1,1,3,1,3,0,0,0,1,1,0,0,0,0,0,0,0,1,0,0,1,1,0,0,0,0,0,1,0,0,0,0,1,1,0,0,0,1,0,0,0,0,0,381254.25,500000.0
307,1,2,0,1,0.0,0.0,1,0,0,1,0,0,1,1,0,0,0,0,1,0,0,0,0,0,0,1,0,0,0,0,0,0,1,0,0,0,0,1,0,0,1,1,1,0,0,0,0,0,0,0,1438.7449951171875,75.0
1318,0,3,1,1,0.0,2.0,3,1,1,1,1,0,0,0,0,1,0,0,1,0,0,0,0,0,0,0,0,1,1,0,0,0,0,0,0,0,0,0,0,0,0,0,0,0,1,0,0,0,0,0,847.2205810546875,900.0
1327,1,4,2,1,0.0,1.0,3,1,0,1,1,3,0,0,0,1,1,0,0,0,0,0,0,0,0,0,1,0,0,0,0,0,0,0,0,0,0,0,0,0,1,0,0,0,1,0,0,0,0,0,188044.703125,190000.0
1293,1,7,2,3,0.0,2.0,2,1,1,0,1,4,0,0,0,1,1,0,1,0,0,0,0,0,0,0,1,0,1,1,0,0,0,0,0,0,0,0,0,0,0,0,0,0,1,0,0,0,0,0,194936.078125,180000.0
1306,1,7,2,1,0.0,2.0,3,1,0,1,0,5,0,0,0,1,0,0,1,0,0,0,0,0,1,0,1,1,0,0,0,0,0,0,0,0,0,0,0,0,0,0,0,0,1,0,0,0,0,0,189429.71875,190000.0
1311,1,7,1,1,0.0,2.0,2,1,0,2,0,1,0,0,0,0,0,0,0,1,0,0,0,0,0,0,1,0,1,0,1,0,0,0,0,0,0,0,0,0,0,0,0,0,1,0,0,0,0,0,108367.4921875,150000.0
5173,1,2,4,1,0.0,2.0,3,1,1,1,1,0,0,0,0,1,0,0,0,0,0,0,0,0,1,0,0,1,0,0,0,0,1,0,0,0,0,0,0,0,0,0,0,0,1,0,0,0,0,0,582256.875,600000.0
5177,1,2,2,1,0.0,1.0,4,1,1,1,1,0,0,1,0,1,0,0,0,0,0,0,0,0,1,1,0,0,0,0,0,0,1,0,0,0,0,0,0,0,0,0,0,0,1,0,0,0,0,0,476887.0625,475000.0
375,1,2,1,3,0.0,5.0,3,1,0,1,1,8,0,0,0,1,1,0,0,0,0,0,0,0,1,0,1,1,0,0,0,0,1,0,0,0,0,0,0,0,1,0,0,0,1,0,0,0,0,0,203302.984375,200000.0
5077,0,3,0,1,0.0,1.0,2,1,1,1,1,0,0,0,0,0,0,0,0,1,0,0,0,0,0,0,0,0,0,0,0,0,0,0,1,0,0,0,0,0,0,0,0,0,1,0,0,0,0,0,280.8299865722656,650.0
2509,1,0,3,1,0.0,2.0,4,2,1,1,3,8,0,0,0,1,0,0,1,0,0,0,0,0,0,0,1,0,1,1,0,0,1,0,0,0,0,0,0,1,1,0,0,1,0,0,0,0,0,0,667904.375,460000.0
2505,1,0,2,3,0.0,15.0,2,1,0,2,1,2,0,1,0,0,1,0,1,0,0,0,0,0,0,1,1,0,0,1,0,0,0,0,0,0,0,0,0,0,0,0,1,0,0,1,0,0,0,0,150323.15625,150000.0
3960,0,3,2,1,0.0,1.0,2,1,2,1,0,3,0,0,0,0,0,0,0,1,1,0,0,0,0,0,0,0,0,0,0,1,0,1,0,0,0,0,0,0,1,0,1,0,0,0,0,0,0,0,749.9393310546875,1850.0
4740,0,3,5,1,0.0,3.0,0,1,1,0,1,2,0,0,0,0,0,0,0,1,1,0,0,1,1,1,0,0,0,0,1,0,0,0,1,0,0,0,0,0,0,0,0,0,1,0,0,0,0,0,0.0,735.0
4275,1,6,4,1,0.0,0.0,1,0,1,1,0,2,0,0,0,1,0,0,0,0,0,0,0,0,1,0,0,1,0,0,0,0,1,0,0,0,0,0,0,0,0,0,0,0,1,0,0,0,0,0,411820.28125,400000.0
2403,0,3,3,1,0.0,2.0,5,1,0,1,1,2,0,0,0,0,1,0,1,0,0,0,0,0,1,0,0,1,0,0,0,0,0,0,0,0,0,0,0,0,0,0,0,0,1,0,0,0,0,0,1372.9940185546875,1400.0
2408,0,3,0,1,0.0,1.0,2,1,0,1,1,1,0,0,0,0,0,0,0,1,0,0,0,0,1,0,0,0,0,0,0,0,0,0,0,0,0,0,0,0,0,0,0,0,1,0,0,0,0,0,685.7596435546875,700.0
5348,0,3,2,1,0.0,1.0,1,1,1,1,0,2,0,0,0,0,0,0,0,0,0,0,0,0,0,0,0,0,0,0,0,0,0,0,0,0,0,0,0,0,0,0,0,0,0,0,0,0,0,1,896.0330810546875,875.0
5510,0,3,5,1,0.0,1.0,5,1,0,2,1,8,0,0,0,1,1,0,1,0,0,0,0,0,1,0,1,1,0,0,0,0,0,0,1,0,0,0,0,0,0,0,0,0,1,0,0,0,0,0,1712.6307373046875,1800.0
2563,0,3,0,1,0.0,4.0,1,2,1,1,0,3,0,0,0,0,0,0,0,1,0,0,0,0,0,0,0,1,0,0,0,0,0,0,0,0,0,0,0,0,0,0,0,0,1,0,0,0,0,0,588.1961669921875,600.0
2559,0,3,0,1,0.0,2.0,3,1,1,1,0,2,0,0,0,0,0,0,0,1,0,0,0,0,0,0,1,1,0,0,1,0,0,0,0,0,0,0,0,0,0,0,0,1,0,0,0,0,0,0,169.08804321289062,725.0
197,0,3,2,1,0.0,3.0,3,1,1,2,1,3,0,0,0,1,0,0,0,0,0,0,0,0,0,0,1,0,0,0,0,0,0,0,1,0,0,0,0,0,0,0,0,0,1,0,0,0,0,0,932.3533935546875,650.0
2563,0,3,0,1,0.0,6.0,1,2,1,1,0,3,0,0,0,0,0,0,0,1,0,0,0,0,0,0,0,1,0,0,0,0,0,0,0,0,0,0,0,0,0,0,0,0,1,0,0,0,0,0,528.9090576171875,600.0
1405,0,3,2,1,0.0,2.0,2,1,1,1,0,3,0,0,0,0,1,0,0,1,0,0,0,0,0,0,0,0,1,0,0,0,0,0,1,0,0,0,0,0,1,0,0,0,1,0,0,0,0,0,887.9237060546875,650.0
1411,0,3,0,1,0.0,1.0,2,1,1,1,1,1,0,1,1,0,0,0,1,0,0,0,0,0,1,0,0,0,1,0,0,0,0,0,0,0,0,0,0,0,1,0,0,0,1,0,0,0,0,0,340.5321350097656,575.0
818,0,3,1,1,0.0,1.0,2,1,1,1,0,1,0,1,0,0,0,0,0,1,0,0,0,0,1,0,1,0,0,1,0,0,0,0,0,0,0,0,0,0,1,0,0,0,1,0,0,0,0,0,460.5721740722656,600.0
4478,1,2,1,1,0.0,0.0,2,1,0,1,0,3,1,0,0,0,0,0,1,0,0,0,0,0,0,1,0,0,0,0,0,0,0,0,0,0,0,0,0,0,0,0,1,0,0,0,0,0,0,0,182250.265625,180000.0
4479,1,2,4,1,0.0,3.0,4,1,1,1,1,4,0,0,0,1,0,0,1,0,0,0,0,0,1,0,0,0,0,1,1,0,0,0,0,0,0,0,0,0,1,0,0,1,1,0,0,0,0,0,453286.65625,450000.0
4362,1,7,2,1,0.0,2.0,2,1,1,1,1,2,1,0,0,0,0,1,0,0,0,0,0,0,0,0,0,0,0,0,0,0,0,0,0,0,0,0,0,0,0,0,1,0,0,0,0,0,0,0,177271.171875,179000.0
4359,1,4,2,1,0.0,0.0,1,1,1,1,1,1,0,0,0,0,0,0,0,0,0,0,0,0,0,0,0,0,0,0,0,0,0,0,0,0,0,0,0,0,0,0,1,0,0,0,0,0,0,0,146992.90625,150000.0
4359,1,4,2,1,0.0,0.0,1,1,1,1,1,1,0,0,0,0,0,0,0,0,0,0,0,0,0,0,0,0,0,0,0,0,0,0,0,0,0,0,0,0,0,0,1,0,0,0,0,0,0,0,146992.90625,150000.0
4365,1,7,3,1,0.0,1.0,4,1,1,1,1,8,0,0,0,1,1,0,1,0,0,0,0,0,1,0,0,1,0,1,0,0,0,0,0,0,0,1,0,0,1,0,0,1,1,0,0,0,0,0,445411.5625,439000.0
3529,1,2,2,3,0.0,0.0,3,1,1,1,1,5,0,0,0,0,1,0,1,0,0,0,0,0,1,0,1,0,0,0,1,0,0,0,0,0,0,0,0,0,1,0,0,0,1,0,0,0,0,0,228944.703125,235000.0
501,1,2,2,1,0.0,6.0,3,1,1,1,1,4,1,0,0,0,0,0,1,0,0,0,0,0,1,0,1,1,0,0,0,0,0,0,0,0,0,0,0,0,1,0,0,0,1,0,0,0,0,0,279369.1875,284000.0
2194,0,3,2,1,0.0,1.0,2,1,0,1,1,2,1,0,0,0,0,0,0,0,0,0,0,0,0,0,1,0,0,0,0,0,0,0,1,0,0,0,0,0,0,0,0,0,1,0,0,0,0,0,827.8299560546875,950.0
5080,1,4,2,1,0.0,1.0,5,1,1,1,1,2,0,0,0,1,0,0,1,0,0,0,0,0,1,0,1,0,1,0,0,0,1,0,0,0,0,0,0,1,0,0,0,0,1,0,0,0,0,0,334801.0,230000.0
5105,1,4,1,3,0.0,1.0,4,1,1,1,1,3,0,0,0,1,0,0,0,1,0,0,0,0,1,0,1,0,0,0,0,0,1,0,1,0,0,0,0,1,0,0,0,0,0,0,0,0,0,0,101357.0,230000.0
5093,1,2,2,1,0.0,1.0,3,1,1,1,0,4,0,0,0,1,0,0,1,0,0,0,0,0,1,0,1,0,0,0,0,0,1,0,1,0,0,0,0,0,1,0,0,0,1,0,0,0,0,0,322898.5,325000.0
5113,1,7,2,1,0.0,2.0,3,1,0,1,0,3,1,0,0,1,0,0,1,0,0,0,0,0,1,0,0,0,0,0,0,0,0,0,1,0,0,1,0,0,1,0,0,0,1,0,0,0,0,0,289916.6875,280000.0
5076,1,5,0,1,0.0,1.0,2,1,0,1,1,2,0,0,0,0,1,0,0,1,0,0,0,0,1,0,1,1,0,0,0,0,1,0,0,0,0,0,0,0,1,0,0,0,1,0,0,0,0,0,112980.1640625,150000.0
5100,1,5,0,1,0.0,1.0,0,0,1,0,0,0,0,1,0,0,0,0,1,0,0,0,0,0,0,1,0,0,0,0,0,0,0,0,1,0,0,0,0,0,1,0,1,0,0,0,0,0,0,0,69631.359375,70000.0
5095,1,2,1,1,0.0,1.0,3,1,1,2,1,0,1,0,0,0,0,0,1,1,0,0,0,0,1,0,0,0,0,0,0,0,1,0,0,0,0,0,0,0,1,0,0,0,1,0,0,0,0,0,186478.484375,190000.0
5077,0,3,0,1,0.0,1.0,2,1,1,1,1,0,0,0,0,0,0,0,0,1,0,0,0,0,0,0,0,0,0,0,0,0,0,0,1,0,0,0,0,0,0,0,0,0,1,0,0,0,0,0,280.8299865722656,650.0
3758,0,3,5,1,0.0,1.0,4,1,1,2,1,7,0,0,0,1,0,0,1,0,0,1,0,0,1,0,0,0,1,1,0,0,0,0,0,0,0,0,0,0,1,0,0,0,1,0,0,0,0,0,1598.0194091796875,1900.0
3761,1,4,1,1,0.0,1.0,0,1,0,1,0,5,1,0,0,1,0,0,1,0,0,0,0,0,0,1,0,0,0,0,0,0,0,0,0,0,0,0,0,0,0,0,1,0,0,0,0,0,0,0,170004.734375,170000.0
3753,0,3,2,1,0.0,1.0,2,1,1,1,0,1,0,0,0,0,0,0,0,1,0,0,0,0,1,0,0,1,0,0,0,0,0,0,1,0,0,0,0,0,0,0,0,0,1,0,0,0,0,0,569.0565185546875,1075.0
2472,1,6,2,1,0.0,1.0,3,1,0,1,1,6,0,0,0,1,1,0,1,0,0,0,0,0,0,0,0,1,0,0,1,0,1,0,0,0,0,0,0,0,1,0,0,0,1,0,0,0,0,0,234949.921875,205000.0
2453,1,6,1,1,0.0,2.0,2,1,0,1,1,7,0,0,0,1,0,0,1,0,0,0,0,0,0,0,0,0,0,1,1,0,0,0,1,0,0,0,0,0,0,0,0,0,1,0,0,0,0,0,173880.0625,175000.0
2213,1,4,3,1,0.0,2.0,3,1,0,1,1,8,0,0,0,1,1,0,1,0,0,0,0,0,0,0,0,1,1,0,1,0,1,0,0,0,0,0,0,0,1,0,0,0,1,0,0,0,0,0,239875.796875,230000.0
2236,1,4,2,1,0.0,2.0,3,1,0,1,1,7,0,0,0,1,0,0,1,0,0,0,0,0,0,0,0,0,0,1,1,0,1,0,0,0,0,0,0,0,1,0,0,0,1,0,0,0,0,0,243456.53125,240000.0
2469,1,6,2,1,0.0,2.0,3,1,0,1,2,7,0,0,0,1,1,0,1,0,0,0,0,0,0,0,0,0,0,1,0,0,1,0,0,0,0,0,0,0,1,0,0,0,1,0,0,0,0,0,229766.671875,200000.0
2202,1,6,1,1,0.0,6.0,2,1,0,2,0,6,0,0,0,0,0,0,0,1,0,0,0,0,0,0,0,0,0,1,1,1,1,0,0,0,0,0,0,0,1,0,0,0,1,0,0,0,0,0,263014.90625,150000.0
2466,1,4,4,1,2.0,0.0,4,1,0,1,1,7,0,0,0,1,1,0,1,0,0,0,0,0,0,0,0,1,1,0,1,0,0,0,0,1,0,1,0,0,1,0,0,0,1,0,0,0,0,0,379140.34375,340000.0
2470,0,3,3,1,0.0,1.0,3,1,0,1,1,7,0,0,0,1,1,0,1,0,0,0,0,0,0,0,0,1,0,0,1,1,1,0,0,0,0,0,0,0,1,0,0,0,1,0,0,0,0,1,0.0,1250.0
2256,1,7,3,1,0.0,2.0,3,1,0,0,1,10,0,0,0,1,0,0,1,0,0,0,0,0,0,0,0,1,0,1,1,0,0,0,0,1,1,1,0,0,1,0,0,0,1,0,0,0,0,0,388026.6875,400000.0
2241,1,6,1,1,0.0,1.0,2,1,0,1,0,7,0,0,0,1,1,0,1,0,0,0,0,0,0,0,1,1,0,0,1,0,0,0,1,0,0,0,0,0,1,0,0,0,1,0,0,0,0,0,155156.75,170000.0
2474,1,4,2,1,0.0,1.0,3,1,0,1,1,7,0,0,0,1,1,0,1,0,0,0,0,0,0,0,0,1,0,0,1,0,0,0,1,0,0,0,0,1,1,0,0,0,0,0,1,0,0,0,259241.640625,240000.0
596,0,3,0,1,0.0,4.0,1,1,1,1,0,4,1,0,0,0,0,0,1,0,0,0,0,0,0,1,0,0,0,0,0,0,0,0,1,0,0,0,0,0,1,0,0,0,1,0,0,0,0,0,538.2947998046875,675.0
2262,1,6,2,1,0.0,2.0,3,1,0,1,1,5,0,0,0,1,1,0,1,0,0,0,0,0,0,0,0,1,0,1,1,0,1,0,0,0,0,0,0,0,1,0,0,0,1,0,0,0,0,0,242069.046875,240000.0
2226,0,3,1,1,0.0,2.0,2,1,0,1,1,4,1,0,0,0,0,0,1,1,0,0,0,0,0,0,0,1,0,0,1,1,1,0,0,0,0,1,0,0,1,0,0,0,1,0,0,0,0,0,612.4373779296875,750.0
2222,1,2,2,1,0.0,2.0,4,1,0,1,1,10,0,0,0,1,0,0,1,0,0,0,0,0,0,0,0,0,1,1,1,0,1,0,0,0,0,0,0,0,1,0,0,0,1,0,0,0,0,0,263078.0,260000.0
2201,1,6,1,1,0.0,3.0,2,1,0,1,0,6,0,0,0,1,0,0,1,0,0,0,0,0,0,0,0,0,0,1,1,0,1,0,0,0,0,0,0,0,0,0,0,0,1,0,0,0,0,0,157622.578125,190000.0
2205,1,6,1,1,0.0,1.0,3,1,0,1,0,9,0,0,0,1,0,0,1,0,0,0,0,0,0,0,0,1,0,1,1,0,1,0,0,0,0,0,0,0,1,0,0,0,1,0,0,0,0,0,227040.484375,200000.0
2115,1,6,4,1,0.0,1.0,3,1,1,1,1,6,0,0,0,1,0,0,1,0,0,0,0,0,1,0,0,1,1,0,0,0,0,0,1,0,0,0,0,1,1,0,0,0,1,0,0,0,0,0,414397.125,410000.0
3164,1,7,4,1,0.0,0.0,4,1,1,2,1,7,0,0,0,1,1,0,1,0,0,0,0,0,0,0,1,0,0,1,1,0,0,0,1,0,0,0,0,0,1,0,0,0,1,0,0,0,0,0,340443.375,340000.0
3141,0,3,0,1,0.0,9.0,2,1,1,1,1,3,0,0,0,0,0,0,0,1,0,0,0,0,0,0,1,0,1,0,1,0,0,0,1,0,0,0,0,0,1,0,0,0,1,0,0,0,0,0,318.4784240722656,585.0
3237,1,4,2,1,0.0,1.0,3,1,0,1,1,4,0,0,0,1,1,0,1,0,0,0,0,0,0,0,1,0,0,1,1,0,0,0,1,0,0,0,0,0,1,0,0,0,1,0,0,0,0,0,233772.421875,230000.0
3229,1,4,4,1,0.0,2.0,4,1,1,2,1,8,0,0,0,1,1,0,1,0,0,0,0,0,0,0,1,0,0,1,1,0,1,0,0,0,0,0,0,0,1,0,0,0,1,0,0,0,0,0,384079.125,375000.0
3218,0,3,2,1,0.0,1.0,2,1,0,2,1,6,0,0,0,1,1,0,1,0,0,0,0,0,0,0,1,0,0,1,1,0,0,0,1,0,0,0,0,0,1,0,0,0,1,0,0,0,0,0,803.9862060546875,650.0
3167,1,7,0,1,0.0,1.0,3,1,1,1,1,7,0,0,0,1,1,0,1,0,0,0,0,0,0,0,1,1,0,1,0,0,0,0,1,0,0,0,0,0,1,0,0,0,1,0,0,0,0,0,199654.515625,200000.0
3256,1,2,6,1,0.0,0.0,7,1,2,2,1,10,0,0,0,1,1,1,0,0,0,0,0,0,0,0,0,0,0,1,1,1,0,0,1,0,0,0,0,0,0,0,0,0,0,0,1,1,0,1,593873.9375,600000.0
3261,1,4,2,1,0.0,3.0,4,1,1,1,1,8,0,0,0,1,1,0,1,0,0,0,0,0,0,0,1,0,0,1,1,0,0,0,1,0,0,0,0,0,1,0,0,0,1,0,0,0,0,0,427936.6875,425000.0
3236,1,4,2,1,0.0,1.0,3,1,0,2,1,5,0,0,0,1,1,0,1,0,0,0,0,0,0,0,1,0,0,1,1,0,0,0,1,0,0,0,0,0,1,0,0,0,1,0,0,0,0,0,224469.625,230000.0
3154,1,4,2,1,0.0,0.0,3,1,1,2,1,5,0,0,0,1,0,0,1,0,0,0,0,0,0,0,1,0,0,1,1,0,0,0,1,0,0,0,0,0,1,0,0,0,1,0,0,0,0,0,197061.953125,200000.0
3218,1,4,2,1,0.0,1.0,2,1,0,2,1,6,0,0,0,1,1,0,1,0,0,0,0,0,0,0,1,0,0,1,1,0,0,0,1,0,0,0,0,0,1,0,0,0,1,0,0,0,0,0,189254.359375,190000.0
3197,1,4,2,1,0.0,1.0,3,1,0,2,1,7,0,0,0,1,1,0,1,0,0,0,0,0,0,0,1,0,0,0,1,1,0,0,0,1,0,1,0,0,1,0,0,0,1,0,0,0,0,0,247131.65625,235000.0
3222,1,4,2,1,0.0,1.0,3,1,0,2,1,5,0,0,0,1,1,0,1,0,0,0,0,0,0,0,1,0,1,0,1,0,0,0,1,0,0,0,0,0,1,0,0,0,1,0,0,0,0,0,200641.78125,200000.0
3155,1,4,1,4,0.0,3.0,3,1,1,1,1,5,0,0,0,1,0,0,1,0,0,0,0,0,0,0,1,0,0,1,1,0,0,0,1,0,0,0,0,0,1,0,0,0,1,0,0,0,0,0,119959.0078125,180000.0
3240,1,2,4,3,0.0,1.0,4,1,0,2,1,8,0,0,0,1,1,0,1,0,0,0,0,0,0,0,0,1,1,0,1,0,0,0,1,0,0,0,0,0,1,0,0,0,1,0,0,0,0,0,278829.71875,350000.0
3216,1,2,2,1,0.0,1.0,3,1,1,2,1,4,0,0,0,1,0,0,1,0,0,0,0,0,0,0,1,1,0,0,1,0,0,0,0,1,0,0,0,0,1,0,0,0,1,0,0,0,0,0,235050.828125,190000.0
3202,0,3,0,1,0.0,0.0,2,1,0,1,1,2,0,0,0,0,0,0,1,0,0,0,1,0,0,0,0,0,0,0,0,0,0,0,1,0,0,0,0,0,1,0,0,0,1,0,0,0,0,0,502.8963928222656,600.0
3105,1,4,1,1,0.0,0.0,2,1,0,1,1,3,0,0,0,0,0,0,1,0,0,0,0,0,0,0,1,0,0,1,1,0,0,0,1,0,0,0,0,0,1,0,0,0,1,0,0,0,0,0,223564.296875,230000.0
3258,1,2,0,1,0.0,1.0,2,1,0,0,1,6,0,0,0,1,1,0,1,0,0,0,0,0,0,0,1,0,0,1,0,0,0,0,1,0,0,0,0,0,1,0,1,0,0,0,0,0,0,0,92793.1640625,90000.0
3214,1,4,1,1,0.0,1.0,3,1,0,2,1,6,0,0,0,1,1,0,1,0,0,0,0,0,1,0,0,0,1,0,1,0,1,0,0,1,0,1,0,0,0,0,0,0,1,0,0,0,0,0,183673.015625,175000.0
3248,1,7,1,1,0.0,1.0,2,1,0,0,1,5,0,0,0,1,1,0,1,0,0,0,0,0,0,0,0,1,0,1,1,0,0,0,1,0,0,0,0,0,1,0,0,0,1,0,0,0,0,0,202026.703125,200000.0
3193,1,4,1,1,0.0,1.0,3,1,0,2,1,5,0,0,0,1,0,0,1,0,0,0,0,0,0,0,1,0,0,1,1,0,1,0,0,0,0,0,0,0,1,0,0,0,1,0,0,0,0,0,176403.171875,180000.0
2557,1,6,1,1,0.0,5.0,4,1,1,2,1,1,0,0,0,0,0,0,0,1,0,0,0,0,0,0,0,0,0,0,1,0,0,0,0,0,0,0,0,1,1,0,0,0,0,0,0,0,0,0,140051.375,140000.0
2519,1,6,3,1,0.0,2.0,2,1,1,2,1,2,0,1,0,0,0,0,0,0,0,0,0,0,0,0,0,1,0,0,0,0,0,0,0,0,0,0,0,0,0,0,0,0,1,0,0,0,0,0,263357.1875,260000.0
2552,0,3,0,1,0.0,1.0,2,1,1,1,1,0,0,0,0,0,0,0,0,1,0,0,0,0,0,0,0,0,1,0,0,1,0,0,0,0,0,0,0,1,1,0,0,0,0,0,0,0,0,0,729.9510498046875,600.0
2580,0,3,2,1,0.0,1.0,4,1,1,1,2,2,0,0,0,1,1,0,0,0,0,0,0,0,1,0,0,1,0,0,0,0,0,0,0,0,0,0,0,0,0,0,0,0,1,0,0,0,0,0,1699.6424560546875,1325.0
1501,0,3,2,1,0.0,7.0,1,1,1,1,0,0,0,1,0,0,0,0,0,0,0,0,0,0,0,0,0,0,0,0,0,0,0,0,1,0,0,0,0,0,0,0,1,0,0,0,0,0,0,0,698.7889404296875,900.0
5183,1,7,3,1,0.0,1.0,3,1,1,2,1,1,0,0,0,0,0,0,0,0,0,0,0,0,1,0,0,0,0,0,0,0,0,0,0,0,0,0,0,0,0,0,0,0,0,0,0,0,0,0,471210.8125,545000.0
3485,1,6,2,1,0.0,2.0,3,1,1,1,1,4,0,0,0,1,1,0,1,0,0,0,0,0,1,0,0,1,1,0,0,0,0,0,0,0,0,0,0,1,1,0,0,0,1,0,0,0,0,0,279785.0,210000.0
3499,1,2,5,1,0.0,0.0,5,1,2,2,1,13,0,0,0,1,1,0,1,0,0,0,0,0,0,0,1,1,0,0,1,0,0,0,1,0,0,0,0,1,0,0,0,1,1,0,0,0,0,0,690665.5,700000.0
3687,1,2,2,1,0.0,1.0,2,1,0,0,1,0,0,0,0,1,0,0,1,0,0,0,0,0,1,0,1,0,0,1,0,0,0,0,0,0,0,0,0,0,1,0,0,0,1,0,0,0,0,0,251599.546875,265000.0
3706,1,2,2,1,0.0,1.0,4,1,1,0,1,1,0,0,0,0,1,0,0,0,0,0,0,0,1,0,1,0,1,0,0,0,0,0,0,0,0,0,0,0,1,0,0,0,1,0,0,0,0,0,298228.09375,300000.0
3711,1,2,1,3,0.0,1.0,3,1,1,1,1,3,0,0,0,1,1,0,0,0,0,0,0,0,1,0,1,0,0,1,0,0,0,0,0,0,0,0,0,0,1,0,0,0,1,0,0,0,0,0,333623.1875,330000.0
3727,1,2,5,1,0.0,1.0,4,1,1,0,1,2,0,0,0,1,1,0,1,0,0,0,0,0,1,0,0,1,0,1,0,0,0,0,0,0,0,0,0,0,1,0,0,0,0,0,1,0,0,0,636849.8125,535000.0
3662,1,2,5,3,0.0,1.0,4,1,1,0,1,2,0,0,0,1,1,0,1,0,0,0,0,0,1,0,0,1,0,1,0,0,0,0,0,0,0,0,0,0,1,0,0,1,1,0,0,0,0,0,529891.6875,535000.0
3723,1,2,1,1,0.0,0.0,4,1,1,0,1,3,0,0,0,1,1,0,1,0,0,0,0,0,1,0,1,0,0,1,0,0,0,0,0,0,0,0,0,0,1,0,0,1,1,0,0,0,0,0,365857.4375,375000.0
3718,1,2,6,4,0.0,7.0,4,1,1,0,1,2,0,0,0,1,1,0,1,0,0,0,0,0,1,0,1,0,0,1,0,0,0,0,0,0,0,0,0,0,0,0,0,0,0,0,0,0,0,0,655511.375,665000.0
3689,1,2,3,1,0.0,4.0,3,1,0,0,1,2,0,0,0,1,1,0,1,0,0,0,0,0,1,0,0,0,1,1,0,0,0,0,0,0,0,0,0,0,1,0,0,0,1,0,0,0,0,0,304273.0,300000.0
3720,1,2,3,3,0.0,1.0,4,1,1,0,1,0,0,0,1,0,1,0,0,0,0,1,0,0,1,0,1,0,0,1,0,0,0,0,0,0,0,0,0,1,1,0,0,1,0,0,0,0,0,0,399742.34375,400000.0
3715,1,2,3,1,0.0,2.0,3,1,0,0,1,0,0,0,0,1,1,0,1,0,0,0,0,0,1,0,0,0,0,1,1,0,0,0,0,0,0,0,0,1,1,0,0,0,1,0,0,0,0,0,366874.125,370000.0
3683,1,2,3,1,0.0,1.0,3,1,0,1,1,3,0,0,0,1,1,0,1,0,0,0,0,0,1,0,1,0,0,0,1,0,0,0,0,0,0,0,0,1,0,0,0,1,1,0,0,0,0,0,354699.78125,350000.0
3704,1,2,2,1,0.0,2.0,2,1,0,0,1,1,0,0,0,1,1,0,1,0,0,0,0,0,1,0,1,0,0,1,0,0,0,0,0,0,0,0,0,0,1,0,0,1,1,0,0,0,0,0,320092.1875,285000.0
748,1,4,3,1,0.0,2.0,3,1,0,1,1,3,0,0,0,1,0,0,0,0,0,0,0,0,1,0,0,0,0,1,1,0,0,0,0,0,0,0,0,0,1,0,0,0,1,0,0,0,0,0,369756.875,365000.0
3117,0,3,1,1,0.0,3.0,2,1,1,1,0,1,1,0,0,0,0,0,1,0,0,0,0,0,0,1,0,0,0,0,0,0,0,0,0,0,0,0,0,0,0,0,0,1,1,0,0,0,0,0,601.8045654296875,700.0
3054,0,3,1,1,0.0,1.0,3,1,0,1,1,4,0,0,0,0,0,0,1,0,0,0,0,0,1,0,0,0,0,0,0,0,1,0,0,0,0,0,0,0,0,0,0,1,0,0,0,0,0,0,637.6346435546875,725.0
3058,0,3,0,1,0.0,3.0,2,1,0,1,0,5,0,0,0,1,0,0,0,0,0,0,0,0,0,0,1,0,0,0,0,0,1,0,0,0,0,0,0,0,1,0,0,0,0,0,0,0,0,0,609.4403076171875,625.0
4269,0,3,3,1,0.0,1.0,2,1,1,1,0,1,1,0,0,0,0,0,0,0,0,0,0,0,0,1,0,0,0,0,0,0,0,1,0,0,0,0,0,0,0,0,1,0,0,0,0,0,0,0,333.4002990722656,925.0
2163,1,4,2,1,0.0,1.0,2,1,1,1,0,3,1,0,0,0,0,0,1,0,0,0,0,0,0,1,0,0,0,0,0,0,0,0,1,0,0,0,0,1,0,0,0,0,0,0,0,0,0,0,158850.078125,160000.0
2150,1,4,1,3,0.0,2.0,4,1,2,2,1,1,0,0,0,0,0,0,0,1,0,0,0,0,1,0,0,1,0,1,0,0,0,0,1,0,0,0,0,1,0,0,0,0,0,0,0,0,0,0,201087.578125,200000.0
2176,1,4,0,1,0.0,3.0,3,1,1,1,1,2,0,0,0,1,0,0,1,0,0,0,0,0,0,0,0,0,0,1,0,0,0,0,1,0,0,0,0,0,0,0,0,0,1,0,0,0,0,0,141805.640625,140000.0
2149,1,4,0,1,0.0,4.0,2,1,0,1,0,4,0,0,0,0,0,0,1,0,0,0,0,0,0,0,1,0,0,0,0,0,0,0,1,0,0,0,0,1,0,0,0,0,0,0,0,0,0,0,123913.7890625,130000.0
2164,0,3,0,1,0.0,5.0,3,1,0,1,1,1,0,0,0,0,0,0,0,0,0,0,0,0,1,0,0,0,0,0,0,0,0,0,1,0,0,0,0,1,0,0,0,0,0,0,0,0,0,0,842.7127685546875,695.0
1550,1,7,1,1,0.0,1.0,2,1,0,0,1,2,0,0,0,0,0,0,1,0,0,0,0,0,0,1,0,0,0,0,0,0,1,0,0,0,0,0,0,0,1,0,0,0,1,0,0,0,0,0,131594.90625,130000.0
1659,0,3,2,1,0.0,1.0,2,1,0,1,1,6,0,0,0,1,0,0,1,0,0,0,0,0,0,0,0,1,0,0,1,0,1,0,0,0,0,0,0,0,1,0,0,0,1,0,0,0,0,0,687.8182373046875,650.0
1580,1,7,1,1,0.0,3.0,3,1,0,1,1,5,0,0,0,1,0,0,1,0,0,0,0,0,0,0,0,0,0,1,1,0,1,0,0,0,0,0,0,0,1,0,0,0,1,0,0,0,0,0,175906.3125,180000.0
1820,1,6,1,1,0.0,5.0,2,1,0,0,0,7,0,0,0,1,0,0,1,0,0,0,0,0,0,0,0,1,0,0,1,0,1,0,0,0,0,0,0,0,1,0,0,0,1,0,0,0,0,0,134322.109375,135000.0
1570,1,6,1,1,0.0,5.0,2,1,0,1,1,5,0,0,0,0,0,0,1,0,0,0,0,0,0,0,0,1,0,0,1,0,1,0,0,0,0,0,0,0,1,0,0,0,1,0,0,0,0,0,158830.296875,160000.0
1591,1,6,2,1,6.0,5.0,3,1,0,1,1,8,0,0,0,1,1,0,1,0,0,0,0,0,0,0,0,1,0,0,1,0,1,0,0,0,0,0,0,0,1,0,0,0,1,0,0,0,0,0,257657.21875,285000.0
1835,1,4,3,1,0.0,2.0,4,1,0,1,1,8,0,0,0,1,1,0,1,0,0,0,0,0,0,0,0,0,0,0,1,0,1,0,0,0,0,0,0,0,1,0,0,0,1,0,0,0,0,0,222991.5625,200000.0
1525,1,4,4,1,0.0,2.0,4,1,0,1,1,9,0,0,0,1,1,0,1,0,0,0,0,0,0,0,0,1,0,0,1,0,1,0,0,0,0,0,0,0,1,0,0,0,1,0,0,0,0,0,244585.515625,250000.0
1602,1,7,4,3,0.0,3.0,3,1,0,0,1,8,0,0,0,1,1,0,1,0,0,0,0,0,0,0,0,1,0,0,1,0,1,0,0,0,0,0,0,0,1,0,0,0,1,0,0,0,0,0,345905.75,340000.0
1663,1,6,1,1,0.0,3.0,2,1,0,1,1,5,1,0,0,0,0,0,1,0,0,0,0,0,0,0,0,0,0,0,1,0,1,0,0,0,0,0,0,0,1,0,0,1,0,0,0,0,0,0,147591.265625,150000.0
1630,1,7,1,1,0.0,2.0,2,1,0,1,1,8,0,0,0,1,1,0,1,0,0,0,0,0,1,0,0,1,0,0,0,0,1,0,0,0,0,0,0,0,1,0,0,0,1,0,0,0,0,0,152273.890625,180000.0
1535,1,2,1,1,0.0,2.0,2,1,0,1,1,5,0,0,0,0,0,0,0,1,0,0,0,0,0,0,0,1,0,0,1,0,1,0,0,0,0,0,0,0,1,0,0,0,1,0,0,0,0,0,175240.015625,175000.0
5403,1,2,2,3,0.0,12.0,3,1,0,1,1,9,0,0,0,1,0,0,1,0,0,0,0,0,1,0,0,1,0,0,0,0,1,0,0,0,0,0,0,0,0,0,0,0,0,0,1,0,0,0,154945.515625,150000.0
1828,1,2,3,1,0.0,3.0,4,1,0,1,1,10,0,0,0,1,1,0,1,0,0,0,0,0,0,0,0,1,0,0,1,0,1,0,0,0,0,0,0,0,1,0,0,0,1,0,0,0,0,0,177275.671875,167000.0
1533,1,7,2,3,0.0,1.0,2,1,0,1,1,6,0,0,0,0,0,0,0,1,0,0,0,0,0,0,0,0,0,0,1,0,1,0,0,0,0,0,0,0,0,0,0,0,1,0,0,0,0,0,221988.765625,225000.0
5281,0,3,0,1,0.0,1.0,2,1,1,1,0,2,0,0,0,0,0,0,0,1,0,0,0,0,0,0,0,1,0,0,1,0,0,0,1,0,0,0,0,0,0,0,0,0,1,0,0,0,0,0,0.0,525.0
5239,1,2,1,1,0.0,0.0,2,1,1,1,0,0,0,0,0,0,0,0,1,0,0,0,0,0,0,0,0,0,0,0,0,0,0,0,0,0,0,0,0,0,0,0,0,0,0,0,0,0,0,0,136393.21875,140000.0
1011,1,4,4,1,12.0,6.0,3,1,0,1,1,8,0,0,0,1,1,0,1,0,0,0,0,0,1,0,1,0,0,0,1,0,0,0,0,0,0,0,0,0,1,0,0,0,0,0,0,0,0,1,700894.375,700000.0
4229,1,6,3,1,0.0,1.0,4,1,2,1,1,2,0,0,0,1,1,0,1,0,0,0,0,0,1,0,1,0,0,0,1,0,0,0,0,0,0,0,0,0,1,0,0,0,1,0,0,0,0,0,238243.484375,240000.0
4248,1,6,3,1,0.0,7.0,3,1,2,1,1,3,0,0,0,1,1,0,1,0,0,0,0,0,1,0,1,0,0,0,1,0,0,0,0,0,0,0,0,1,1,0,0,0,1,0,0,0,0,0,274692.0,250000.0
4214,1,6,2,1,0.0,2.0,3,1,1,1,0,2,0,0,0,1,0,0,1,0,0,0,0,0,1,0,1,0,0,0,1,0,0,0,0,0,0,0,0,1,1,0,0,0,1,0,0,0,0,0,206037.078125,210000.0
4246,1,4,4,1,0.0,4.0,4,1,1,1,1,4,0,0,0,1,1,0,1,0,0,0,0,0,1,0,0,0,0,1,1,0,0,0,0,0,0,0,0,0,1,0,0,1,1,0,0,0,0,0,367021.75,355000.0
4227,1,6,3,1,0.0,2.0,3,1,1,1,1,2,0,0,0,1,1,0,0,0,0,0,0,0,1,0,1,0,0,0,1,0,0,0,0,0,0,0,0,1,1,0,0,0,1,0,0,0,0,0,247819.859375,250000.0
4409,1,2,4,1,0.0,3.0,4,1,1,1,1,7,1,0,0,1,1,0,0,0,0,0,0,0,0,0,0,0,0,1,1,0,0,0,0,0,0,0,0,0,1,0,0,0,1,0,0,0,0,0,484240.875,475000.0
4293,1,2,4,1,0.0,0.0,3,1,1,1,0,5,1,0,1,0,0,0,1,0,0,0,0,0,0,0,0,0,0,0,0,1,0,1,0,0,0,0,0,0,1,0,0,0,1,0,0,0,0,0,283391.78125,280000.0
4421,1,7,3,1,0.0,6.0,4,1,1,1,1,6,1,0,0,1,0,0,1,0,0,0,0,0,1,0,0,0,0,1,1,0,0,0,0,0,0,0,0,0,1,0,0,0,1,0,0,0,0,0,296606.9375,430000.0
4362,1,7,2,1,0.0,5.0,2,1,1,1,0,3,1,0,0,0,0,1,1,0,0,0,0,0,0,0,0,0,0,0,0,0,1,1,0,0,0,1,0,0,1,0,1,0,0,0,0,0,0,0,155979.15625,170000.0
4343,1,2,2,4,0.0,3.0,2,1,1,2,0,3,0,0,0,0,0,0,0,1,0,0,0,0,1,0,0,0,0,1,1,0,0,0,0,0,0,0,0,0,1,0,0,0,1,0,0,0,0,0,231447.359375,230000.0
4399,1,2,4,1,0.0,0.0,4,1,1,1,1,7,0,0,0,1,1,0,1,0,0,0,0,0,1,0,0,0,0,1,1,0,0,0,0,0,0,1,0,0,1,0,0,0,1,0,0,0,0,0,486533.25,480000.0
4422,1,1,0,1,0.0,0.0,1,1,1,1,0,2,1,0,0,1,0,0,1,0,0,0,0,0,1,1,0,1,0,0,0,0,0,0,0,1,1,1,0,0,1,1,0,1,0,0,0,0,0,0,209291.734375,210000.0
4388,1,2,2,1,0.0,3.0,2,1,1,1,0,2,0,0,0,0,0,0,0,1,0,0,0,0,1,0,0,0,0,1,1,0,0,0,0,0,0,0,0,0,1,0,0,1,1,0,0,0,0,0,244570.296875,240000.0
4332,1,2,6,1,0.0,4.0,4,1,2,1,1,10,0,0,0,1,1,0,1,0,0,0,0,0,1,0,0,0,0,1,1,0,0,0,0,0,0,0,0,0,1,0,0,1,1,0,0,0,0,0,751556.9375,750000.0
4377,1,4,2,1,0.0,3.0,3,1,1,1,1,5,0,0,0,1,0,0,1,1,0,0,0,0,1,0,0,0,0,1,1,0,0,0,0,0,0,0,0,0,1,0,0,1,1,0,0,0,0,0,324240.375,320000.0
4374,1,2,3,1,0.0,3.0,4,1,1,1,1,5,0,0,0,1,1,0,1,0,0,0,0,0,1,0,0,0,0,1,1,0,0,0,0,0,0,0,0,0,1,0,0,0,1,0,0,0,0,0,362572.0,340000.0
4332,1,4,5,1,0.0,0.0,3,1,1,1,1,6,0,0,0,1,0,0,1,0,0,0,0,0,1,0,0,0,0,1,1,0,0,0,0,0,0,0,0,0,1,0,0,1,1,0,0,0,0,0,661259.1875,660000.0
3528,1,2,2,3,0.0,0.0,3,1,0,1,1,7,0,0,0,0,1,0,0,0,0,0,0,0,1,0,0,1,0,0,0,0,0,0,0,0,0,0,0,0,0,0,0,0,1,0,0,0,0,0,232693.421875,235000.0
4422,1,1,0,1,0.0,0.0,1,1,1,1,0,2,1,0,0,1,0,0,1,0,0,0,0,0,1,1,0,1,0,0,0,0,0,0,0,1,1,1,0,0,1,1,0,1,0,0,0,0,0,0,209291.734375,210000.0
4351,1,4,2,1,0.0,4.0,2,1,1,1,0,2,1,0,0,0,0,0,1,0,0,0,0,0,0,1,0,0,0,0,0,0,0,0,0,0,0,0,0,0,1,0,1,0,0,0,0,0,0,0,164849.171875,165000.0
1869,1,6,0,1,0.0,0.0,3,1,0,1,0,5,0,0,0,1,0,0,1,0,0,1,0,0,1,0,1,0,0,0,1,0,0,0,1,0,0,0,0,0,1,0,0,1,1,0,0,0,0,0,89136.3671875,80000.0
1765,1,2,0,3,0.0,2.0,4,4,2,4,2,7,0,0,0,0,0,0,0,0,0,0,0,0,1,0,1,0,0,0,1,0,0,0,1,0,0,0,0,0,0,0,1,0,0,0,0,0,0,0,215799.109375,220000.0
1815,1,6,3,1,0.0,2.0,4,1,0,1,1,6,0,0,0,1,0,0,1,0,0,1,0,0,1,0,0,0,0,1,1,0,0,0,1,0,0,0,0,0,1,0,0,1,1,0,0,0,0,0,264668.53125,260000.0
1817,1,6,1,1,0.0,2.0,3,1,0,1,1,5,0,0,0,0,0,0,1,0,0,1,1,0,1,0,0,0,0,1,1,0,0,0,1,0,0,0,0,0,1,0,0,1,1,0,0,0,0,0,153890.328125,150000.0
1706,1,6,2,1,0.0,1.0,3,1,0,2,0,9,0,0,0,1,0,0,1,0,0,1,0,0,1,0,1,0,0,0,1,0,0,0,1,0,0,0,0,0,1,0,0,1,1,0,0,0,0,0,151158.140625,150000.0
1697,1,2,0,1,0.0,3.0,3,1,0,2,1,7,0,0,0,0,1,0,0,1,0,0,0,0,1,0,1,0,0,0,1,0,0,0,1,0,0,0,0,0,1,0,0,1,1,0,0,0,0,0,111818.2890625,110000.0
1703,1,6,1,1,0.0,0.0,3,1,0,1,1,6,0,0,0,1,0,0,1,0,0,1,0,0,1,0,0,0,0,1,1,0,0,0,1,0,0,0,0,0,1,0,0,1,1,0,0,0,0,0,159086.328125,150000.0
1724,1,6,2,3,0.0,2.0,3,1,0,2,1,6,0,0,0,1,1,0,1,0,0,0,0,0,1,0,0,0,0,1,1,0,0,0,1,0,0,0,0,0,1,0,0,1,1,0,0,0,0,0,206189.71875,200000.0
5385,1,6,1,1,0.0,3.0,3,1,1,1,1,1,0,0,0,0,0,0,1,0,0,0,0,0,1,0,0,1,0,0,0,0,0,0,1,0,0,0,0,0,1,0,0,0,1,0,0,0,0,0,199377.765625,200000.0
5398,0,3,1,1,0.0,2.0,3,1,1,2,1,2,0,0,0,1,0,0,1,0,0,0,0,0,1,0,0,0,0,0,0,0,0,0,1,0,0,0,0,0,0,0,0,0,1,0,0,0,0,0,752.3612060546875,875.0
5398,0,3,1,1,0.0,4.0,3,1,0,1,0,4,0,0,0,1,0,0,1,0,0,0,0,0,1,0,1,0,0,1,0,0,0,0,1,0,0,0,0,0,1,0,0,0,1,0,0,0,0,0,1084.0106201171875,925.0
5410,1,6,1,1,0.0,4.0,3,1,1,1,1,3,0,0,0,0,0,0,0,1,0,0,0,0,1,0,0,0,0,0,0,0,0,0,1,0,0,0,0,0,1,0,0,0,1,0,0,0,0,0,170510.640625,200000.0
5407,1,6,2,1,0.0,1.0,2,1,1,1,0,2,0,0,0,1,0,0,1,0,0,0,0,0,1,0,1,0,0,0,0,0,0,0,1,0,0,0,0,0,0,0,0,1,1,0,0,0,0,0,202373.484375,200000.0
5388,1,6,3,1,0.0,1.0,3,2,1,3,1,4,0,0,0,1,1,0,0,0,0,0,0,0,1,0,0,1,0,0,0,0,0,0,1,0,0,0,0,0,1,0,0,0,1,0,0,0,0,0,391974.84375,385000.0
5415,0,3,1,1,0.0,2.0,2,1,0,2,1,1,0,0,0,1,0,0,1,0,0,0,0,0,1,0,1,0,0,1,0,0,0,0,1,0,0,0,0,1,0,0,0,1,1,0,0,0,0,0,865.8045654296875,800.0
5521,1,6,2,3,0.0,0.0,3,1,0,1,1,2,0,0,0,1,0,0,1,0,0,0,0,0,1,0,0,0,0,0,1,0,0,0,1,0,0,0,0,0,0,0,0,0,1,0,0,0,0,0,194001.53125,190000.0
5359,0,3,3,1,0.0,3.0,3,1,1,3,0,3,0,0,0,1,0,0,1,0,0,0,0,0,0,0,0,0,0,0,1,0,0,0,1,0,0,0,0,0,0,0,0,0,1,0,0,0,0,0,0.0,1400.0
5394,0,3,0,1,0.0,2.0,1,1,1,1,0,1,0,0,0,1,0,0,1,0,0,0,0,0,1,0,0,0,1,0,0,0,0,0,1,0,0,0,0,1,0,0,0,1,1,0,0,0,0,0,598.7811279296875,650.0
5515,1,6,1,4,0.0,2.0,2,1,1,1,0,4,0,0,0,1,0,0,1,0,0,0,0,0,1,0,0,0,0,0,1,1,0,0,1,0,0,0,0,0,0,0,0,1,1,0,0,0,0,0,193406.515625,190000.0
5416,0,3,1,1,0.0,1.0,2,1,1,1,1,2,0,0,0,0,0,0,0,1,0,0,0,0,1,0,0,0,0,0,0,0,0,0,1,0,0,0,0,0,0,0,0,0,1,0,0,0,0,0,538.3299560546875,725.0
5510,1,6,5,1,0.0,0.0,5,1,0,2,1,8,0,0,0,1,1,0,1,0,0,0,0,0,1,0,1,1,0,0,0,0,0,0,1,0,0,0,0,0,0,0,0,0,1,0,0,0,0,0,556116.125,550000.0
5536,1,6,2,1,0.0,2.0,2,1,1,1,1,3,0,0,0,1,0,0,1,0,0,0,0,0,1,0,0,0,0,0,1,0,0,0,1,0,0,0,0,0,0,0,0,1,1,0,0,0,0,0,178784.4375,175000.0
5494,0,3,2,1,0.0,4.0,2,1,1,1,0,3,0,0,0,0,1,0,1,0,0,0,0,0,1,0,0,0,1,1,0,0,0,0,1,0,0,0,0,0,0,0,0,0,1,0,0,0,0,0,811.6580810546875,775.0
2543,0,3,5,1,0.0,1.0,4,1,1,0,1,4,0,0,0,1,1,0,1,0,0,0,0,0,1,0,0,1,1,0,0,0,0,0,1,0,0,0,0,1,1,0,0,0,0,0,0,1,0,0,1425.8729248046875,1350.0
5495,0,3,1,1,0.0,3.0,2,1,1,1,0,1,0,0,0,1,1,0,0,0,0,0,0,0,1,0,0,0,0,1,0,0,0,0,1,0,0,0,0,0,0,0,0,0,1,0,0,0,0,0,822.4422607421875,825.0
3642,1,2,1,1,0.0,2.0,1,1,1,1,1,0,0,1,0,0,0,0,1,0,0,0,0,0,0,1,0,0,0,0,0,0,0,0,1,0,0,0,0,0,0,0,0,0,1,0,0,0,0,0,191169.0,190000.0
1431,0,3,2,1,0.0,3.0,2,1,1,1,1,3,1,0,0,0,0,0,0,0,0,0,0,0,0,0,0,0,0,0,0,0,0,1,0,0,0,0,0,0,0,0,1,0,0,0,0,0,0,0,867.5565185546875,1050.0
1439,0,3,1,1,0.0,2.0,1,1,1,1,0,0,1,0,0,0,0,0,0,0,0,0,0,0,0,0,0,0,0,0,0,0,0,0,1,0,0,0,0,0,0,0,1,0,0,0,0,0,0,0,888.8690185546875,700.0
4172,1,2,4,1,0.0,0.0,4,2,1,1,0,7,0,0,0,1,0,0,0,0,0,0,0,0,0,0,0,0,0,1,0,0,1,0,0,0,0,0,0,0,1,0,0,0,1,0,0,0,0,0,669605.5,675000.0
2169,1,6,2,1,0.0,4.0,3,1,0,1,1,7,0,0,0,1,0,0,1,0,0,0,0,0,1,0,0,1,0,0,1,0,0,0,1,0,0,0,0,0,1,0,0,1,1,0,0,0,0,0,159583.765625,155000.0
2172,1,6,3,1,0.0,1.0,3,1,0,1,1,4,0,0,0,0,0,0,0,1,0,0,0,0,0,0,1,0,0,1,1,0,0,0,1,0,0,0,0,0,0,0,0,0,1,0,0,0,0,0,204596.578125,200000.0
2186,0,3,2,1,0.0,0.0,3,1,0,1,1,4,0,0,0,1,1,0,0,0,0,0,0,0,1,0,0,0,0,1,1,0,0,0,1,0,0,0,0,0,1,0,0,0,1,0,0,0,0,0,701.8026123046875,750.0
5200,1,6,0,1,0.0,1.0,1,1,0,1,0,2,0,0,0,1,0,0,0,0,0,0,0,0,0,0,0,0,1,0,0,0,1,0,0,0,0,0,0,0,1,0,0,0,1,0,0,0,0,0,91394.171875,90000.0
5547,1,6,3,1,0.0,1.0,4,1,0,2,0,6,0,0,0,1,1,0,0,0,0,0,0,0,1,0,0,0,0,0,0,0,1,0,0,0,0,0,0,0,1,0,0,0,1,0,0,0,0,0,354944.1875,239950.0
827,1,6,2,1,0.0,2.0,3,1,0,2,1,4,0,0,0,1,1,0,0,0,0,0,0,0,1,0,0,0,0,0,0,0,1,0,0,0,0,0,0,0,1,0,0,0,1,0,0,0,0,0,172383.421875,170000.0
857,0,3,2,1,0.0,2.0,2,1,0,1,1,3,0,0,0,1,1,0,0,0,0,0,0,0,1,0,0,1,1,0,0,0,1,0,0,0,0,0,0,0,1,0,0,0,1,0,0,0,0,0,717.6873779296875,750.0
846,0,3,0,1,0.0,2.0,3,1,0,1,1,3,0,0,0,1,0,0,0,0,0,0,0,0,1,0,0,0,0,0,0,0,1,0,0,0,0,0,0,0,0,0,0,0,1,0,0,0,0,0,759.6112060546875,640.0
1587,0,3,2,1,0.0,1.0,3,1,0,1,1,7,0,0,0,0,1,0,0,0,0,0,0,0,1,0,0,0,0,0,0,0,1,0,0,0,0,0,0,0,0,0,0,0,1,0,0,0,0,0,781.2401123046875,750.0
1622,0,3,3,1,0.0,1.0,3,1,1,0,0,9,0,0,0,1,1,0,1,0,0,0,0,0,0,0,0,0,0,0,1,0,1,0,0,0,0,0,0,0,1,0,0,0,1,0,0,0,0,0,722.6268310546875,795.0
1599,0,3,2,1,0.0,2.0,0,1,0,0,1,2,0,0,0,1,1,0,0,0,0,0,0,0,0,0,0,1,0,0,1,0,1,0,0,0,0,0,0,0,1,0,0,0,1,0,0,0,0,0,617.7772216796875,750.0
1543,0,3,1,1,0.0,1.0,2,1,0,1,1,4,0,0,0,0,0,0,1,0,0,0,0,0,1,0,0,0,0,0,0,0,1,0,0,0,0,0,0,0,1,0,0,0,1,0,0,0,0,0,774.6424560546875,575.0
5178,1,2,4,4,0.0,2.0,1,1,2,1,0,1,0,0,0,1,1,0,0,0,0,0,0,0,1,0,0,1,0,0,0,0,1,0,0,0,0,0,0,0,0,0,0,0,1,0,0,0,0,0,524253.84375,525000.0
5187,0,3,4,1,0.0,3.0,4,1,2,2,1,3,0,0,0,0,0,0,1,0,0,0,0,0,0,0,0,0,0,0,1,0,0,0,0,0,0,0,0,0,0,0,0,0,0,0,0,0,0,0,14764.001953125,1950.0
5182,1,6,2,1,0.0,0.0,2,1,1,1,1,0,0,0,0,0,0,0,0,0,0,0,0,0,0,0,0,0,0,0,0,0,0,0,0,0,0,0,0,0,0,0,0,0,0,0,0,0,0,0,348355.875,345000.0
5189,1,2,2,1,0.0,0.0,1,1,1,1,1,0,0,1,0,0,0,1,0,0,0,0,0,0,0,1,0,0,0,0,0,0,0,1,0,0,0,0,0,0,0,0,1,0,0,0,0,0,0,0,218926.828125,230000.0
684,1,2,2,1,0.0,4.0,2,1,0,1,1,4,0,0,0,0,0,0,0,1,0,0,0,0,1,0,0,0,0,1,1,0,0,0,1,0,0,0,0,1,1,0,0,0,1,0,0,0,0,0,300067.3125,290000.0
2760,1,4,1,1,21.0,4.0,2,1,1,1,1,3,1,0,1,0,0,0,1,0,0,0,0,0,0,1,0,0,0,0,0,0,0,0,1,0,0,0,0,0,1,0,1,0,0,1,0,0,0,0,199353.015625,200000.0
4567,1,7,0,1,0.0,2.0,2,1,1,1,1,1,0,0,0,0,0,0,0,1,0,0,0,0,1,0,1,0,0,0,0,0,0,0,0,0,0,0,0,0,0,0,0,0,1,0,0,0,0,0,119415.8984375,110000.0
4623,1,2,0,1,0.0,0.0,2,1,0,2,0,4,0,0,0,0,0,0,0,1,0,0,0,0,0,0,0,0,0,0,0,0,0,0,0,0,0,0,0,0,0,0,0,1,1,0,0,0,0,0,111887.75,110000.0
3777,1,2,0,1,0.0,1.0,2,1,0,1,1,2,0,0,0,0,0,0,0,1,0,0,0,0,1,0,0,1,1,0,0,0,0,0,0,0,0,0,0,0,0,0,0,0,1,0,0,0,0,0,113255.3671875,120000.0
1316,1,7,0,1,0.0,1.0,3,1,0,1,1,3,0,0,0,0,0,0,1,0,0,0,0,0,0,0,0,0,0,1,1,0,0,0,1,0,0,0,0,0,0,0,0,0,1,0,0,0,0,0,323362.15625,320000.0
2664,1,7,2,3,0.0,3.0,3,1,1,2,1,4,0,0,0,1,0,0,0,0,0,0,0,0,0,0,0,0,0,0,1,0,1,0,0,0,0,0,0,0,0,0,0,0,1,0,0,0,0,0,342382.46875,350000.0
2652,1,7,1,1,0.0,1.0,3,1,0,2,0,2,0,0,0,0,0,0,0,0,0,0,0,0,0,0,0,0,0,0,0,0,0,0,0,0,0,0,0,0,0,0,0,0,1,0,0,0,0,0,208764.203125,215000.0
2606,1,2,0,1,0.0,1.0,1,1,1,1,0,3,0,0,0,0,0,0,0,0,0,0,0,0,0,1,0,0,0,0,0,0,0,0,0,0,0,0,0,0,0,0,0,0,1,0,0,0,0,0,121225.4921875,128000.0
2696,1,2,4,1,0.0,2.0,3,1,1,2,1,3,0,0,0,1,0,0,0,0,0,0,0,0,1,0,0,0,0,0,0,0,1,0,0,0,0,0,0,0,0,0,0,0,1,0,0,0,0,0,422001.5,425000.0
2591,0,3,1,1,0.0,0.0,2,1,1,1,1,0,1,0,0,0,1,0,0,0,0,0,0,0,1,0,0,0,0,0,0,0,1,0,0,0,0,0,0,0,1,0,1,0,0,0,0,0,0,0,710.3221435546875,675.0
3741,0,3,3,1,0.0,2.0,2,1,1,1,1,1,1,0,0,0,0,0,1,0,0,0,0,0,1,0,0,1,0,0,0,0,0,0,0,0,0,0,0,0,0,0,0,0,1,0,0,0,0,0,1244.5057373046875,1200.0
3643,0,3,3,1,0.0,4.0,3,1,1,1,0,2,0,0,0,1,1,0,0,0,0,0,0,0,1,0,0,0,0,1,0,0,0,0,0,0,0,0,0,0,0,0,0,0,1,0,0,0,0,1,1005.1365966796875,1400.0
26,1,7,3,1,0.0,0.0,2,1,1,0,1,2,1,0,0,0,0,0,1,0,0,0,0,0,0,0,0,0,0,0,0,0,0,0,1,0,0,0,0,0,1,0,0,0,1,0,0,0,0,0,128816.6328125,130000.0
9,1,0,5,1,0.0,0.0,4,1,0,1,1,6,0,0,0,1,0,0,0,0,0,0,0,0,1,0,0,1,0,0,1,0,0,0,1,0,0,0,0,0,1,0,0,0,1,0,0,0,0,0,279510.5625,270000.0
11,1,6,1,1,0.0,0.0,1,1,1,1,0,1,0,0,0,0,0,0,0,1,0,0,0,0,0,0,0,1,0,0,0,0,0,0,1,0,0,0,0,0,1,0,0,0,1,0,0,0,0,0,92950.03125,90000.0
23,1,0,2,1,0.0,0.0,3,1,0,1,1,3,0,0,0,1,0,0,1,0,0,0,0,0,1,0,1,0,0,0,0,0,0,0,1,0,0,0,0,0,0,0,0,0,1,0,0,0,0,0,152249.1875,150000.0
30,1,6,2,3,0.0,0.0,2,1,1,0,0,1,0,0,0,0,0,0,0,1,0,0,0,0,0,1,0,0,0,0,1,0,0,0,1,0,0,0,0,0,0,0,0,0,1,0,0,0,0,0,61811.29296875,60000.0
988,1,0,6,1,0.0,1.0,5,1,0,1,1,7,0,0,0,1,1,0,0,0,0,0,0,0,1,0,0,1,1,0,0,0,1,0,0,0,0,0,0,0,1,0,0,0,1,0,0,0,0,0,474132.3125,450000.0
22,1,6,1,3,0.0,0.0,2,1,1,0,1,2,0,0,0,0,0,0,0,1,0,0,0,0,1,0,0,1,0,0,0,0,0,0,1,0,0,0,0,0,0,0,0,0,1,0,0,0,0,0,103084.9921875,130000.0
14,0,3,6,1,0.0,4.0,5,1,1,2,1,2,0,0,0,1,0,0,1,0,0,1,0,0,0,0,0,0,0,1,1,0,0,0,1,0,0,0,0,0,1,0,0,0,0,0,1,0,0,0,928.5643310546875,1200.0
35,0,3,3,1,0.0,0.0,2,1,1,1,1,1,1,0,1,0,0,1,0,0,0,0,0,0,0,1,0,0,0,0,0,0,0,0,1,0,0,0,0,0,1,0,0,0,1,0,0,0,0,0,502.5252990722656,650.0
24,0,3,5,1,0.0,8.0,5,1,1,1,1,6,0,0,1,1,0,0,1,0,0,0,0,0,0,0,0,0,0,0,0,0,0,0,1,0,0,0,0,0,1,0,0,0,1,0,0,0,0,0,2203.470703125,1200.0
780,1,7,0,3,0.0,2.0,3,1,1,1,0,5,0,0,0,1,0,0,1,0,0,0,0,0,1,0,0,1,1,0,0,0,1,0,0,0,0,0,0,1,1,0,0,0,0,0,0,1,0,0,133628.5625,135000.0
3114,1,7,0,1,0.0,0.0,2,1,0,2,0,2,1,0,0,0,0,1,1,0,0,0,0,0,0,1,0,0,0,0,0,0,1,0,0,0,0,0,0,0,1,0,0,0,0,0,0,0,0,1,158232.890625,155000.0
797,0,3,0,1,0.0,3.0,3,1,0,0,1,5,0,0,0,1,0,1,1,0,0,0,0,0,1,0,0,0,1,0,1,0,1,0,0,0,0,0,0,0,0,0,0,0,1,0,0,0,0,0,1211.6971435546875,625.0
788,1,7,0,1,0.0,2.0,4,1,0,2,1,8,0,0,0,1,1,0,1,0,0,0,0,0,0,0,0,0,1,1,1,0,1,0,0,0,0,0,0,0,1,0,0,0,1,0,0,0,0,0,195902.671875,190000.0
787,1,7,0,1,0.0,0.0,3,1,1,1,1,1,0,0,0,0,0,0,0,1,0,0,0,0,0,1,0,0,0,0,1,0,1,0,0,0,0,0,0,0,1,0,0,0,1,0,0,0,0,0,121478.6328125,120000.0
769,0,3,0,1,0.0,2.0,2,1,0,1,0,3,0,0,0,0,0,0,0,1,0,0,0,0,1,0,0,0,0,0,1,0,1,0,0,0,0,0,0,0,1,0,0,0,1,0,0,0,0,0,858.1776123046875,625.0
3352,1,7,0,1,0.0,2.0,2,1,0,1,1,2,0,0,0,1,1,0,0,0,0,0,0,0,0,0,0,1,0,0,0,0,1,0,1,0,0,0,0,0,1,0,0,1,0,0,0,0,0,0,105666.3984375,105000.0
3353,1,7,1,1,0.0,3.0,2,1,0,1,0,5,0,0,0,1,0,0,1,0,0,0,0,0,1,0,0,0,1,1,0,0,1,0,0,0,0,0,0,0,1,0,0,0,1,0,0,0,0,0,228656.921875,160000.0
796,1,7,0,1,0.0,0.0,3,1,0,1,2,4,0,0,0,0,0,0,0,1,0,0,0,0,0,0,0,0,1,1,1,0,1,0,0,0,0,0,0,0,1,0,0,0,1,0,0,0,0,0,121406.7265625,122500.0
784,1,2,0,1,0.0,0.0,3,1,0,0,1,5,0,0,0,0,0,0,0,1,0,0,0,0,1,0,0,0,1,0,1,0,1,0,0,0,0,0,0,0,1,0,0,0,1,0,0,0,0,0,83605.2734375,80000.0
3372,1,7,0,1,0.0,1.0,2,1,0,1,1,3,0,0,0,0,0,0,0,1,0,0,0,0,0,0,0,0,0,0,1,0,1,0,0,0,0,0,0,0,1,0,0,0,1,0,0,0,0,0,139450.828125,142000.0
3081,1,2,0,1,0.0,1.0,2,1,0,1,1,5,0,0,0,0,0,0,1,0,0,0,0,0,0,0,0,1,0,0,1,0,1,0,0,0,0,0,0,0,1,0,0,0,1,0,0,0,0,0,133395.296875,130000.0
3351,0,3,1,1,0.0,8.0,3,1,0,1,1,4,0,0,0,0,0,0,0,1,0,0,0,0,0,0,0,0,1,1,1,0,1,0,0,0,0,0,0,0,1,0,0,0,1,0,0,0,0,0,767.8065185546875,650.0
793,0,3,0,1,0.0,0.0,3,1,0,1,1,1,0,0,0,0,0,0,0,1,0,0,0,0,1,0,0,0,0,0,0,0,1,0,0,0,0,0,0,0,1,0,0,0,1,0,0,0,0,0,728.1463623046875,525.0
762,0,3,0,1,0.0,3.0,2,1,0,1,1,2,0,0,0,0,0,0,0,1,0,0,0,0,1,0,0,0,0,0,0,0,1,0,0,0,0,0,0,0,1,0,0,0,1,0,0,0,0,0,733.6932373046875,595.0
1416,1,6,2,1,0.0,2.0,4,1,1,2,1,2,0,0,0,1,0,0,0,0,0,0,0,0,1,0,0,0,0,1,0,0,0,0,0,0,0,0,0,0,0,0,0,0,1,0,0,0,0,0,210897.9375,300000.0
1342,0,3,4,3,0.0,1.0,2,1,1,1,0,0,0,0,0,0,0,1,1,0,0,1,0,0,0,1,0,0,0,0,0,0,0,0,0,0,0,0,0,0,1,0,0,0,1,0,0,0,0,0,1000.0311279296875,800.0
1349,1,6,3,1,0.0,2.0,4,1,1,2,1,2,0,0,0,1,0,0,0,1,0,0,0,0,0,0,0,0,1,0,0,1,0,0,0,0,0,0,0,0,1,0,0,0,1,0,0,0,0,0,281533.40625,280000.0
1424,0,3,5,1,0.0,3.0,4,1,1,2,2,0,0,0,0,1,1,0,1,0,0,0,0,0,0,0,1,0,1,1,0,0,0,0,0,0,0,0,0,0,1,0,0,0,1,0,0,0,0,0,1840.5955810546875,1600.0
1376,0,3,2,1,0.0,2.0,3,1,1,1,1,6,0,0,0,1,1,0,0,0,0,0,0,0,0,0,1,0,1,0,1,0,0,0,0,0,0,0,0,0,1,0,0,0,1,0,0,0,0,0,1229.6776123046875,895.0
1351,0,3,1,1,0.0,0.0,2,1,1,1,1,1,0,0,0,0,0,0,0,1,0,0,0,0,0,0,0,0,1,0,0,0,0,0,0,0,0,0,0,0,1,0,0,0,1,0,0,0,0,0,823.3143310546875,850.0
2538,1,6,1,1,0.0,1.0,3,1,1,1,1,0,0,0,0,1,0,0,0,0,0,0,0,0,1,0,0,0,0,0,0,0,0,0,0,0,0,0,0,0,1,0,0,0,1,0,0,0,0,0,165367.34375,185000.0
1354,0,3,0,1,0.0,3.0,2,1,1,1,0,0,0,0,0,0,0,0,0,1,0,0,0,0,0,0,0,0,1,0,1,0,0,0,0,0,0,0,0,0,1,0,0,0,1,0,0,0,0,0,997.0565185546875,715.0
1336,0,3,2,1,0.0,3.0,3,1,1,1,1,4,0,0,0,1,1,0,0,0,0,1,0,0,1,0,0,1,1,0,0,0,0,0,0,0,0,0,0,0,1,0,0,0,1,0,0,0,0,0,911.8065185546875,895.0
1379,0,3,2,1,0.0,4.0,3,1,1,2,1,0,0,0,1,1,0,0,0,0,0,0,0,0,1,0,0,1,0,0,0,0,0,0,0,0,0,0,0,0,1,0,0,0,1,0,0,0,0,0,123.86514282226562,945.0
1380,1,6,6,1,0.0,2.0,5,1,1,2,2,2,0,0,0,1,1,0,0,0,0,0,0,0,1,0,0,1,0,0,0,0,0,0,0,0,0,0,0,0,1,0,0,0,1,0,0,0,0,0,807812.1875,615000.0
1361,0,3,2,1,0.0,2.0,2,1,1,1,0,0,0,0,0,0,0,0,0,1,0,0,0,0,0,0,0,0,1,0,0,0,0,0,0,0,0,0,0,0,0,0,0,0,1,0,0,0,0,0,997.4901123046875,775.0
2538,0,3,1,1,0.0,1.0,3,1,1,1,1,0,0,0,0,1,0,0,0,0,0,0,0,0,1,0,0,0,0,0,0,0,0,0,0,0,0,0,0,0,1,0,0,0,1,0,0,0,0,0,766.8748779296875,825.0
4732,0,3,6,1,0.0,0.0,2,1,1,1,1,4,0,0,0,0,0,0,0,1,0,0,0,0,1,0,0,0,1,0,0,0,1,0,0,0,0,0,0,0,0,0,0,0,1,0,0,0,0,1,1695.2479248046875,2400.0
4856,1,7,0,1,0.0,0.0,2,1,1,0,1,2,1,0,0,0,0,0,1,0,0,0,0,0,0,1,0,0,0,0,0,0,1,1,0,1,0,0,0,0,1,0,1,1,0,0,0,0,0,0,159595.96875,154500.0
4749,1,7,3,1,0.0,1.0,3,1,0,2,1,7,0,0,0,1,1,0,1,0,0,0,0,0,1,0,0,1,0,1,0,0,0,0,0,0,0,0,0,1,1,0,0,1,0,0,0,0,0,0,291352.6875,235000.0
4992,1,7,4,1,0.0,1.0,3,2,0,1,1,7,0,0,0,1,1,0,1,0,0,0,0,0,1,0,0,0,0,1,1,0,0,0,0,0,0,0,0,0,1,0,0,0,0,0,0,0,0,0,364727.0625,370000.0
4857,1,7,4,1,0.0,0.0,4,1,0,4,1,9,0,0,0,0,0,0,0,1,0,0,0,0,1,0,1,1,0,0,0,0,0,0,0,0,0,0,0,0,0,0,0,1,1,0,0,0,0,0,507161.9375,510000.0
4819,1,7,2,1,3.0,5.0,3,1,0,1,1,7,0,1,0,0,0,0,0,1,0,0,0,0,1,0,0,1,0,0,1,0,0,0,0,0,0,0,0,0,1,0,0,1,1,0,0,0,0,0,260157.765625,260000.0
4765,1,7,2,1,0.0,1.0,3,1,0,1,1,8,0,0,0,1,1,0,1,0,0,0,0,0,1,0,0,0,0,1,0,0,0,0,0,0,0,0,0,1,0,0,0,1,1,0,0,0,0,0,186231.65625,185000.0
4803,1,7,3,1,0.0,1.0,4,1,1,1,1,6,0,0,0,1,1,0,1,0,0,0,0,0,1,0,0,1,1,0,0,0,0,0,0,0,0,0,0,1,1,0,0,1,0,0,0,0,0,0,269317.5,270000.0
4811,1,7,2,1,0.0,1.0,3,1,0,2,0,6,1,0,0,1,0,0,1,0,0,0,0,0,1,0,1,1,0,0,0,0,0,0,0,0,0,0,0,1,1,0,0,1,0,0,0,0,0,0,165183.0,165000.0
4948,1,7,2,1,0.0,4.0,3,1,0,1,1,6,0,0,0,1,0,0,1,0,0,0,0,0,1,0,1,1,0,0,0,0,0,0,0,0,0,0,0,1,1,0,0,0,1,0,0,0,0,0,190695.109375,190000.0
4771,1,7,2,1,0.0,2.0,3,1,0,1,1,7,0,0,0,1,1,0,1,0,0,0,0,0,1,0,0,1,0,1,0,0,0,0,0,0,0,0,0,1,1,0,0,1,0,0,0,0,0,0,202407.359375,200000.0
5067,1,7,2,1,0.0,2.0,3,1,0,0,1,12,0,0,0,1,1,0,1,0,0,0,0,0,1,0,0,1,0,1,0,0,0,0,0,0,0,0,0,0,1,0,0,1,1,0,0,0,0,0,275619.90625,275000.0
4813,1,7,3,1,0.0,4.0,4,1,0,1,1,12,0,0,0,1,1,0,1,0,0,0,0,0,1,0,0,1,0,0,1,0,0,0,0,0,0,0,0,1,1,0,0,0,0,0,0,0,0,1,461168.21875,460000.0
4852,1,7,3,1,0.0,1.0,4,1,1,3,1,8,0,0,0,1,1,1,0,0,0,0,0,0,1,1,0,0,1,0,0,0,0,0,0,0,0,0,0,1,1,0,0,0,1,0,0,0,0,0,443353.59375,435000.0
4825,1,7,0,1,0.0,1.0,2,1,1,1,0,5,0,0,0,0,0,0,0,1,0,0,0,0,1,0,0,1,0,1,0,0,0,0,0,0,0,0,0,0,1,0,0,1,1,0,0,0,0,0,131442.234375,135000.0
4815,1,7,2,1,0.0,1.0,2,1,0,1,1,9,0,0,0,1,1,0,1,0,0,0,0,0,0,0,1,1,0,0,1,0,0,0,0,0,0,0,0,1,1,0,0,1,0,0,0,0,0,0,223210.65625,220000.0
4972,1,7,3,1,0.0,0.0,6,2,0,2,2,11,0,0,0,1,1,0,1,0,0,0,0,0,1,0,1,0,0,1,0,0,0,0,0,1,0,0,0,1,1,0,0,1,0,0,0,0,0,0,485185.1875,475000.0
4015,0,3,3,1,0.0,1.0,3,1,0,1,0,4,0,0,0,1,1,0,0,0,0,0,0,0,1,0,0,0,0,0,0,0,0,0,1,0,0,0,0,0,1,0,0,0,1,0,0,0,0,0,572.9051513671875,950.0
1226,0,3,2,3,0.0,2.0,3,1,0,1,0,2,0,0,0,0,0,0,1,0,0,1,0,0,1,0,0,1,0,1,0,0,0,0,1,0,0,0,0,1,1,0,0,0,0,0,0,0,0,0,828.0330810546875,995.0
1231,0,3,6,1,0.0,1.0,3,1,1,0,1,7,0,0,0,1,0,0,1,0,0,0,0,0,0,0,0,0,0,0,0,0,0,0,1,0,0,0,0,0,0,0,0,0,0,0,0,0,0,1,3190.810546875,3500.0
320,1,4,1,1,0.0,0.0,4,1,0,1,1,4,0,0,0,0,0,0,0,1,0,0,0,0,1,0,0,1,0,0,0,0,0,0,0,0,0,0,0,0,0,0,0,0,1,0,0,0,0,0,197268.609375,200000.0
631,1,7,5,1,0.0,1.0,4,1,0,2,1,8,0,0,0,1,1,0,1,0,0,0,0,0,1,0,0,1,1,0,0,0,0,0,0,0,0,0,0,0,1,0,0,0,1,0,0,0,0,0,366523.15625,365000.0
629,1,6,1,1,0.0,1.0,2,1,1,1,0,2,0,0,0,1,0,0,1,0,0,0,0,0,1,0,0,0,1,0,0,0,0,0,0,0,0,0,0,0,1,0,0,0,1,0,0,0,0,0,154518.953125,155000.0
630,1,7,4,1,0.0,0.0,3,1,1,1,0,6,0,0,0,1,1,0,1,0,0,0,0,0,1,0,0,0,1,1,0,0,0,0,0,0,0,0,0,0,1,0,0,1,0,0,0,0,0,0,383972.84375,305000.0
615,1,4,2,1,0.0,5.0,4,1,1,1,1,6,0,0,0,1,1,0,1,0,0,0,0,0,1,0,1,1,0,0,0,0,0,0,0,0,0,0,0,0,1,0,0,0,1,0,0,0,0,0,236464.421875,235000.0
1843,1,2,1,1,0.0,4.0,3,1,0,1,1,9,0,0,0,1,1,0,1,0,0,0,0,0,1,0,1,0,0,0,1,0,0,0,1,0,0,0,0,0,1,0,0,1,1,0,0,0,0,0,213724.4375,220000.0
1797,1,4,0,1,0.0,2.0,3,1,0,1,1,6,0,0,0,0,1,0,0,0,0,1,1,0,1,0,1,0,0,0,1,0,0,0,1,0,0,0,0,0,1,0,0,1,1,0,0,0,0,0,113251.3359375,110000.0
1786,1,6,0,3,0.0,5.0,2,1,0,1,1,7,0,0,0,0,0,1,1,0,0,0,0,0,1,0,0,1,0,0,1,0,0,0,1,0,0,0,0,0,1,0,0,1,1,0,0,0,0,0,104315.5625,95000.0
1749,1,6,4,3,0.0,5.0,5,1,0,3,1,10,0,0,0,1,1,0,1,0,0,0,0,0,0,0,0,1,0,1,1,0,0,0,1,0,0,0,0,0,1,0,0,1,1,0,0,0,0,0,293897.78125,290000.0
1685,1,2,2,1,0.0,0.0,4,1,0,2,1,7,0,0,0,0,0,0,0,1,0,0,0,0,1,0,1,0,0,0,1,0,0,0,1,0,0,0,0,0,1,0,0,1,1,0,0,0,0,0,242202.296875,240000.0
1699,1,6,0,1,0.0,1.0,3,1,0,1,1,6,0,0,0,1,1,0,1,0,0,0,0,0,1,0,1,0,0,0,1,0,0,0,1,0,0,0,0,0,1,0,0,1,1,0,0,0,0,0,105360.8046875,105000.0
1745,1,2,0,1,0.0,5.0,3,1,0,2,1,4,0,0,0,0,0,0,0,1,0,0,0,0,1,0,0,1,0,0,1,0,0,0,1,0,0,0,0,0,1,0,0,1,1,0,0,0,0,0,112242.96875,110000.0
1758,1,2,2,3,0.0,6.0,3,1,0,1,1,9,0,0,0,1,1,0,1,0,0,0,0,0,1,0,1,0,0,1,0,0,0,0,1,0,0,0,0,0,1,0,0,0,0,0,0,0,0,0,240331.296875,140000.0
1864,1,2,0,1,0.0,1.0,2,1,0,1,1,7,0,0,0,0,0,0,1,0,0,1,1,0,1,0,0,1,0,0,1,0,0,0,1,0,0,0,0,0,1,0,0,1,1,0,0,0,0,0,105758.953125,100000.0
1752,1,2,2,3,0.0,3.0,3,1,0,2,1,7,0,0,0,1,1,0,1,0,0,0,0,0,1,0,1,0,0,0,1,0,0,0,1,0,0,0,0,0,1,0,0,1,1,0,0,0,0,0,168529.609375,165000.0
1850,1,6,0,1,0.0,1.0,3,1,0,1,1,7,0,0,0,0,1,0,0,1,0,0,0,0,1,0,1,0,0,0,1,0,0,0,1,0,0,0,0,0,1,0,0,1,1,0,0,0,0,0,126030.4453125,125000.0
1827,1,6,2,1,0.0,0.0,3,1,0,2,1,6,1,0,0,0,0,0,1,0,0,1,0,0,1,0,1,0,0,0,1,0,0,0,1,0,0,0,0,0,1,0,0,1,1,0,0,0,0,0,130506.109375,130000.0
1799,1,2,1,1,0.0,0.0,3,1,0,1,1,6,0,0,0,1,1,0,1,0,0,0,0,0,1,0,1,0,0,0,1,0,0,0,1,0,0,0,0,0,1,0,0,1,1,0,0,0,0,0,146328.265625,145000.0
1836,1,6,1,1,0.0,8.0,3,1,0,1,1,8,0,0,0,0,1,0,0,1,0,0,0,0,1,0,0,1,0,0,1,0,0,0,1,0,0,0,1,0,1,0,0,1,0,0,0,0,0,0,249004.546875,125000.0
1699,1,6,0,1,0.0,3.0,3,1,0,1,1,5,0,0,0,1,0,0,1,0,0,0,1,0,1,0,1,0,0,0,1,0,0,0,1,0,0,0,0,0,1,0,0,1,1,0,0,0,0,0,106256.5078125,105000.0
1521,1,6,1,1,0.0,3.0,3,1,0,1,1,7,0,0,0,1,1,0,1,0,0,0,0,0,0,0,0,1,0,1,1,0,0,0,1,0,0,0,0,0,0,0,1,0,0,1,1,0,0,0,124146.3203125,125000.0
941,1,6,3,1,0.0,1.0,4,1,1,1,1,7,0,0,0,1,0,0,0,0,0,0,0,0,1,0,1,0,0,0,0,0,0,0,1,0,0,0,0,0,1,0,0,1,0,0,0,0,0,0,226378.15625,240000.0
939,1,2,3,1,0.0,1.0,4,1,1,1,1,4,0,0,0,1,1,0,0,0,0,0,0,0,1,0,0,0,0,0,0,0,0,0,1,0,0,0,0,0,1,0,0,1,0,0,0,0,0,0,204603.703125,200000.0
942,1,4,0,1,0.0,1.0,2,1,0,1,0,3,0,1,0,0,1,0,0,0,0,0,0,0,1,1,0,0,1,0,0,0,1,0,0,0,0,0,0,1,1,0,0,1,0,0,0,0,0,0,66533.5859375,67000.0
338,1,7,2,1,0.0,6.0,3,1,1,1,1,7,0,0,0,1,1,0,1,0,0,0,0,0,1,0,0,1,1,0,0,0,0,0,0,0,0,0,0,0,0,0,0,0,1,0,0,0,0,0,142534.203125,140000.0
2015,1,7,3,3,0.0,2.0,4,1,1,1,1,4,0,0,0,1,1,0,1,0,0,0,0,0,0,0,0,1,0,1,1,0,0,0,0,0,0,0,0,0,0,0,0,0,1,0,0,0,0,0,283039.65625,285000.0
1886,1,7,0,1,0.0,0.0,3,1,1,1,0,4,0,0,0,0,0,0,0,1,0,0,0,0,1,0,0,1,0,0,0,0,0,0,0,0,0,0,0,0,0,0,0,0,1,0,0,0,0,0,81213.7890625,80000.0
1952,1,7,0,1,0.0,1.0,2,1,1,1,0,3,0,0,0,0,0,0,0,1,0,0,0,0,0,0,0,1,0,0,1,0,0,0,0,0,0,0,0,0,0,0,0,0,1,0,0,0,0,0,108145.71875,110000.0
1966,1,7,0,1,0.0,2.0,3,1,1,1,1,4,0,0,0,0,0,0,0,1,0,0,0,0,0,0,0,0,0,0,0,0,0,0,0,0,0,0,0,0,0,0,0,0,1,0,0,0,0,0,96455.0703125,95000.0
223,1,7,1,1,0.0,1.0,3,1,1,1,1,2,0,0,0,1,1,0,0,0,0,0,0,0,0,0,0,1,1,0,1,0,1,0,0,0,0,0,0,0,0,0,0,0,1,0,0,0,0,0,147690.21875,150000.0
240,1,7,1,3,0.0,0.0,3,1,1,2,1,4,0,0,0,1,0,0,1,0,0,0,0,0,1,0,0,0,0,0,0,0,1,0,0,0,0,0,0,0,0,0,0,0,1,0,0,0,0,0,152944.328125,150000.0
256,1,7,2,1,0.0,1.0,3,1,1,1,1,5,0,0,0,1,0,0,1,0,0,0,0,0,0,0,0,1,0,0,1,0,0,0,0,0,0,0,0,0,0,0,0,0,1,0,0,0,0,0,173388.703125,170000.0
2045,0,3,3,1,0.0,4.0,4,1,1,2,1,6,0,0,0,1,1,0,1,0,0,0,0,0,0,0,1,1,0,0,1,0,0,0,0,0,0,0,0,0,0,0,0,0,1,0,0,0,0,0,1137.4822998046875,875.0
242,1,4,1,1,0.0,1.0,3,1,1,1,1,4,0,0,0,0,0,0,0,1,0,0,0,0,1,0,0,1,0,0,0,0,0,0,0,0,0,0,0,1,0,0,0,0,0,0,0,0,0,0,112703.75,110000.0
324,1,7,1,1,0.0,5.0,2,1,1,1,1,1,0,0,0,1,0,0,0,0,0,0,0,0,1,0,0,1,0,0,0,0,1,0,0,0,0,0,0,0,0,0,0,1,0,0,0,0,0,0,110553.7421875,110000.0
2017,1,7,0,1,0.0,1.0,2,1,1,1,1,1,0,0,0,0,0,0,0,1,0,0,0,0,0,0,0,1,0,0,1,0,0,0,0,0,0,0,0,0,1,0,0,0,1,0,0,0,0,0,99677.6875,100000.0
1953,1,7,0,1,0.0,1.0,2,1,1,1,0,4,0,0,0,0,0,0,0,0,0,0,0,0,0,0,0,1,0,0,0,0,0,0,0,0,0,0,0,0,0,0,0,0,1,0,0,0,0,0,91200.578125,90000.0
1971,1,7,0,1,0.0,1.0,2,1,1,1,1,2,0,0,0,0,0,0,0,1,0,0,0,0,1,0,0,1,0,0,0,0,0,0,0,0,0,0,0,0,0,0,0,0,1,0,0,0,0,0,85521.078125,77500.0
1904,1,4,3,1,0.0,2.0,3,1,1,2,1,3,0,0,0,1,1,0,1,0,0,0,0,0,0,0,0,1,1,0,1,0,1,0,0,0,0,0,0,0,0,0,0,0,1,0,0,0,0,0,245853.796875,275000.0
327,1,7,2,1,0.0,1.0,3,1,1,1,1,3,0,0,0,1,1,0,1,0,0,0,0,0,0,0,0,1,0,0,1,0,0,0,0,0,0,0,0,0,0,0,0,0,1,0,0,0,0,0,162111.828125,170000.0
1994,1,7,2,1,0.0,0.0,2,1,1,1,1,3,0,0,0,0,0,0,0,1,0,0,0,0,0,0,1,1,1,0,0,0,0,0,0,0,0,0,0,0,0,0,0,0,1,0,0,0,0,0,201684.296875,200000.0
1891,1,7,0,1,0.0,0.0,3,1,1,1,1,1,0,0,0,1,0,0,1,0,0,0,0,0,0,0,0,1,0,1,1,0,0,0,0,0,0,0,0,0,0,0,0,0,1,0,0,0,0,0,90408.5234375,92000.0
1947,1,7,0,1,0.0,1.0,4,1,1,1,1,4,0,0,0,1,0,1,1,0,0,0,0,0,0,0,1,1,0,0,1,0,0,0,0,0,0,0,0,0,0,0,0,0,1,0,0,0,0,0,123650.2421875,120000.0
1906,1,7,2,1,0.0,1.0,4,1,1,1,1,6,0,0,0,1,1,0,1,0,0,0,0,0,0,0,0,0,0,0,0,1,0,0,0,0,0,0,0,0,0,0,0,0,1,0,0,0,0,0,188132.921875,180000.0
2027,0,3,1,1,0.0,3.0,2,0,0,1,1,1,0,1,0,0,0,0,1,0,0,0,0,0,0,0,0,0,0,0,0,0,0,1,0,0,0,0,0,0,0,0,1,0,0,0,0,0,0,0,397.1249084472656,450.0
224,1,7,1,1,0.0,1.0,3,1,1,1,1,7,0,0,0,0,1,0,0,1,0,0,0,0,0,0,0,1,0,0,1,0,0,0,0,0,0,0,0,0,0,0,0,0,1,0,0,0,0,0,172467.40625,170000.0
274,0,3,2,1,0.0,2.0,3,1,1,1,1,5,0,0,0,1,0,0,1,0,0,0,0,0,0,0,1,1,0,0,1,0,0,0,0,0,0,0,0,0,0,0,0,0,1,0,0,0,0,0,873.5565185546875,800.0
1884,0,3,0,1,0.0,3.0,2,1,1,1,1,2,0,0,0,0,0,0,0,1,0,0,0,0,0,0,1,1,1,0,0,0,0,0,0,0,0,0,0,0,0,0,0,0,1,0,0,0,0,0,764.9744873046875,475.0
1879,0,3,0,1,0.0,2.0,3,1,1,1,1,5,0,0,0,0,0,0,0,1,0,0,0,0,0,0,0,0,0,0,1,0,0,0,1,0,0,0,0,0,0,0,0,0,1,0,0,0,0,0,748.2440185546875,600.0
1989,1,7,0,4,0.0,1.0,2,1,1,1,1,3,0,0,0,0,0,0,0,1,0,0,0,0,0,0,0,1,0,0,0,0,0,0,1,0,0,0,0,1,0,0,0,0,0,0,0,0,0,0,99109.1171875,138000.0
253,1,7,1,1,0.0,1.0,2,1,1,1,1,3,0,0,0,0,0,0,0,1,0,0,0,0,0,0,0,0,1,0,1,0,0,0,0,0,0,0,0,0,0,0,0,0,1,0,0,0,0,0,96588.3203125,94950.0
1258,0,3,0,1,0.0,1.0,2,1,0,1,0,2,0,0,0,1,1,0,0,0,0,0,0,0,0,0,0,0,0,0,0,1,0,0,0,0,0,0,0,1,0,0,0,0,0,0,0,0,0,0,473.0399475097656,525.0
2014,0,3,0,1,0.0,1.0,1,1,1,2,0,3,0,0,0,0,0,0,0,1,0,0,0,0,0,0,0,1,1,0,0,0,0,0,0,0,0,0,0,0,0,0,0,0,1,0,0,0,0,0,527.9588623046875,550.0
3292,1,6,0,1,0.0,1.0,2,1,0,1,0,6,0,0,0,0,0,0,0,0,1,0,0,0,0,0,0,1,1,0,0,0,0,0,0,0,0,0,0,0,0,0,0,0,1,0,0,0,0,0,110597.2421875,110000.0
976,0,3,1,1,0.0,1.0,2,1,1,1,0,1,0,0,0,0,0,0,0,1,1,0,0,0,0,1,0,1,0,0,1,0,0,0,1,0,0,0,0,0,0,0,1,0,0,0,0,0,0,0,410.2713928222656,1400.0
444,0,3,1,1,0.0,2.0,2,1,0,1,0,1,0,0,0,0,0,0,0,1,0,0,0,0,1,1,0,0,0,1,0,0,0,0,1,0,0,0,0,1,0,0,0,1,1,0,0,0,0,0,1453.5565185546875,1350.0
437,1,2,1,1,0.0,0.0,2,1,1,0,0,1,0,0,0,0,1,0,0,0,0,1,1,0,0,0,0,0,0,0,0,0,0,0,0,0,0,0,0,1,0,0,0,1,1,0,0,0,0,0,449534.96875,450000.0
448,0,3,1,1,0.0,1.0,2,1,1,2,0,0,0,0,0,0,0,0,0,1,0,0,0,0,0,0,0,0,0,0,0,0,0,0,1,0,0,0,0,1,1,0,0,0,1,0,0,0,0,0,1105.6112060546875,1450.0
447,0,3,0,1,0.0,1.0,1,1,1,1,0,1,0,0,0,0,0,0,0,1,1,0,0,0,0,0,0,0,0,0,0,0,0,0,1,0,0,0,0,0,1,0,1,0,0,0,0,0,0,0,667.2362060546875,825.0
457,0,3,0,1,0.0,2.0,1,1,1,1,0,1,0,0,0,0,0,0,0,1,0,0,0,1,1,0,1,0,0,1,0,0,0,0,1,0,0,0,0,1,1,0,0,0,1,0,0,0,0,0,1325.4510498046875,1030.0
474,1,2,1,1,0.0,1.0,2,1,1,1,1,1,1,0,0,0,0,0,1,0,0,1,0,0,0,0,0,0,0,0,0,0,0,0,1,0,0,0,0,0,0,0,0,1,1,0,0,0,0,0,329477.0,325000.0
472,1,6,4,1,0.0,7.0,3,1,1,1,1,2,0,0,0,1,1,0,1,0,0,0,0,0,1,0,0,0,0,1,0,1,1,0,0,0,0,0,0,1,1,0,0,0,1,0,0,0,0,0,623319.0,630000.0
449,0,3,1,1,0.0,1.0,2,1,1,1,1,1,0,0,0,0,0,0,0,1,0,0,0,0,0,0,0,0,0,0,0,0,0,0,1,0,0,0,0,1,0,0,0,0,1,0,0,0,0,0,0.0,1100.0
421,0,3,2,1,0.0,1.0,3,1,1,1,0,2,0,0,0,0,0,0,0,1,1,0,0,0,1,0,1,0,0,1,0,0,0,0,1,0,0,0,0,1,1,0,0,0,1,0,0,0,0,0,1594.7557373046875,1650.0
469,0,3,0,1,0.0,2.0,1,1,1,1,0,0,0,0,0,0,0,0,0,1,0,0,0,0,1,0,1,0,0,1,0,0,0,0,1,0,0,0,0,1,0,0,0,1,1,0,0,0,0,0,876.4197998046875,1050.0
429,1,4,0,1,0.0,1.0,1,1,1,1,0,1,0,0,0,0,0,0,0,1,0,0,0,0,1,0,0,0,1,0,1,0,1,0,0,0,0,0,0,1,1,0,0,0,1,0,0,0,0,0,147937.03125,140000.0
431,0,3,0,1,0.0,3.0,1,1,0,1,1,0,0,0,0,0,0,0,0,0,0,0,0,0,0,0,0,0,0,0,0,0,0,0,0,0,0,0,0,0,0,0,1,0,0,0,0,0,0,0,626.5916748046875,750.0
399,0,3,4,1,0.0,0.0,4,1,1,1,1,1,0,0,0,1,0,0,1,0,0,0,0,0,1,0,0,1,0,1,0,0,0,0,0,0,0,0,0,1,1,0,0,0,1,0,0,0,0,0,1474.7674560546875,2000.0
385,0,3,0,1,0.0,4.0,1,1,1,2,1,4,1,0,0,0,0,0,1,0,0,1,0,0,1,0,0,0,1,1,0,0,0,0,1,0,0,0,0,1,1,0,0,0,1,0,0,0,0,0,933.6815185546875,1200.0
457,0,3,0,1,0.0,0.0,1,1,1,1,0,1,0,0,0,0,0,0,0,1,0,0,0,0,0,0,0,0,0,0,0,0,0,0,1,0,0,0,0,1,1,0,0,0,1,0,0,0,0,0,580.8065185546875,925.0
395,0,3,0,1,0.0,1.0,0,1,0,1,0,1,0,0,0,0,0,0,0,0,1,0,0,0,0,0,0,0,0,0,0,0,0,0,1,0,0,0,0,0,0,0,1,0,0,1,0,0,0,0,936.2322998046875,750.0
478,0,3,0,1,0.0,1.0,1,1,1,1,0,1,1,0,0,1,0,0,1,0,0,0,0,0,1,0,0,0,0,1,1,0,1,0,1,0,0,0,0,1,1,0,0,0,1,0,0,0,0,0,687.3455810546875,900.0
477,0,3,0,1,0.0,3.0,1,1,1,1,0,1,0,0,0,0,0,0,0,1,0,0,0,0,1,0,1,0,0,1,0,0,0,0,1,0,0,0,0,1,1,0,0,0,1,0,0,0,0,0,857.7518310546875,900.0
456,0,3,0,1,0.0,1.0,1,1,1,2,0,1,0,0,0,0,0,0,0,1,0,0,0,1,0,0,0,0,0,0,0,0,0,0,1,0,0,0,0,0,1,0,0,1,1,0,0,0,0,0,826.7147216796875,950.0
430,0,3,0,1,0.0,3.0,1,1,1,1,0,0,0,0,0,0,0,0,0,1,1,0,0,0,0,0,0,0,0,0,0,0,0,0,0,0,0,0,0,1,0,0,0,1,1,0,0,0,0,0,716.2166748046875,850.0
434,0,3,4,1,0.0,1.0,2,1,1,1,1,1,1,0,1,0,0,0,0,0,0,1,0,0,1,0,1,0,0,0,0,1,1,0,0,1,0,1,0,1,0,1,1,0,0,0,0,0,0,0,1064.4432373046875,1700.0
445,0,3,2,1,0.0,1.0,1,1,0,0,1,3,0,0,0,0,0,0,0,0,0,0,0,0,0,0,0,0,0,0,0,0,0,0,0,0,0,0,0,1,0,0,0,1,1,0,0,0,0,0,1159.7791748046875,1250.0
410,1,4,2,1,0.0,0.0,3,1,1,1,1,3,0,0,0,0,0,0,0,1,0,0,0,0,1,0,1,1,0,0,0,0,0,0,1,0,0,0,0,1,0,0,0,1,1,0,0,0,0,0,362386.0625,350000.0
457,0,3,0,1,0.0,1.0,1,1,1,1,0,1,0,0,0,0,0,0,0,1,0,0,0,0,0,0,0,0,0,0,0,0,0,0,1,0,0,0,0,1,1,0,0,0,1,0,0,0,0,0,513.1502685546875,925.0
3636,0,3,1,1,0.0,1.0,1,1,1,0,0,4,1,0,0,0,0,0,1,0,0,0,0,0,0,1,0,0,0,0,0,0,0,0,0,0,0,0,0,0,1,0,0,0,1,0,0,0,0,0,455.5838928222656,525.0
3634,0,3,0,1,0.0,1.0,2,1,1,1,0,3,0,0,0,0,0,0,1,0,0,0,1,1,0,1,0,0,0,0,0,0,0,0,1,0,0,0,0,1,1,0,0,0,1,0,0,0,0,0,0.0,595.0
307,1,4,1,1,0.0,0.0,1,0,0,1,0,0,0,1,0,0,0,0,0,0,0,0,0,0,0,1,0,0,0,0,0,0,1,0,0,0,0,0,0,0,0,0,1,0,0,0,0,0,0,0,102532.9921875,130000.0
3631,0,3,2,1,0.0,4.0,3,1,1,1,1,3,0,0,0,1,0,0,1,0,0,1,0,0,1,0,1,0,0,1,0,0,0,0,0,0,0,0,0,1,1,0,0,0,1,0,0,0,0,0,981.1190185546875,800.0
2564,1,4,3,1,0.0,1.0,4,1,1,2,1,10,0,0,0,1,0,0,1,0,0,0,0,0,1,0,1,0,0,0,1,0,1,0,0,0,0,0,0,0,1,0,0,0,1,0,0,0,0,0,305643.6875,300000.0
2515,1,4,5,1,0.0,0.0,4,1,0,3,1,9,0,0,0,1,1,0,1,0,0,0,0,0,1,0,0,1,1,0,0,0,0,0,0,0,0,0,0,0,1,0,0,0,1,0,0,0,0,0,475018.90625,625000.0
2567,0,3,6,1,0.0,4.0,5,1,1,1,1,10,0,0,0,1,1,1,0,0,0,0,0,0,1,0,0,1,0,1,0,0,0,0,0,0,0,0,0,1,1,0,0,0,1,0,0,0,0,0,984.3455810546875,1650.0
2515,1,4,5,1,0.0,1.0,4,1,0,3,1,9,0,0,0,1,1,0,1,0,0,0,0,0,1,0,0,1,0,0,0,0,0,0,0,0,0,0,0,0,1,0,0,0,1,0,0,0,0,0,465457.59375,625000.0
2513,1,2,6,3,0.0,0.0,5,1,1,2,1,6,0,0,0,1,0,0,1,0,0,0,0,0,0,0,1,0,0,1,1,0,1,0,0,0,0,0,0,0,0,0,0,0,1,0,0,0,0,0,588060.5625,600000.0
2532,1,2,3,3,0.0,0.0,3,1,0,3,1,8,0,0,0,1,1,0,1,0,0,0,0,0,1,0,0,1,0,1,0,0,1,0,0,0,0,0,0,0,1,0,0,0,1,0,0,0,0,0,244349.234375,240000.0
5239,1,2,1,1,0.0,0.0,2,1,1,1,0,0,0,0,0,0,0,0,1,0,0,0,0,0,0,0,0,0,0,0,0,0,0,0,0,0,0,0,0,0,0,0,0,0,0,0,0,0,0,0,136393.21875,140000.0
3730,1,1,1,3,0.0,0.0,2,1,1,1,0,0,0,0,0,0,0,0,0,1,1,0,0,0,1,0,1,0,0,0,0,0,0,0,1,0,0,0,0,0,0,0,0,0,1,0,0,0,0,0,190946.546875,190000.0
3735,1,2,2,1,0.0,4.0,3,1,2,1,1,0,0,0,0,1,0,0,1,0,0,0,0,0,1,0,1,0,0,1,0,0,0,0,1,0,0,0,0,0,0,0,0,0,1,0,0,0,0,0,409090.875,415000.0
1095,0,3,0,1,0.0,2.0,1,1,1,1,0,0,1,0,0,1,0,0,0,0,0,1,0,0,1,1,1,0,0,0,0,0,0,0,1,0,0,0,0,1,0,0,0,1,1,0,0,0,0,0,976.9451904296875,700.0
1117,1,2,2,1,0.0,8.0,3,1,1,1,1,3,0,0,0,1,1,0,1,0,0,0,0,0,1,0,1,0,1,0,0,0,1,0,0,0,0,0,0,1,1,0,0,1,0,0,0,0,0,0,288659.15625,290000.0
1144,1,7,2,1,0.0,0.0,2,1,1,1,1,4,0,0,0,0,1,0,0,0,0,1,0,1,0,1,0,0,0,0,0,0,1,1,0,0,0,0,0,1,1,0,0,1,0,0,0,0,0,0,162251.265625,224950.0
1119,0,3,3,1,0.0,3.0,4,1,1,2,1,3,0,0,0,1,1,0,0,0,0,0,0,0,0,0,0,1,0,0,1,0,0,0,1,0,0,0,0,0,1,0,0,0,1,0,0,0,0,0,1669.6541748046875,1500.0
1105,0,3,1,1,0.0,0.0,1,1,1,1,0,0,0,0,0,0,0,0,1,0,0,0,0,0,0,0,0,0,0,0,0,0,0,0,0,0,0,0,0,0,1,0,0,0,1,0,0,0,0,0,970.2987060546875,900.0
2336,1,7,1,1,0.0,4.0,3,1,1,1,1,7,0,0,0,1,0,0,1,0,0,0,0,0,0,0,0,0,1,0,1,0,1,0,0,0,0,0,0,0,0,0,0,0,1,0,0,0,0,0,215605.921875,240000.0
2271,1,4,1,3,0.0,0.0,2,1,1,1,0,3,1,0,0,0,0,0,1,0,0,0,0,0,0,0,0,0,0,0,0,0,0,0,0,0,0,0,0,0,0,0,1,0,0,0,0,0,0,0,109582.0703125,110000.0
2323,1,4,2,1,0.0,1.0,3,1,1,2,1,6,1,0,1,0,0,0,1,0,0,0,0,0,0,0,1,0,1,0,1,0,1,0,0,0,0,0,0,0,0,0,0,0,1,0,0,0,0,0,236200.765625,240000.0
2364,1,4,5,1,0.0,3.0,5,1,1,2,1,10,0,0,0,1,1,0,1,0,0,0,0,0,0,0,1,0,1,1,0,0,0,0,0,0,0,0,0,0,0,0,0,0,1,0,0,0,0,0,507758.25,500000.0
2352,1,4,2,1,0.0,0.0,4,1,1,2,0,5,0,0,0,1,0,0,1,0,0,0,0,0,0,0,1,0,0,1,0,0,0,0,0,0,0,0,0,0,0,0,0,0,1,0,0,0,0,0,199737.703125,260000.0
2316,1,4,1,1,0.0,4.0,3,1,1,1,1,4,0,0,0,0,0,0,0,1,0,0,0,0,0,0,1,0,1,0,1,0,0,0,0,0,0,0,0,0,0,0,0,0,1,0,0,0,0,0,170667.921875,170000.0
2344,1,4,2,1,0.0,3.0,3,1,0,2,1,6,1,0,0,1,0,0,1,0,0,0,0,0,0,0,1,0,0,0,1,0,0,0,0,0,0,0,0,0,0,0,0,0,1,0,0,0,0,0,153532.5,210000.0
2302,1,4,1,1,0.0,12.0,3,1,0,1,1,5,0,0,0,1,1,0,1,0,0,0,0,0,0,0,1,0,1,0,1,0,0,0,0,0,0,0,0,0,0,0,0,0,1,0,0,0,0,0,188178.046875,180000.0
2343,1,4,2,1,0.0,2.0,4,1,0,1,1,8,0,0,0,1,0,0,1,0,0,0,0,0,1,0,1,1,0,0,0,0,0,0,0,0,0,0,0,0,0,0,0,0,1,0,0,0,0,0,294919.15625,375000.0
2312,1,6,1,1,0.0,2.0,3,1,0,2,1,6,0,0,0,1,0,0,0,0,0,0,0,0,1,0,1,1,0,0,0,0,0,0,0,0,0,0,0,0,0,0,0,0,1,0,0,0,0,0,191207.921875,230000.0
2320,1,6,0,3,0.0,0.0,2,1,0,1,1,3,0,0,0,0,0,0,0,1,0,0,0,0,1,0,1,0,0,0,0,0,0,0,0,0,0,0,0,0,0,0,0,0,1,0,0,0,0,0,129802.3046875,130000.0
2298,1,4,3,1,0.0,2.0,4,1,0,2,1,8,0,0,0,1,1,0,0,0,0,0,0,0,1,0,1,0,1,0,0,0,0,0,0,0,0,0,0,0,0,0,0,0,1,0,0,0,0,0,350205.8125,340000.0
2342,1,4,6,3,0.0,0.0,6,1,0,2,1,12,0,0,0,1,1,0,0,0,0,0,0,0,0,0,1,0,1,0,1,0,0,0,0,0,0,0,0,0,0,0,0,0,0,0,1,0,0,0,646984.875,650000.0
2346,1,7,4,3,0.0,1.0,5,1,1,2,1,10,0,0,0,1,1,0,0,1,0,0,0,0,0,0,1,0,1,0,0,0,0,0,0,0,0,0,0,0,0,0,0,0,1,0,0,0,0,0,351886.0625,350000.0
2347,1,0,4,4,0.0,5.0,2,1,2,2,0,4,0,0,0,1,0,0,1,0,0,0,0,0,0,0,0,1,0,0,1,0,0,0,0,0,0,0,0,0,0,0,0,0,0,0,1,0,0,0,235736.484375,230000.0
2292,1,7,1,1,0.0,2.0,2,1,0,2,1,3,0,0,0,1,0,0,1,0,0,0,0,0,0,0,1,0,0,0,1,0,0,0,0,0,0,0,0,0,0,0,0,0,1,0,0,0,0,0,79503.0390625,70000.0
3118,0,3,1,1,0.0,4.0,1,1,1,1,1,0,1,0,0,0,0,0,1,0,0,1,0,0,0,1,0,0,0,0,0,0,0,0,0,0,0,0,0,1,0,0,0,1,1,0,0,0,0,0,882.1893310546875,560.0
3084,0,3,0,1,0.0,3.0,2,1,0,1,1,4,0,0,0,1,0,0,1,0,0,0,0,0,1,0,0,1,1,0,0,0,1,0,0,0,0,0,0,0,1,0,0,0,1,0,0,0,0,0,551.1766357421875,600.0
3311,0,3,0,1,0.0,7.0,2,1,1,1,1,2,0,0,0,1,0,0,1,0,0,0,0,0,0,0,0,0,0,1,0,0,0,0,0,0,0,0,0,0,0,0,0,1,1,0,0,0,0,0,406.1776428222656,575.0
3097,0,3,2,1,0.0,1.0,3,1,1,1,1,3,0,0,0,0,1,0,0,0,0,0,0,0,1,0,0,0,1,0,0,0,0,0,0,0,0,0,0,1,0,0,0,1,1,0,0,0,0,0,466.5252990722656,725.0
3369,0,3,0,1,0.0,4.0,2,1,1,2,1,2,0,0,0,0,0,0,0,1,0,0,0,0,0,0,0,0,0,0,1,0,0,0,0,0,0,0,0,0,0,0,0,1,1,0,0,0,0,0,16.630767822265625,615.0
3775,0,3,0,1,0.0,1.0,1,1,0,1,1,2,0,0,0,0,0,0,0,1,0,0,0,0,0,1,0,0,0,0,0,0,0,0,1,0,0,0,0,0,0,0,1,0,0,0,0,0,0,0,668.6112060546875,550.0
3824,0,3,1,1,0.0,2.0,3,1,0,1,1,3,0,0,1,1,0,0,0,0,0,0,0,0,1,0,1,1,0,0,0,0,1,0,0,0,0,0,0,0,1,0,0,0,1,0,0,0,0,0,0.0,685.0
3824,0,3,1,1,0.0,2.0,2,1,1,0,0,4,0,0,0,1,1,0,0,0,0,0,0,0,0,0,0,0,0,0,1,0,1,0,0,1,0,0,0,0,1,0,0,0,1,0,0,0,0,0,668.8377685546875,650.0
3823,1,6,2,1,0.0,2.0,4,1,0,1,1,8,0,0,0,0,1,0,1,0,0,0,0,0,0,0,1,0,0,0,1,0,1,0,0,0,0,0,0,0,1,0,0,0,1,0,0,0,0,0,183953.90625,300000.0
3846,0,3,0,1,0.0,1.0,3,1,0,1,1,4,0,0,0,0,0,0,0,1,0,0,0,0,1,0,0,1,0,1,0,0,1,0,1,0,0,0,0,0,1,0,0,0,1,0,0,0,0,0,532.4412841796875,550.0
3828,0,3,0,1,0.0,1.0,2,1,0,2,0,3,0,0,0,0,0,0,1,0,0,0,0,0,1,0,1,1,0,0,0,0,1,0,0,0,0,0,0,0,1,0,0,0,1,0,0,0,0,0,675.2728271484375,620.0
3836,1,2,1,1,0.0,0.0,3,1,0,1,2,5,0,0,0,1,0,1,0,0,0,0,0,0,0,0,1,0,0,1,0,0,1,0,0,0,0,0,0,0,1,0,0,0,1,0,0,0,0,0,155792.359375,160000.0
1272,0,3,1,1,0.0,3.0,2,1,1,1,0,2,1,1,0,0,0,0,1,0,0,0,0,0,0,1,0,0,0,0,0,0,0,0,1,0,0,0,0,0,1,0,1,0,0,0,0,0,0,0,939.2479248046875,525.0
5244,1,7,0,1,0.0,3.0,2,1,0,1,1,5,0,0,0,1,0,0,1,0,0,0,0,0,1,0,0,0,0,0,1,0,0,0,1,0,0,0,0,0,1,0,0,1,1,0,0,0,0,0,124119.5078125,119950.0
5234,1,7,0,1,0.0,2.0,1,1,1,0,0,3,1,0,0,0,0,0,0,0,0,1,0,0,0,1,0,0,0,0,0,0,0,0,1,0,0,0,0,0,1,0,0,1,1,0,0,0,0,0,79324.9453125,79950.0
308,1,2,1,1,0.0,2.0,2,1,0,1,0,4,0,0,0,0,0,0,0,1,0,0,0,0,1,0,0,0,0,0,1,0,0,0,1,0,0,0,0,0,1,0,0,1,1,0,0,0,0,0,84957.5859375,83000.0
323,1,7,2,1,0.0,4.0,3,1,0,0,1,5,0,0,0,0,0,0,0,1,0,0,0,0,1,0,0,1,0,0,1,0,0,0,1,0,0,0,0,0,1,0,0,1,1,0,0,0,0,0,201072.0625,129950.0
5211,1,7,0,1,0.0,3.0,2,1,1,0,0,5,0,1,0,0,0,0,0,0,0,0,0,0,0,1,0,0,0,0,0,0,0,0,1,0,0,0,0,0,1,0,0,1,1,0,0,0,0,0,66095.53125,59950.0
1266,1,2,0,1,0.0,2.0,2,1,1,1,0,4,0,0,0,0,0,0,0,1,0,0,0,0,0,0,0,1,0,0,0,0,0,0,1,0,0,0,0,0,1,0,0,1,1,0,0,0,0,0,91579.5234375,93000.0
5219,1,6,2,1,0.0,1.0,3,1,0,1,1,5,0,0,0,1,0,0,1,0,0,0,0,0,1,0,0,0,0,0,0,0,0,0,1,0,0,0,0,0,1,0,0,1,1,0,0,0,0,0,140310.984375,142000.0
3392,1,2,5,1,0.0,0.0,1,0,0,0,0,0,0,0,0,1,1,0,0,0,0,0,0,0,1,0,0,1,0,0,0,0,0,0,1,0,0,0,0,1,0,0,0,0,0,0,0,0,0,0,859155.3125,850000.0
118,0,3,1,1,0.0,1.0,2,1,1,1,0,3,0,0,0,0,1,0,0,0,0,0,0,0,0,0,0,0,0,0,0,0,0,0,1,0,0,0,0,0,1,0,1,0,0,0,0,0,0,0,867.6619873046875,635.0
5038,0,3,1,1,0.0,5.0,2,1,1,2,1,4,1,0,0,0,0,0,1,0,0,0,0,1,0,0,0,0,0,0,0,0,0,0,1,0,0,0,0,0,0,0,0,0,1,0,0,0,0,0,397.3514709472656,675.0
114,0,3,0,1,0.0,0.0,1,1,1,1,0,2,0,0,0,1,1,0,1,0,0,0,0,0,0,0,0,1,0,1,0,0,0,0,1,0,0,0,0,0,1,0,0,0,1,0,0,0,0,0,554.4002685546875,600.0
105,0,3,1,1,0.0,1.0,2,2,1,1,0,2,1,0,0,0,0,0,1,0,0,0,0,0,0,0,0,0,0,0,0,0,0,0,1,0,0,0,0,0,1,0,0,0,1,0,0,0,0,0,556.5565185546875,610.0
123,0,3,1,1,0.0,2.0,2,1,1,1,1,4,0,0,0,0,0,0,1,0,0,0,0,0,1,0,0,0,0,0,0,0,0,0,1,0,0,0,0,0,1,0,0,0,1,0,0,0,0,0,1016.4393310546875,675.0
120,0,3,0,1,0.0,1.0,2,1,1,1,0,3,0,0,0,0,1,0,1,0,0,0,0,0,0,1,0,0,0,0,1,0,0,0,0,0,0,0,0,0,1,0,0,0,1,0,0,0,0,0,738.0135498046875,700.0
121,1,4,3,1,0.0,4.0,3,1,0,2,1,7,0,0,0,1,1,0,0,0,0,0,0,0,1,0,0,0,0,0,0,0,0,0,1,0,0,0,0,0,1,0,0,0,1,0,0,0,0,0,246288.0625,294000.0
105,0,3,1,1,0.0,2.0,2,2,1,1,0,2,1,0,0,0,0,0,1,0,0,0,0,0,0,0,0,0,0,0,0,0,0,0,1,0,0,0,0,0,1,0,0,0,1,0,0,0,0,0,525.6502685546875,610.0
117,0,3,1,1,0.0,7.0,2,1,0,1,1,5,0,0,0,1,1,0,1,0,0,0,0,0,1,0,0,1,1,0,0,0,0,0,1,0,0,0,0,0,1,0,0,0,1,0,0,0,0,0,701.0018310546875,700.0
106,0,3,2,1,0.0,5.0,3,1,1,2,0,5,1,0,0,0,0,0,0,0,0,0,0,0,1,0,0,0,0,0,0,0,0,0,1,0,0,0,0,0,1,0,0,0,1,0,0,0,0,0,888.4315185546875,750.0
4316,1,2,2,1,0.0,0.0,2,1,1,1,0,4,1,0,0,0,0,0,0,0,0,0,0,0,0,1,0,0,0,0,0,1,0,0,0,0,0,0,0,0,1,0,0,0,1,0,0,0,0,0,202699.359375,200000.0
1436,0,3,2,1,0.0,1.0,2,1,0,1,1,3,0,1,0,0,0,0,0,0,0,0,0,0,0,1,0,0,0,0,0,0,0,0,1,0,0,0,0,0,1,0,0,0,1,0,0,0,0,0,877.4510498046875,925.0
1452,0,3,2,1,0.0,5.0,3,1,1,1,1,7,0,0,0,0,0,0,0,1,0,0,0,0,0,0,0,0,0,1,0,0,0,0,1,0,0,0,0,0,0,0,0,0,1,0,0,0,0,0,694.1268310546875,1150.0
1470,1,2,4,1,0.0,0.0,3,1,1,1,1,8,0,0,0,1,1,0,0,0,0,0,0,0,1,0,0,1,0,0,0,0,1,0,0,0,0,0,0,0,1,0,0,0,1,0,0,0,0,0,608641.125,600000.0
1427,1,2,4,1,0.0,0.0,4,1,1,1,1,6,0,0,0,0,1,0,1,0,0,0,0,0,0,0,1,0,0,0,0,0,0,0,1,0,0,0,0,0,0,0,0,0,1,0,0,0,0,0,471787.46875,475000.0
1485,0,3,4,1,0.0,1.0,3,1,0,1,1,4,0,0,0,1,0,0,1,0,0,0,0,0,1,0,0,1,1,0,0,0,0,0,1,0,0,0,0,1,1,0,0,0,1,0,0,0,0,0,1191.0291748046875,1450.0
1485,0,3,4,1,0.0,0.0,3,1,0,1,1,4,0,0,0,1,0,0,1,0,0,0,0,0,1,0,0,1,1,0,0,0,0,0,1,0,0,0,0,1,1,0,0,0,1,0,0,0,0,0,1201.2791748046875,1450.0
1429,0,3,2,1,0.0,3.0,2,1,1,1,1,1,0,1,0,0,0,0,0,0,0,0,0,0,0,0,0,0,0,0,0,0,0,0,1,0,0,0,0,0,1,0,0,0,1,0,0,0,0,0,1039.3572998046875,1050.0
1429,1,2,2,1,0.0,1.0,2,1,1,1,1,3,1,1,0,0,0,0,0,0,0,0,0,0,0,0,0,0,0,0,0,0,0,0,1,0,0,0,0,0,0,0,0,0,1,0,0,0,0,0,245923.0,255000.0
1463,0,3,1,1,0.0,1.0,1,1,1,1,0,1,0,1,0,0,0,0,1,0,0,0,0,0,0,1,0,0,0,0,0,0,0,0,1,0,0,0,0,0,1,1,1,0,0,0,0,0,0,0,0.0,750.0
1458,0,3,2,1,0.0,5.0,2,1,1,0,1,4,0,0,0,1,0,0,0,0,0,0,0,0,0,0,0,0,0,1,0,0,1,0,0,0,0,0,0,0,0,0,0,0,1,0,0,0,0,0,863.6112060546875,1000.0
4179,1,7,5,1,0.0,0.0,4,1,1,2,0,10,0,0,0,1,1,0,0,0,0,0,0,0,1,0,0,1,0,0,0,0,0,0,1,0,0,0,0,0,0,0,0,0,1,0,0,0,0,0,708293.75,700000.0
3278,1,4,3,1,0.0,5.0,4,1,1,1,0,8,0,0,0,1,1,0,0,0,0,0,0,0,1,0,1,0,0,1,0,0,0,0,0,0,0,0,0,0,0,0,0,0,1,0,0,0,0,0,279281.0,270000.0
3286,0,3,0,1,0.0,1.0,2,1,0,1,1,4,0,0,0,0,0,0,0,1,0,0,0,0,1,0,0,0,0,0,1,0,0,0,0,0,0,0,0,0,0,0,0,0,1,0,0,0,0,0,570.5291748046875,525.0
3277,0,3,0,1,0.0,1.0,2,1,1,1,0,4,0,0,0,1,0,0,1,0,0,0,0,0,0,0,0,0,1,0,0,0,0,0,0,0,0,0,0,1,0,0,0,0,0,0,1,0,0,0,563.4578857421875,550.0
3134,0,3,0,1,0.0,3.0,2,1,1,1,1,1,1,0,0,0,0,0,1,0,0,0,0,1,0,0,0,0,0,0,0,0,0,0,0,0,0,0,0,0,0,0,0,0,1,0,0,0,0,0,577.8826904296875,600.0
3279,1,6,4,1,0.0,1.0,4,1,0,1,2,9,0,0,0,1,1,0,1,0,0,0,0,0,0,0,1,0,1,1,0,0,0,0,0,0,0,0,0,1,0,0,0,0,0,0,1,0,0,0,300940.375,300000.0
3297,1,4,3,1,0.0,0.0,4,1,2,2,1,7,0,0,0,1,0,0,1,0,0,0,0,0,1,0,1,1,0,0,0,0,0,0,0,0,0,0,0,0,0,0,0,0,1,0,0,0,0,0,266349.3125,260000.0
3280,1,6,0,1,0.0,2.0,3,1,0,0,1,7,0,0,0,1,1,0,1,0,0,0,0,0,1,0,1,0,0,1,0,0,0,0,0,0,0,0,0,1,0,0,0,0,0,0,1,0,0,0,156171.109375,160000.0
1808,1,6,2,1,0.0,1.0,3,1,0,2,1,6,0,0,0,1,1,0,1,0,0,0,0,0,1,0,0,1,0,0,1,0,0,0,1,0,0,0,0,0,1,0,0,1,1,0,0,0,0,0,185167.078125,190000.0
1793,1,2,0,1,0.0,1.0,3,1,0,1,1,6,0,0,0,0,1,0,1,0,0,0,0,0,1,0,0,1,0,0,1,0,0,0,1,0,0,0,0,0,1,0,0,1,1,0,0,0,0,0,106795.4453125,110000.0
1743,1,6,0,1,0.0,3.0,3,1,0,1,0,5,0,0,0,0,0,0,0,1,0,0,0,0,1,0,0,0,0,1,1,0,0,0,1,0,0,0,0,0,1,0,0,1,1,0,0,0,0,0,95061.1171875,95000.0
1804,1,2,0,1,0.0,4.0,2,1,0,1,0,5,0,0,0,1,0,0,1,0,0,0,0,0,1,0,1,0,0,0,1,0,0,0,1,0,0,0,0,0,1,0,0,1,1,0,0,0,0,0,109041.90625,110000.0
1755,1,2,2,1,0.0,1.0,3,1,0,2,1,9,0,0,0,1,1,0,1,0,0,0,0,0,0,0,0,1,0,1,1,0,0,0,1,0,0,0,0,0,1,0,0,1,1,0,0,0,0,0,192840.640625,185000.0
1870,1,2,1,3,0.0,3.0,3,1,0,1,0,5,0,0,0,1,0,0,1,0,0,0,0,0,0,0,0,1,0,1,1,0,0,0,1,0,0,0,0,0,1,0,0,1,1,0,0,0,0,0,83410.0078125,80000.0
1813,1,6,0,1,0.0,0.0,2,1,0,1,0,5,0,0,0,1,0,0,1,0,0,0,0,0,0,0,0,1,0,1,1,0,0,0,1,0,0,0,0,0,1,0,0,1,1,0,0,0,0,0,113171.4765625,115000.0
1814,1,2,1,1,0.0,1.0,3,1,0,1,1,5,0,0,0,1,0,0,1,0,0,0,0,0,0,0,0,1,0,1,1,0,0,0,1,0,0,0,0,0,1,0,0,1,1,0,0,0,0,0,179762.328125,120000.0
1690,1,6,0,3,0.0,1.0,3,1,0,1,1,4,0,0,0,0,0,0,0,1,0,0,0,0,0,0,1,0,0,1,1,0,0,0,1,0,0,0,0,0,1,0,0,1,1,0,0,0,0,0,75019.953125,75000.0
1707,1,6,2,1,0.0,1.0,3,1,0,2,1,7,1,0,0,1,0,0,1,0,0,0,0,0,0,0,1,0,0,1,1,0,0,0,1,0,0,0,0,0,1,0,0,1,1,0,0,0,0,0,159447.515625,160000.0
1807,1,6,0,3,0.0,3.0,2,1,0,2,1,4,0,0,0,0,1,0,1,0,0,0,0,0,1,0,0,1,0,0,1,0,0,0,1,0,0,0,0,0,1,0,0,1,1,0,0,0,0,0,89450.2890625,90000.0
1791,1,6,0,1,0.0,4.0,3,1,0,1,1,4,0,0,0,0,1,0,1,0,0,0,0,0,1,0,0,1,0,0,1,0,0,0,1,0,0,0,0,0,1,0,0,1,1,0,0,0,0,0,145823.46875,145000.0
1830,1,6,3,1,0.0,2.0,4,1,0,2,1,8,0,0,0,1,1,0,1,0,0,0,0,0,0,0,0,1,0,1,1,0,0,0,1,0,0,0,0,0,1,0,0,1,1,0,0,0,0,0,216203.921875,200000.0
1689,1,6,0,3,0.0,10.0,3,1,0,2,1,6,0,0,0,0,1,0,1,0,0,0,0,0,0,0,0,1,0,1,1,0,0,0,1,0,0,0,0,0,1,0,0,0,0,0,0,0,0,0,74568.9375,70000.0
1785,1,6,0,1,0.0,2.0,2,1,1,0,1,5,0,0,0,0,0,0,0,1,0,0,0,0,0,0,0,1,0,1,1,0,0,0,1,0,0,0,0,0,1,0,0,1,1,0,0,0,0,0,210314.796875,90000.0
512,0,3,4,1,0.0,0.0,1,1,1,1,0,3,1,0,0,0,0,0,1,0,0,1,0,0,0,0,0,0,0,0,0,0,1,1,0,0,0,0,0,0,1,0,1,0,0,0,0,0,0,0,902.4862060546875,750.0
512,0,3,4,1,0.0,8.0,1,1,1,1,0,3,1,0,0,0,0,0,1,0,0,0,0,1,0,0,0,0,0,0,0,0,0,1,0,0,0,0,0,0,1,0,1,0,0,0,0,0,0,0,405.6522521972656,775.0
2594,0,3,0,1,0.0,3.0,1,0,1,1,1,2,0,0,0,0,0,0,0,0,0,0,0,0,0,0,0,0,0,0,0,0,0,0,0,0,0,0,0,0,0,0,0,0,0,0,0,0,0,0,909.4979248046875,775.0
2594,0,3,0,1,0.0,1.0,1,0,1,1,1,2,0,0,0,0,0,0,0,0,0,0,0,0,0,0,0,0,0,0,0,0,0,0,0,0,0,0,0,0,0,0,0,0,0,0,0,0,0,0,804.4354248046875,775.0
2594,0,3,0,1,0.0,0.0,1,0,1,1,1,2,0,0,0,0,0,0,0,0,0,0,0,0,0,0,0,0,0,0,0,0,0,0,0,0,0,0,0,0,0,0,0,0,0,0,0,0,0,0,842.8182373046875,775.0
2604,0,3,2,1,0.0,0.0,3,1,1,1,1,0,0,0,0,0,0,0,0,1,0,0,0,0,1,0,0,1,0,0,0,0,0,0,1,0,0,0,0,0,1,0,0,0,1,0,0,0,0,0,483.2752990722656,900.0
2594,0,3,0,1,0.0,0.0,1,0,1,1,1,2,0,0,0,0,0,0,0,0,0,0,0,0,0,0,0,0,0,0,0,0,0,1,0,0,0,0,0,0,0,0,1,0,0,0,0,0,0,0,643.2166748046875,750.0
2649,0,3,0,1,0.0,1.0,2,1,1,1,1,0,0,0,0,0,0,0,0,0,1,0,0,0,0,1,0,0,0,0,0,0,0,0,0,0,0,0,0,0,0,0,0,0,0,0,0,0,0,0,732.0018310546875,750.0
1556,0,3,0,1,0.0,4.0,2,1,0,1,1,7,1,0,0,0,0,0,1,0,0,0,0,0,0,0,0,1,0,0,1,0,1,0,0,0,0,0,0,0,1,0,0,0,1,0,0,0,0,0,650.3592529296875,650.0
1646,0,3,3,1,0.0,4.0,1,1,0,2,1,6,0,0,0,1,1,0,1,0,0,0,0,0,1,0,0,1,0,0,0,0,1,0,0,0,0,0,0,0,1,0,0,0,1,0,0,0,0,0,676.4354248046875,800.0
1647,0,3,1,1,0.0,2.0,2,1,0,1,1,5,1,0,0,0,0,0,1,0,0,0,0,0,0,0,0,1,0,0,1,0,0,0,1,0,0,0,0,0,1,0,0,0,1,0,0,0,0,0,687.1737060546875,550.0
1544,0,3,1,1,0.0,1.0,2,1,1,1,0,1,1,0,0,0,0,0,1,0,0,0,0,0,0,0,0,0,0,0,0,0,1,0,0,0,0,0,0,0,1,0,1,0,0,0,0,0,0,0,571.0018310546875,550.0
1657,0,3,2,1,0.0,1.0,3,1,0,1,1,6,0,0,0,1,1,0,1,0,0,0,0,0,0,0,0,0,0,0,1,0,1,0,0,0,0,0,0,0,1,0,0,0,1,0,0,0,0,0,772.4940185546875,725.0
1617,0,3,2,1,0.0,4.0,3,1,0,1,1,7,0,0,0,1,0,0,1,0,0,0,0,0,1,0,0,1,0,0,0,0,1,0,0,0,0,0,0,0,1,0,0,0,1,0,0,0,0,0,939.3924560546875,650.0
1584,0,3,4,1,0.0,1.0,4,1,0,1,1,12,0,0,0,1,1,0,1,0,0,0,0,0,0,0,0,1,0,0,1,0,1,0,0,0,0,0,0,0,1,0,0,0,1,0,0,0,0,0,944.4315185546875,975.0
1672,0,3,1,1,0.0,4.0,3,1,0,1,1,6,0,0,0,1,1,0,1,0,0,0,0,0,0,0,0,1,0,0,1,0,1,0,0,0,0,0,0,0,1,0,0,0,1,0,0,0,0,0,633.8416748046875,650.0
1529,0,3,4,1,0.0,1.0,5,1,0,1,1,10,0,0,0,1,0,0,1,0,0,0,0,0,0,0,0,1,0,0,1,0,1,0,0,0,0,0,0,0,1,0,0,0,1,0,0,0,0,0,0.0,1000.0
1551,0,3,1,1,0.0,1.0,3,1,0,1,1,3,1,0,0,0,0,0,1,0,0,0,0,0,0,0,0,1,0,0,1,0,1,0,0,0,0,0,0,0,1,0,0,0,1,0,0,0,0,0,703.6229248046875,650.0
1623,0,3,1,1,0.0,2.0,2,1,0,1,1,4,0,0,0,0,0,0,0,1,0,0,0,0,0,0,0,1,0,0,1,0,1,0,0,0,0,0,0,0,1,0,0,0,1,0,0,0,0,0,656.2088623046875,675.0
1415,0,3,0,1,0.0,1.0,3,1,1,1,1,2,0,0,0,1,0,0,0,0,0,0,0,0,0,0,0,0,0,0,1,0,0,0,0,0,0,0,0,0,1,0,0,0,0,0,1,0,0,0,609.2811279296875,875.0
3964,0,3,2,1,0.0,8.0,1,1,1,0,0,3,0,0,0,0,0,0,0,1,0,0,0,0,0,0,0,0,0,0,0,1,0,0,1,0,0,0,0,1,1,0,0,0,0,0,0,0,0,0,1007.9197998046875,1250.0
2687,0,3,2,1,0.0,3.0,2,1,1,1,0,3,0,0,0,1,1,0,1,0,0,0,0,0,1,0,0,0,0,1,1,0,0,0,1,0,0,0,0,0,1,0,0,1,1,0,0,0,0,0,974.6971435546875,750.0
2832,0,3,1,1,0.0,5.0,2,1,1,1,0,3,0,0,0,1,0,0,1,0,0,0,0,0,0,0,0,1,1,0,1,0,0,0,0,0,0,0,0,0,0,0,0,0,1,0,0,0,0,0,462.8670959472656,795.0
2807,1,4,2,3,0.0,1.0,2,1,1,1,0,3,0,0,0,1,0,0,1,0,0,1,0,0,0,0,0,0,1,1,1,0,0,0,1,0,0,0,0,0,1,0,0,1,1,0,0,0,0,0,274868.5,270000.0
2710,1,2,6,1,0.0,1.0,4,1,1,3,1,7,0,0,0,1,1,0,1,0,0,0,0,0,0,0,0,1,0,1,1,0,1,0,0,0,0,0,0,0,1,0,0,1,1,0,0,0,0,0,589495.75,600000.0
2688,1,4,5,1,0.0,1.0,4,1,1,2,1,8,0,0,0,1,0,0,1,0,0,1,0,0,1,0,1,0,0,0,1,0,0,0,1,0,0,0,0,1,1,0,0,0,0,0,1,0,0,0,602686.875,600000.0
2834,1,4,3,1,0.0,0.0,4,1,1,2,1,4,0,0,0,1,1,0,1,0,0,0,0,0,1,0,0,1,0,0,1,0,0,0,1,0,0,0,0,1,1,0,0,0,1,0,0,0,0,0,347819.875,340000.0
2784,1,4,1,1,0.0,2.0,2,1,0,1,1,4,0,0,0,1,1,0,1,0,0,0,0,0,0,0,1,1,0,0,1,0,0,0,1,0,0,0,0,0,1,0,0,1,1,0,0,0,0,0,145670.46875,205000.0
2858,1,2,0,1,0.0,1.0,2,1,1,1,1,5,0,0,0,1,0,0,1,0,0,0,0,1,1,0,0,1,0,0,1,0,0,0,1,0,0,0,0,0,1,0,0,1,1,0,0,0,0,0,198862.34375,210000.0
2884,1,4,1,1,0.0,2.0,2,1,1,1,1,5,0,0,0,1,1,0,1,0,0,0,0,0,0,0,0,1,0,0,0,0,0,0,1,0,0,0,0,0,1,0,0,1,1,0,0,0,0,0,210639.546875,210000.0
2894,1,4,3,1,0.0,1.0,3,1,1,1,1,6,1,0,0,1,0,0,1,0,0,0,0,0,1,0,0,1,0,0,1,0,0,0,1,0,0,0,0,1,1,0,0,0,1,0,0,0,0,0,267272.8125,265000.0
2895,1,2,1,1,0.0,7.0,2,1,1,1,1,4,1,0,0,0,0,0,1,0,0,0,0,1,1,0,0,1,0,0,1,0,0,0,1,0,0,0,0,0,1,0,0,1,1,0,0,0,0,0,269599.8125,245000.0
2776,1,7,1,1,0.0,0.0,2,1,0,1,1,5,0,0,0,0,1,0,1,0,0,0,0,1,0,1,0,0,0,0,0,0,0,0,1,0,0,0,0,1,1,0,0,0,1,0,0,0,0,0,169970.953125,180000.0
2882,1,4,2,1,0.0,2.0,2,1,0,2,1,4,1,0,0,0,0,0,1,0,0,0,0,0,1,0,0,0,0,1,1,0,0,0,0,0,0,0,0,0,1,0,0,1,1,0,0,0,0,0,326367.28125,230000.0
2909,1,4,4,1,0.0,4.0,4,1,0,1,1,7,0,0,1,1,1,0,0,0,0,0,0,0,1,0,0,0,0,1,1,0,0,0,1,0,0,0,0,1,1,0,0,0,0,0,0,0,0,0,325262.53125,318500.0
2846,1,4,2,1,0.0,2.0,2,1,1,1,0,5,0,0,0,1,0,0,1,0,0,1,0,0,1,0,0,0,0,1,1,0,0,0,1,0,0,0,0,0,1,0,0,0,1,0,0,0,0,1,250395.578125,250000.0
2783,1,4,1,1,0.0,4.0,2,1,0,1,1,3,1,0,0,0,0,1,1,0,0,0,0,0,0,1,0,0,0,0,0,0,0,0,1,0,0,0,0,0,1,0,0,1,1,0,0,0,0,0,160719.546875,180000.0
2824,1,4,2,1,0.0,6.0,3,1,1,1,1,4,0,0,0,1,1,0,1,0,0,0,0,0,1,0,0,1,0,1,0,0,0,0,1,0,0,0,0,0,1,0,0,1,1,0,0,0,0,0,285511.375,280000.0
2809,1,7,2,1,0.0,3.0,3,1,1,2,1,7,0,0,0,1,0,0,1,0,0,0,0,0,1,0,1,0,0,0,1,0,0,0,1,0,0,0,0,0,1,0,0,0,1,0,0,0,0,1,221362.125,340000.0
2909,1,4,4,1,0.0,0.0,3,1,0,1,1,8,0,0,0,1,1,0,1,0,0,0,0,0,0,0,0,1,0,1,1,0,0,0,1,0,0,0,0,1,1,0,0,1,0,0,0,0,0,0,361180.1875,330000.0
2861,1,2,4,1,0.0,6.0,3,1,1,2,1,7,0,0,0,1,1,0,1,0,0,0,0,0,0,0,0,1,0,1,1,0,0,0,0,0,0,0,0,0,1,0,0,1,1,0,0,0,0,0,336250.625,340000.0
2742,1,4,3,1,0.0,6.0,3,1,1,3,1,2,0,0,0,0,0,0,0,1,0,0,0,0,0,0,0,0,1,1,1,0,0,0,1,0,0,0,0,0,1,0,0,1,1,0,0,0,0,0,521913.71875,415000.0
2724,1,4,1,1,0.0,5.0,2,1,1,1,0,3,0,0,0,0,0,0,0,1,0,0,0,0,0,0,0,0,1,1,1,0,0,0,1,0,0,0,0,0,1,0,0,1,1,0,0,0,0,0,189001.203125,190000.0
2729,1,2,1,1,0.0,4.0,3,1,1,2,1,3,0,0,0,1,0,0,1,0,0,1,0,0,1,0,0,0,1,0,1,0,0,0,1,0,0,0,0,0,1,0,0,1,1,0,0,0,0,0,220078.828125,325000.0
2799,1,4,1,1,0.0,5.0,2,1,1,1,1,3,0,0,0,0,0,0,0,1,0,0,0,0,1,0,0,0,1,0,1,0,0,0,1,0,0,0,0,0,1,0,0,1,1,0,0,0,0,0,248477.96875,250000.0
2821,1,4,2,1,8.0,1.0,3,1,1,1,1,6,0,0,0,0,1,0,1,0,0,1,0,0,1,0,0,1,0,0,1,0,0,0,1,0,0,0,0,0,1,0,0,1,1,0,0,0,0,0,297794.28125,300000.0
2875,1,2,1,1,0.0,0.0,2,1,0,1,1,3,1,0,0,0,0,0,1,0,0,0,0,1,0,1,0,0,0,0,0,0,0,0,0,0,0,0,0,0,1,0,1,0,0,0,0,0,0,0,141370.90625,180000.0
2887,1,2,2,1,0.0,1.0,2,1,0,2,1,2,0,0,0,1,0,0,1,0,0,0,0,0,1,0,1,0,0,0,1,0,0,0,0,0,0,0,0,0,1,0,0,1,1,0,0,0,0,0,245909.46875,245000.0
2796,1,4,4,1,0.0,0.0,4,1,1,1,1,6,0,0,1,0,0,0,1,0,0,1,0,0,1,0,0,0,1,0,1,0,0,0,1,0,0,0,0,0,1,0,0,1,1,0,0,0,0,0,411368.25,415000.0
2745,0,3,2,1,0.0,1.0,2,1,1,1,1,2,1,0,1,0,0,0,0,0,0,1,0,0,0,0,0,0,0,0,0,0,0,1,0,1,0,1,0,0,1,0,1,0,0,0,0,0,0,0,0.0,875.0
2698,1,6,4,1,0.0,0.0,3,1,0,1,1,5,1,0,0,1,0,0,1,0,0,0,0,0,1,0,0,1,0,1,0,0,0,0,0,0,0,0,0,0,1,0,0,1,1,0,0,0,0,0,360453.40625,600000.0
2894,1,4,4,1,0.0,0.0,5,1,1,1,1,10,0,0,1,1,1,0,0,0,0,0,0,0,0,0,0,1,1,0,1,0,0,0,1,0,0,0,0,0,1,0,0,1,1,0,0,0,0,0,372405.0,375000.0
2738,1,2,1,1,0.0,9.0,2,1,1,1,1,1,0,0,0,0,0,0,0,1,0,0,0,0,1,0,0,0,0,1,1,0,0,0,1,0,0,0,0,0,1,0,0,1,1,0,0,0,0,0,235049.5,230000.0
2760,0,3,1,1,0.0,2.0,2,1,1,1,1,3,1,0,1,0,0,0,1,0,0,0,0,0,0,1,0,0,0,0,0,0,0,0,1,0,0,0,1,1,0,0,1,0,0,0,0,0,0,0,571.6595458984375,750.0
2784,1,4,2,1,0.0,2.0,3,1,1,2,1,3,0,0,0,1,1,0,1,0,0,0,0,0,1,0,0,0,0,1,1,0,0,0,1,0,0,0,0,0,1,0,0,1,1,0,0,0,0,0,399460.3125,260000.0
1055,1,6,4,1,0.0,0.0,3,1,0,2,1,3,0,0,0,1,1,0,0,1,0,0,0,0,1,0,0,1,0,1,0,0,1,0,0,0,0,0,0,0,1,0,0,0,1,0,0,0,0,0,166355.75,160000.0
1063,1,6,2,1,0.0,0.0,2,1,0,1,0,2,0,0,0,0,0,0,1,1,0,0,0,0,0,1,0,0,0,0,0,0,1,0,0,0,0,0,0,0,1,0,0,1,1,0,0,0,0,0,86580.484375,85000.0
1058,1,6,0,1,0.0,0.0,1,1,1,1,1,1,0,0,0,0,0,0,0,1,0,0,0,0,1,1,0,0,0,0,0,0,1,0,0,0,0,0,0,0,1,0,0,1,1,0,0,0,0,0,60512.1015625,60000.0
1066,1,0,2,1,0.0,1.0,2,1,1,1,0,0,0,0,0,0,0,0,1,0,0,0,0,0,1,1,0,1,0,0,0,0,1,0,0,0,0,0,0,1,1,0,0,0,1,0,0,0,0,0,141547.734375,150000.0
500,0,3,2,1,0.0,2.0,2,1,1,1,0,5,0,0,0,0,0,0,0,0,0,0,0,1,1,0,0,1,0,0,0,0,1,0,0,0,0,0,0,0,0,0,0,0,0,1,0,0,0,0,0.0,1000.0
497,0,3,3,1,0.0,7.0,2,1,1,1,0,3,1,0,0,0,0,0,0,0,0,0,0,0,0,0,0,0,0,0,0,1,0,0,1,0,0,0,0,0,0,0,0,0,1,0,0,0,0,0,1374.9627685546875,1450.0
3524,1,2,1,1,0.0,6.0,3,1,1,1,1,3,0,0,0,0,0,0,0,1,0,0,0,0,1,0,1,0,0,0,0,0,0,0,0,0,0,0,0,0,0,0,0,0,1,0,0,0,0,0,240607.515625,245000.0
3527,1,2,4,1,0.0,1.0,4,1,1,2,1,5,0,0,0,0,1,0,1,0,0,1,0,0,1,0,1,0,1,0,0,0,0,0,0,0,0,0,0,0,0,0,0,0,1,0,0,0,0,0,433054.34375,425000.0
509,1,2,2,1,0.0,3.0,2,1,1,0,0,3,0,0,0,1,0,0,1,0,0,1,0,0,1,0,0,1,1,0,0,0,0,0,0,0,0,0,0,0,0,0,0,0,1,0,0,0,0,0,233616.890625,260000.0
501,1,2,1,1,0.0,4.0,2,1,1,1,0,3,1,0,0,0,0,0,1,0,0,1,0,0,0,0,0,0,0,0,0,1,0,0,0,0,0,0,0,0,0,0,1,0,0,0,0,0,0,0,81605.3984375,220000.0
506,0,3,1,1,0.0,1.0,2,1,1,1,0,3,1,0,0,0,0,0,0,0,0,0,0,0,0,1,0,0,0,0,0,0,0,0,1,0,0,0,0,0,0,0,0,0,1,0,0,0,0,0,1020.9862060546875,1200.0
498,0,3,5,1,0.0,1.0,4,1,2,1,0,6,0,0,1,0,0,0,0,0,0,0,0,0,1,0,0,0,0,0,0,0,0,0,1,0,0,0,0,0,1,1,0,0,1,0,0,0,0,0,289804.71875,1950.0
491,0,3,2,1,0.0,1.0,3,1,1,1,1,5,0,0,0,0,0,1,1,0,0,1,0,0,1,0,0,0,0,0,0,0,0,0,1,0,0,0,0,1,1,0,0,0,0,0,0,0,0,0,1240.0721435546875,1875.0
492,0,3,2,1,0.0,1.0,2,1,1,1,0,2,1,0,1,0,0,0,0,0,0,1,0,0,0,1,0,0,0,0,0,0,0,1,0,0,0,0,0,1,1,0,0,0,0,0,0,0,0,0,707.0623779296875,1500.0
505,0,3,4,1,0.0,1.0,5,1,1,1,1,7,0,0,0,1,0,0,0,0,0,0,0,0,1,0,0,0,0,0,0,0,0,0,1,0,0,0,0,0,0,0,0,0,1,0,0,0,0,0,2651.744140625,2250.0
3528,1,6,2,3,0.0,0.0,3,1,1,1,1,3,0,0,0,0,1,0,1,0,0,1,0,0,1,0,1,1,0,0,0,0,0,0,0,0,0,0,0,0,1,0,0,0,1,0,0,0,0,0,224184.578125,230000.0
1410,0,3,3,1,0.0,1.0,2,1,1,1,0,6,0,0,0,1,0,0,1,0,0,1,0,0,0,0,1,1,0,1,0,0,0,0,0,0,0,0,0,0,1,0,1,0,0,0,0,0,0,0,1188.4119873046875,675.0
1333,1,6,1,3,0.0,2.0,2,1,1,1,1,3,0,0,0,0,1,0,0,1,0,0,0,0,1,0,0,1,0,1,0,0,0,0,0,0,0,0,0,0,1,0,0,0,1,0,0,0,0,0,178630.671875,180000.0
1364,1,7,1,1,0.0,1.0,3,1,1,1,0,1,0,0,0,0,0,0,0,1,0,0,0,0,1,0,0,1,0,1,0,0,0,0,0,0,0,0,0,0,1,0,0,0,1,0,0,0,0,0,140604.625,190000.0
1396,0,3,1,1,0.0,3.0,3,1,1,1,1,10,0,0,0,1,1,0,0,0,0,1,0,0,0,0,0,1,1,1,0,0,0,0,0,0,0,0,0,0,1,0,0,0,0,0,1,0,0,0,0.0,1200.0
3509,1,4,1,1,0.0,2.0,3,1,0,1,1,6,0,0,0,1,1,0,1,0,0,0,0,0,0,0,0,0,1,0,1,0,0,0,0,0,0,0,0,0,1,0,0,0,1,0,0,0,0,0,181192.84375,185000.0
3551,0,3,0,1,0.0,5.0,2,1,0,0,0,4,0,0,0,0,0,0,0,1,0,0,0,0,0,0,0,0,0,0,0,0,0,0,1,0,0,0,0,0,1,0,0,0,1,0,0,0,0,0,545.9569091796875,510.0
3551,0,3,0,1,0.0,2.0,1,1,0,1,0,3,0,0,0,0,0,0,0,0,0,0,0,0,0,0,0,0,0,0,0,0,0,0,0,0,0,0,0,0,1,0,0,0,1,0,0,0,0,0,701.3612060546875,475.0
3481,0,3,2,1,0.0,2.0,3,1,1,1,1,7,1,0,0,0,0,0,1,0,0,0,0,0,1,0,1,0,1,0,0,0,0,0,1,0,0,0,0,0,1,0,0,0,1,0,0,0,0,0,732.7830810546875,850.0
3501,1,2,1,1,0.0,2.0,3,1,0,1,1,6,0,0,0,1,1,0,0,0,0,0,0,0,1,0,0,0,1,0,0,0,0,0,1,0,0,0,0,0,1,0,0,0,1,0,0,0,0,0,177228.421875,170000.0
3491,1,6,2,1,0.0,3.0,3,1,1,2,1,6,0,0,0,1,1,0,1,0,0,0,0,0,1,0,1,0,1,0,0,0,0,0,1,0,0,0,0,0,1,0,0,0,1,0,0,0,0,0,182383.265625,180000.0
815,0,3,0,1,0.0,0.0,2,1,1,1,0,1,0,1,0,0,0,0,0,1,0,0,0,0,1,0,1,1,0,0,0,0,0,0,1,0,0,0,0,0,1,0,0,0,1,0,0,0,0,0,645.7615966796875,400.0
4108,1,4,2,1,0.0,4.0,2,1,1,1,1,2,0,1,0,0,0,0,1,0,0,0,0,0,1,1,0,0,0,0,0,0,0,0,0,0,0,0,0,0,0,0,0,0,1,0,0,0,0,0,256364.046875,260000.0
4128,1,4,5,1,0.0,5.0,4,1,1,1,1,7,0,0,0,1,0,0,1,0,0,0,0,0,1,0,0,1,1,0,0,0,0,0,0,0,0,0,0,0,0,0,0,0,1,0,0,0,0,0,542578.375,525000.0
4166,1,4,3,3,0.0,1.0,3,1,1,1,1,4,0,0,0,1,0,0,1,0,0,0,0,0,1,0,0,1,0,0,0,0,0,0,0,0,0,0,0,0,0,0,0,0,1,0,0,0,0,0,327545.71875,325000.0
4045,1,4,2,1,0.0,2.0,2,1,1,1,0,1,0,0,0,0,0,0,1,0,0,0,0,0,0,1,1,0,0,0,0,0,0,0,0,0,0,0,0,0,0,0,0,0,1,0,0,0,0,0,195280.21875,250000.0
4181,1,4,3,1,0.0,4.0,2,1,1,1,1,2,1,0,0,1,0,0,1,0,0,0,0,0,1,0,0,0,0,1,0,0,0,0,0,0,0,0,0,0,1,0,0,0,1,0,0,0,0,0,321139.5625,325000.0
4081,1,4,3,1,0.0,4.0,3,1,1,1,1,4,0,0,0,1,1,0,1,0,0,0,0,0,1,0,0,0,0,1,1,0,0,0,0,0,0,0,0,0,0,0,0,0,1,0,0,0,0,0,421548.5625,400000.0
4068,1,2,4,1,0.0,3.0,3,1,1,1,1,4,0,0,0,1,0,0,1,0,0,0,0,0,1,0,0,0,0,1,1,0,1,0,0,0,0,0,0,0,1,0,0,0,1,0,0,0,0,0,451756.5625,450000.0
4099,1,2,3,1,0.0,5.0,3,1,1,1,1,3,0,0,0,1,1,0,1,0,0,0,0,0,1,0,0,1,0,1,0,0,0,0,0,0,0,0,0,0,1,0,0,0,1,0,0,0,0,0,450813.625,450000.0
4113,1,4,2,1,0.0,3.0,1,1,1,1,0,2,0,0,0,0,0,0,1,0,0,0,0,0,0,1,0,0,0,0,0,0,0,0,0,0,0,0,0,0,1,0,0,0,1,0,0,0,0,0,164327.453125,170000.0
4074,1,4,4,1,0.0,1.0,4,1,1,0,1,6,0,0,0,1,0,0,1,0,0,0,0,0,1,0,0,0,0,1,1,0,0,0,0,0,0,0,0,0,0,0,0,0,1,0,0,0,0,0,521648.4375,525000.0
4134,1,4,2,1,0.0,1.0,2,1,1,1,1,3,0,0,0,0,1,0,0,0,0,0,0,0,1,0,0,1,0,1,0,0,0,0,0,0,0,0,0,0,1,0,0,0,1,0,0,0,0,0,279235.375,280000.0
4115,1,4,3,1,0.0,1.0,2,1,1,1,1,2,1,0,0,0,1,0,1,0,0,0,0,0,0,1,0,0,0,0,0,0,0,0,0,0,0,0,0,0,1,0,0,0,1,0,0,0,0,0,303784.25,300000.0
4150,1,4,6,1,0.0,1.0,4,1,1,1,1,8,0,0,0,1,0,0,1,0,0,0,0,0,1,0,0,1,0,1,0,0,0,0,0,0,0,0,0,0,1,0,0,0,1,0,0,0,0,0,754663.125,1000000.0
4049,1,4,2,1,0.0,2.0,1,0,1,1,0,1,0,0,0,0,0,0,0,0,0,0,0,1,0,1,0,0,0,0,0,0,0,0,0,0,0,0,0,0,1,0,0,0,1,0,0,0,0,0,211816.578125,210000.0
1482,1,4,2,1,0.0,1.0,2,1,1,2,1,0,0,0,0,0,1,0,1,0,0,0,1,0,1,0,1,0,0,1,0,0,0,0,1,0,0,0,0,0,1,0,0,1,1,0,0,0,0,0,258095.078125,260000.0
3479,0,3,3,1,0.0,1.0,2,1,1,1,1,0,0,0,0,1,1,0,1,0,0,0,0,0,1,0,0,1,0,1,0,0,0,0,1,0,0,0,0,1,1,0,0,0,1,0,0,0,0,0,949.6697998046875,1275.0
360,1,7,3,1,0.0,1.0,2,1,1,1,1,3,0,0,0,0,1,0,0,0,0,0,0,0,0,1,0,0,0,0,0,0,0,0,0,0,0,0,0,0,0,0,0,0,1,0,0,0,0,0,246566.484375,245000.0
4276,1,7,5,1,0.0,0.0,2,1,1,2,1,1,1,0,0,0,0,1,1,0,0,0,0,0,0,1,0,0,0,0,0,1,1,0,0,0,0,0,1,0,0,0,0,0,0,0,0,0,0,1,597290.25,625000.0
698,1,4,2,1,0.0,4.0,1,1,1,1,1,0,0,0,0,0,1,0,1,0,0,0,0,0,0,1,0,0,1,0,0,0,1,0,0,0,0,0,0,1,1,0,0,0,1,0,0,0,0,0,209012.078125,210000.0
577,1,4,0,3,0.0,3.0,1,1,1,1,0,1,0,0,0,0,0,0,0,1,0,0,0,0,1,0,0,1,0,0,0,0,0,0,0,0,0,0,0,0,1,0,0,0,1,0,0,0,0,0,96197.3828125,95000.0
1397,1,6,2,1,0.0,1.0,2,1,1,1,1,4,0,0,0,0,0,0,0,1,0,0,0,0,1,0,0,0,1,0,0,0,0,0,0,0,0,0,0,0,1,0,0,0,1,0,0,0,0,0,204367.21875,200000.0
1400,0,3,2,1,0.0,1.0,2,1,1,1,0,4,0,0,0,0,0,0,0,1,0,0,0,0,0,0,1,1,0,1,0,0,0,0,0,0,0,0,0,0,1,0,0,0,1,0,0,0,0,0,481.7557678222656,695.0
1363,0,3,1,1,0.0,2.0,2,1,1,1,0,2,0,0,0,0,0,0,0,0,0,0,0,0,0,0,1,0,0,0,0,0,0,0,0,0,0,0,0,0,1,0,0,0,1,0,0,0,0,0,840.9041748046875,795.0
1332,1,6,1,1,0.0,1.0,2,1,1,1,1,3,0,0,0,0,0,0,0,1,0,0,0,0,1,0,0,0,1,1,0,0,0,0,0,0,0,0,0,0,1,0,0,0,1,0,0,0,0,0,227290.421875,230000.0
1399,0,3,1,1,0.0,1.0,2,1,1,1,0,2,1,0,1,0,0,0,1,0,0,0,0,0,0,0,1,0,1,0,0,0,0,0,0,0,0,0,0,0,1,0,0,0,0,1,0,0,0,0,12050.9482421875,695.0
763,1,4,4,1,0.0,3.0,4,1,0,1,1,2,0,0,0,1,1,0,0,0,0,0,0,0,0,0,1,1,0,0,1,0,0,0,0,0,0,0,0,1,1,0,0,0,1,0,0,0,0,0,411195.4375,410000.0
764,1,6,4,1,0.0,1.0,4,1,1,1,1,4,0,0,0,1,1,0,0,0,0,1,0,0,0,0,1,0,0,1,1,0,0,0,0,0,0,0,0,0,0,0,0,0,1,0,0,0,0,0,314365.40625,425000.0
2030,1,4,0,1,0.0,1.0,3,1,0,1,1,4,0,0,0,0,0,0,0,1,0,0,0,0,1,0,0,1,0,0,0,0,0,0,0,0,1,0,0,1,1,0,0,0,0,0,0,0,0,0,119943.0703125,120000.0
1916,1,7,0,1,0.0,1.0,2,1,0,1,0,6,0,0,0,0,1,0,0,0,0,0,0,0,0,0,0,1,0,0,1,0,0,0,0,0,0,0,0,0,1,0,0,0,1,0,0,0,0,0,200909.234375,150000.0
1933,1,2,0,1,0.0,2.0,2,1,1,1,1,3,0,0,0,0,0,0,0,1,0,0,0,0,0,0,0,0,0,0,0,0,0,0,0,0,0,0,0,0,1,0,0,0,1,0,0,0,0,0,167238.515625,110000.0
1919,1,6,0,1,0.0,2.0,3,1,1,1,0,4,0,0,0,0,0,0,1,0,0,0,0,0,0,0,0,1,0,0,0,0,0,0,0,0,0,0,0,0,0,0,0,0,1,0,0,0,0,0,108289.6640625,110000.0
2069,1,6,0,1,0.0,1.0,3,1,1,1,1,3,0,0,0,1,0,0,1,0,0,0,0,0,1,0,0,1,1,0,0,0,0,0,0,0,0,0,0,0,1,0,0,0,1,0,0,0,0,0,210366.421875,210000.0
2034,1,6,0,1,0.0,4.0,2,1,1,1,0,3,0,0,0,0,0,0,0,1,0,0,0,0,0,0,1,1,0,1,0,0,0,0,0,0,0,0,0,0,1,0,0,0,1,0,0,0,0,0,67262.4140625,65000.0
2041,1,4,1,1,0.0,2.0,4,1,0,1,1,4,0,0,0,0,0,0,0,1,0,0,0,0,1,0,1,0,0,0,0,0,0,0,0,0,0,0,0,0,1,0,0,0,1,0,0,0,0,0,313743.53125,245000.0
2064,1,6,1,1,0.0,3.0,4,1,1,1,1,5,0,0,0,0,0,0,0,1,0,0,0,1,0,0,0,0,0,0,0,0,1,0,0,0,0,0,0,0,1,0,0,0,1,0,0,0,0,0,208459.8125,210000.0
2090,0,3,2,1,0.0,6.0,3,1,1,1,1,6,0,0,0,0,0,0,0,1,0,0,0,0,0,0,0,1,1,0,0,1,0,0,0,0,0,0,0,0,1,0,0,0,1,0,0,0,0,0,924.1112060546875,850.0
3438,1,7,0,1,0.0,4.0,2,1,0,1,0,4,0,0,0,0,0,0,0,0,0,0,0,0,0,0,0,0,0,0,0,0,0,0,0,0,0,0,0,0,1,0,0,0,1,0,0,0,0,0,83001.6015625,85000.0
2046,1,7,4,1,0.0,2.0,4,1,1,1,1,8,0,0,0,1,0,0,1,0,0,0,0,0,1,0,1,0,0,0,1,0,0,0,0,0,0,0,0,0,1,0,0,0,1,0,0,0,0,0,324023.625,325000.0
3456,1,2,0,1,0.0,0.0,4,1,0,1,1,4,1,0,0,0,0,0,0,1,0,0,0,0,1,1,0,0,0,0,0,0,0,0,0,0,0,0,0,0,1,0,0,0,1,0,0,0,0,0,297048.15625,110000.0
1939,1,6,1,1,0.0,5.0,3,1,0,1,1,4,0,0,0,1,1,0,1,0,0,0,0,0,1,0,0,1,1,0,0,0,0,0,0,0,0,0,0,0,1,0,0,0,1,0,0,0,0,0,168831.359375,170000.0
2062,1,4,4,1,0.0,1.0,3,1,1,1,1,4,0,0,0,1,0,1,1,0,0,0,0,0,0,0,0,1,1,0,0,0,0,0,0,0,0,0,0,1,1,1,0,0,0,0,0,0,0,0,314971.0625,300000.0
3473,1,7,5,1,0.0,7.0,5,1,0,1,1,10,0,0,1,1,1,0,0,0,0,0,0,0,0,0,1,0,0,1,0,1,1,0,0,0,0,0,0,0,1,0,0,0,1,0,0,1,0,0,583614.625,575000.0
2042,1,6,0,1,0.0,3.0,3,1,0,1,0,4,0,1,0,0,0,0,0,0,0,0,0,0,0,0,1,1,0,0,0,0,0,0,0,0,0,0,0,0,1,0,0,0,1,0,0,0,0,0,76115.234375,160000.0
2096,1,4,0,1,5.0,3.0,2,1,0,1,0,3,0,0,0,0,0,0,0,1,0,0,0,0,0,0,0,0,0,0,0,0,0,0,0,0,0,0,0,0,1,0,0,0,1,0,0,0,0,0,173409.015625,135000.0
4446,1,6,3,1,0.0,1.0,3,1,0,1,1,5,0,0,0,1,1,0,1,0,0,0,0,0,1,0,0,1,0,0,0,0,0,0,0,0,0,0,0,0,1,0,0,0,1,0,0,0,0,0,300797.0,300000.0
4441,1,6,2,1,0.0,2.0,3,1,0,1,1,6,0,0,0,1,1,0,1,0,0,0,0,0,1,0,0,1,1,0,0,0,0,0,0,0,0,0,0,0,1,0,0,1,1,0,0,0,0,0,338526.59375,340000.0
546,0,3,2,1,0.0,2.0,2,1,0,1,1,5,0,0,0,1,0,0,1,0,0,0,0,0,1,0,0,0,0,0,0,0,0,0,0,0,0,0,0,0,0,0,0,0,1,0,0,0,0,0,974.8221435546875,1100.0
4448,0,3,3,1,0.0,3.0,2,1,0,1,0,3,0,0,0,0,0,1,1,0,0,0,0,0,1,0,0,1,1,0,0,0,0,0,0,0,0,0,0,0,1,0,0,0,1,0,0,0,0,0,0.0,1100.0
4337,0,3,1,1,0.0,10.0,3,1,0,1,0,5,0,1,0,0,0,0,0,0,0,0,0,0,1,0,1,0,1,0,0,0,0,0,0,0,0,0,0,0,1,0,0,0,1,0,0,0,0,0,1164.0174560546875,1050.0
3768,1,6,6,1,0.0,1.0,4,1,0,2,1,9,0,0,0,1,1,0,1,0,0,0,0,0,0,0,1,0,1,0,1,0,0,0,0,0,0,0,0,0,1,0,0,0,1,0,0,0,0,0,604644.5625,600000.0
4457,1,6,3,1,0.0,0.0,3,1,0,1,1,6,0,0,0,1,0,0,1,0,0,0,0,0,1,0,0,0,1,0,0,0,0,0,0,0,0,0,0,0,1,0,0,0,1,0,0,1,0,0,452178.625,450000.0
2896,1,4,1,0,32.0,12.0,2,1,1,1,1,3,1,0,0,0,0,0,1,0,0,0,0,1,0,1,0,0,0,0,0,0,0,0,1,0,0,0,0,0,1,0,1,0,0,1,0,0,0,0,141826.71875,140000.0
681,0,2,3,1,14.0,4.0,2,1,0,2,1,3,0,0,0,0,0,0,0,1,0,0,0,0,0,0,0,0,0,1,1,0,0,0,0,0,0,0,0,1,1,0,0,0,1,0,0,0,0,0,336370.4375,325000.0
3724,1,2,4,1,10.0,2.0,3,1,1,0,1,2,0,0,0,1,1,0,1,0,0,0,0,0,1,0,1,0,1,0,0,0,0,0,0,0,0,0,0,0,1,0,0,0,1,0,0,0,0,1,497202.4375,500000.0
775,1,6,3,1,0.0,2.0,2,1,1,0,1,1,1,0,0,0,0,0,1,0,0,0,0,0,0,1,0,0,0,0,0,0,0,1,0,1,0,1,0,0,1,0,0,0,0,0,0,0,0,0,256377.28125,250000.0
3035,1,2,6,1,0.0,1.0,4,1,1,1,1,3,0,0,0,0,0,0,0,0,0,0,0,1,1,0,1,0,1,0,0,0,0,0,0,0,0,0,0,0,0,0,0,0,1,0,0,0,0,0,1900080.25,1870000.0
981,1,2,6,1,0.0,1.0,3,1,1,1,0,1,1,0,0,0,0,0,1,0,0,0,0,0,0,1,0,0,0,0,0,0,0,0,0,0,0,0,0,0,1,0,0,0,1,0,0,0,0,0,621742.0625,625000.0
982,1,2,4,1,0.0,3.0,2,1,1,2,1,1,1,0,1,0,0,0,0,0,0,0,0,1,0,0,0,0,0,0,0,0,0,1,0,0,0,1,0,0,1,0,1,0,0,0,0,0,0,0,631333.625,650000.0
983,1,2,5,1,0.0,2.0,3,1,1,2,1,2,1,0,1,0,0,0,0,0,0,1,0,0,0,0,0,0,0,0,0,0,0,1,0,0,0,0,0,0,1,0,1,0,0,0,0,0,0,1,1257269.5,1300000.0
980,1,4,4,1,0.0,0.0,2,1,1,1,0,2,0,0,0,0,0,0,0,0,1,0,0,0,0,1,0,0,0,1,0,1,0,1,0,0,0,0,0,0,1,1,0,0,0,0,0,0,0,1,640378.8125,625000.0
973,1,2,5,1,0.0,6.0,2,1,1,0,1,0,0,0,0,0,1,0,1,0,0,0,0,1,0,1,0,0,0,0,0,0,0,1,0,0,0,0,0,0,1,0,0,0,1,0,0,0,0,0,502398.125,500000.0
977,1,2,5,1,0.0,0.0,1,1,1,1,1,0,1,0,1,0,0,1,0,0,0,0,0,0,0,0,0,0,0,0,0,0,0,1,0,0,0,0,0,0,0,0,0,0,1,0,0,0,0,0,717894.4375,725000.0
974,1,2,5,1,0.0,0.0,2,1,1,1,1,2,1,0,0,0,1,0,0,0,0,0,0,0,0,1,0,0,0,0,0,0,0,1,0,0,0,0,0,0,0,0,1,0,0,0,0,0,0,0,618514.3125,630000.0
974,1,4,5,1,0.0,1.0,2,1,1,1,1,1,1,0,0,0,1,1,0,0,0,0,0,0,0,0,0,0,0,0,0,0,0,1,0,0,0,0,0,0,0,0,1,0,0,0,0,0,0,0,534982.3125,560000.0
978,1,4,4,1,0.0,2.0,0,0,1,0,1,0,1,0,1,0,0,0,0,0,0,0,0,0,0,0,0,0,0,0,0,0,0,0,0,0,0,0,0,0,0,0,0,0,1,0,0,0,0,0,566755.6875,575000.0
2423,1,6,1,1,0.0,5.0,1,1,1,0,1,2,0,0,0,1,1,0,0,0,0,0,0,0,1,0,0,1,0,0,0,0,1,0,0,0,0,0,0,0,1,0,0,1,0,0,0,0,0,0,225310.078125,225000.0
3896,0,3,0,1,0.0,0.0,2,1,1,1,1,2,0,0,0,0,0,0,0,1,0,0,0,0,0,0,1,0,0,0,1,0,0,0,0,0,0,0,0,0,1,0,0,0,1,0,0,0,0,0,179.76748657226562,460.0
3909,0,3,0,1,0.0,0.0,3,1,1,1,1,2,0,0,0,0,0,0,0,1,0,0,0,0,1,0,1,1,0,0,0,0,0,0,0,0,0,0,0,0,1,0,0,0,1,0,0,0,0,0,502.6776428222656,575.0
4261,1,6,2,1,0.0,7.0,3,1,1,1,1,3,0,0,0,1,0,0,1,0,0,0,0,0,1,0,0,0,1,0,1,0,0,0,0,0,0,0,0,0,1,0,0,1,1,0,0,0,0,0,285903.71875,290000.0
4260,1,6,3,1,0.0,5.0,3,1,1,1,1,4,0,0,0,1,0,0,1,0,0,1,0,0,1,0,0,1,0,1,0,0,1,0,0,0,0,0,0,1,1,0,0,0,1,0,0,0,0,0,302593.625,300000.0
4259,1,6,3,1,0.0,1.0,3,1,1,2,1,4,0,0,0,1,1,0,1,0,0,0,0,0,1,0,1,1,0,0,0,0,0,0,0,0,0,0,0,0,1,0,0,1,1,0,0,0,0,0,366474.5,375000.0
4260,0,3,3,1,0.0,5.0,3,1,1,1,1,4,0,0,0,1,0,0,1,0,0,1,0,0,1,0,0,1,0,1,0,0,1,0,0,0,0,0,0,1,1,0,0,0,1,0,0,0,0,0,1272.6697998046875,1350.0
4261,0,3,2,1,0.0,0.0,3,1,1,1,1,3,0,0,0,1,0,0,1,0,0,0,0,0,1,0,0,0,1,0,1,0,0,0,0,0,0,0,0,0,1,0,0,1,1,0,0,0,0,0,0.0,1300.0
4261,0,3,2,1,0.0,1.0,3,1,1,1,1,3,0,0,0,1,0,0,1,0,0,0,0,0,1,0,0,0,1,0,1,0,0,0,0,0,0,0,0,0,1,0,0,1,1,0,0,0,0,0,0.0,1300.0
4262,1,6,1,1,0.0,3.0,3,1,1,2,1,3,0,0,0,0,1,0,1,0,0,0,1,0,1,0,1,0,0,0,1,0,0,0,0,0,0,0,0,0,1,0,0,0,1,0,0,0,0,0,252623.453125,250000.0
4259,1,6,3,1,0.0,0.0,4,1,1,1,1,5,0,0,0,1,1,0,1,0,0,0,0,0,0,0,1,0,0,1,1,0,0,0,0,0,0,0,0,0,1,0,0,1,1,0,0,0,0,0,388823.71875,390000.0
2561,0,3,1,1,0.0,6.0,2,1,1,1,1,1,0,0,0,0,0,0,0,0,0,0,0,0,1,0,0,1,0,0,0,0,0,0,0,0,0,0,0,0,0,0,0,0,1,0,0,0,0,0,893.7440185546875,810.0
2523,0,3,1,1,0.0,0.0,3,1,1,1,1,3,0,0,0,1,0,0,1,0,0,0,0,0,1,0,0,1,0,0,0,0,0,0,0,0,0,0,0,0,1,0,0,0,1,0,0,0,0,0,660.7069091796875,750.0
2584,0,3,0,1,0.0,0.0,2,1,1,1,0,2,0,0,0,1,0,0,0,0,0,0,0,0,0,0,0,0,0,0,0,0,0,0,0,0,0,0,0,0,0,0,0,0,1,0,0,0,0,0,653.1878662109375,550.0
672,1,2,3,1,0.0,3.0,4,1,1,2,1,1,0,0,0,1,0,0,1,0,0,0,0,0,0,0,1,0,0,1,1,0,1,0,1,0,0,0,0,1,1,0,0,0,1,0,0,0,0,0,522459.34375,525000.0
664,1,2,3,1,0.0,7.0,3,1,0,1,0,3,0,0,0,1,1,0,0,0,0,0,0,0,1,0,0,0,1,0,0,0,1,0,0,0,0,0,0,0,0,0,0,0,1,0,0,0,0,0,282749.0625,500000.0
663,1,4,3,1,0.0,0.0,5,1,0,1,1,5,0,0,0,1,0,0,1,0,0,0,0,0,1,0,0,0,0,1,1,0,0,0,1,0,0,0,0,1,1,0,0,0,1,0,0,0,0,0,577823.1875,550000.0
738,1,2,2,1,0.0,2.0,2,1,1,1,1,2,1,1,0,0,0,0,0,0,0,0,0,0,0,0,0,0,0,0,0,0,0,1,1,0,0,0,0,1,1,0,0,0,1,0,0,0,0,0,304500.90625,300000.0
716,1,4,1,1,0.0,2.0,1,1,1,1,0,1,0,0,0,0,0,0,0,1,0,0,0,0,1,0,1,0,0,1,0,0,1,0,1,0,0,0,0,1,1,0,0,0,1,0,0,0,0,0,237529.84375,240000.0
671,1,4,2,1,0.0,3.0,2,1,0,1,0,2,1,0,0,0,0,0,0,0,0,0,0,0,0,1,0,0,0,0,0,0,0,0,1,0,0,0,0,0,0,0,1,0,0,0,0,0,0,0,155886.265625,260000.0
670,1,2,2,1,0.0,8.0,2,1,1,1,1,0,0,0,0,0,0,0,0,1,0,0,0,0,1,0,0,0,0,0,0,0,0,0,0,0,0,0,0,0,0,0,0,0,1,0,0,0,0,0,355981.5,350000.0
752,1,4,3,1,0.0,4.0,3,1,1,2,0,3,0,0,0,1,0,0,0,0,0,0,0,0,1,0,0,0,0,0,0,0,0,0,0,0,0,0,0,0,1,0,0,0,1,0,0,0,0,0,529828.375,525000.0
3299,1,2,2,1,0.0,3.0,4,1,1,1,1,2,0,0,0,1,1,0,0,0,0,0,0,0,0,0,0,1,0,0,1,1,0,0,0,0,0,0,0,1,0,0,0,0,0,0,0,0,0,0,400416.125,400000.0
3302,0,3,0,1,0.0,6.0,1,1,1,1,0,0,0,0,0,1,0,0,0,0,0,0,0,0,1,1,0,0,0,0,0,0,0,0,1,0,0,0,0,0,0,0,0,1,0,0,0,0,0,0,651.1483154296875,695.0
4156,1,7,4,1,0.0,4.0,3,1,1,1,1,6,0,0,0,1,0,0,1,0,0,1,0,0,1,0,0,0,0,1,1,0,0,0,0,0,0,0,0,1,1,0,0,1,0,0,0,0,0,0,613873.75,625000.0
4053,1,4,2,1,0.0,3.0,2,1,1,1,1,1,1,0,0,0,0,1,1,0,0,0,0,0,0,0,0,0,0,0,0,0,0,1,0,0,0,0,0,0,1,0,1,0,0,1,0,0,0,0,257057.046875,260000.0
4048,1,4,2,1,0.0,1.0,2,1,1,1,1,2,1,0,0,0,0,0,1,0,0,0,0,1,0,1,0,0,0,0,0,0,0,0,0,0,0,0,0,1,1,0,0,0,1,0,0,0,0,0,337690.25,340000.0
4092,1,7,2,1,0.0,2.0,4,1,1,1,1,8,0,0,0,0,1,0,1,0,0,1,0,0,0,0,0,1,0,0,1,1,0,0,0,0,0,1,0,1,1,0,0,1,0,0,0,0,0,0,930046.5625,950000.0
4144,1,4,2,1,0.0,9.0,2,1,1,1,1,3,0,0,1,0,1,0,0,1,0,0,0,0,1,0,0,1,0,1,0,0,0,0,0,0,0,0,0,0,1,0,0,1,1,0,0,0,0,0,328378.9375,325000.0
4147,1,4,2,1,0.0,6.0,1,1,1,0,1,1,0,0,0,0,0,0,1,0,0,1,1,0,0,0,0,1,0,0,0,0,0,1,0,0,0,0,0,1,1,0,0,1,0,0,0,0,0,0,213754.828125,220000.0
4112,1,4,2,1,0.0,9.0,2,1,1,1,0,2,1,0,0,1,0,0,1,0,0,0,0,0,1,1,0,0,0,0,1,0,0,0,0,0,0,0,0,1,1,0,0,1,0,0,0,0,0,0,321597.5625,325000.0
4069,1,4,5,1,0.0,3.0,4,1,1,1,1,4,0,0,0,1,1,0,1,0,0,0,0,0,1,0,0,0,0,1,0,0,0,0,0,0,0,0,0,1,1,0,0,1,0,0,0,0,0,0,754420.625,750000.0
4084,1,4,5,1,0.0,1.0,4,1,1,1,1,9,0,0,0,1,1,0,1,0,0,0,0,0,1,0,0,0,0,1,0,0,1,0,0,0,0,0,0,1,1,0,0,1,0,0,0,0,0,0,952611.25,950000.0
4045,1,7,2,1,0.0,0.0,2,1,1,1,0,1,0,0,0,0,0,0,1,0,0,1,0,0,0,1,0,0,0,0,0,0,0,0,0,0,0,0,0,0,1,0,0,0,1,0,0,0,0,0,166697.890625,260000.0
4471,1,6,3,1,0.0,5.0,3,1,2,2,1,5,0,0,0,1,1,0,1,0,0,0,0,0,1,0,0,1,1,0,0,0,0,0,0,0,0,0,0,0,1,0,0,0,1,0,0,0,0,0,366962.03125,365000.0
3763,1,2,3,1,0.0,6.0,2,1,1,1,1,3,0,0,0,1,1,0,1,0,0,0,0,0,1,0,0,0,0,1,1,0,0,0,0,0,0,0,0,0,1,0,0,1,1,0,0,0,0,0,424123.3125,425000.0
5058,1,4,1,1,0.0,3.0,3,1,2,2,1,2,0,0,0,1,1,0,0,0,0,0,0,0,0,0,1,0,0,0,0,0,0,0,0,0,0,0,0,0,1,0,0,0,1,0,0,0,0,0,247035.796875,250000.0
5025,1,2,3,1,0.0,4.0,3,1,1,3,1,0,0,0,0,1,1,0,0,0,0,0,0,0,0,0,1,0,0,0,0,0,0,0,0,0,0,0,0,0,1,0,0,0,1,0,0,0,0,0,373965.5625,375000.0
5049,1,4,3,1,0.0,1.0,3,1,2,2,1,1,0,0,0,1,1,0,0,0,0,0,0,0,0,0,1,0,0,0,0,0,0,0,0,0,0,0,0,0,1,0,0,0,1,0,0,0,0,0,315763.6875,318000.0
5028,1,4,3,1,0.0,0.0,4,1,1,2,1,2,0,0,0,1,1,0,0,0,0,0,0,0,1,0,0,1,0,0,0,0,0,0,0,0,0,0,0,0,1,0,0,0,1,0,0,0,0,0,399706.75,400000.0
5042,1,2,4,1,0.0,3.0,4,1,1,2,1,1,0,0,0,1,1,0,0,0,0,0,0,0,0,0,1,0,0,0,1,0,0,0,0,0,0,0,0,0,1,0,0,0,1,0,0,0,0,0,466288.875,350000.0
5016,1,2,3,1,0.0,3.0,3,1,1,2,1,2,0,0,0,1,1,0,0,0,0,0,0,0,0,0,1,0,0,0,0,0,0,0,0,0,0,0,0,0,1,0,0,0,1,0,0,0,0,0,319868.75,320000.0
5010,1,2,1,1,0.0,4.0,3,1,1,1,1,5,0,0,0,0,1,0,0,0,0,1,0,1,0,0,1,1,0,0,1,0,0,0,0,0,0,0,0,0,1,0,0,0,1,0,0,0,0,0,283725.3125,285000.0
5007,0,3,1,1,0.0,15.0,3,1,1,1,1,0,0,0,0,0,0,0,0,0,1,0,0,0,0,0,1,0,0,0,0,0,0,0,0,0,0,0,0,0,1,0,0,0,1,0,0,0,0,0,978.8553466796875,1100.0
5026,1,2,2,1,0.0,1.0,3,1,1,1,1,0,0,0,0,1,1,0,0,0,0,0,0,0,1,0,0,1,0,0,0,0,0,0,0,0,0,0,0,0,1,0,0,0,1,0,0,0,0,0,279074.28125,275000.0
5055,1,4,2,3,0.0,4.0,2,1,0,1,1,5,0,0,0,1,1,0,0,0,0,0,0,0,0,0,1,0,0,0,0,0,0,0,0,0,0,0,0,0,1,0,0,0,1,0,0,0,0,0,280347.125,285000.0
5051,1,2,5,1,0.0,2.0,4,1,1,2,1,3,0,0,0,1,1,0,0,0,0,0,0,0,0,0,1,0,0,0,0,0,0,0,0,0,0,0,0,1,1,1,0,0,0,0,0,0,0,0,757000.25,750000.0
5014,1,2,2,1,0.0,3.0,3,1,1,2,1,3,0,0,0,1,1,0,0,0,0,0,0,0,0,0,1,0,0,0,0,0,0,0,0,0,0,0,0,0,1,0,0,0,1,0,0,0,0,0,269711.5625,275000.0
5041,1,2,3,1,0.0,1.0,4,1,1,2,1,1,0,0,0,1,1,0,0,0,0,0,0,0,1,0,0,0,0,0,0,0,0,0,0,0,0,0,0,0,1,0,0,0,1,0,0,0,0,0,358629.75,320000.0
5060,1,2,0,3,0.0,2.0,2,1,1,0,1,1,1,0,0,1,0,0,0,0,0,0,0,0,0,0,0,0,0,0,1,0,0,0,0,0,0,0,0,0,0,0,0,0,1,0,0,0,0,0,113564.3359375,115000.0
5045,1,2,1,1,0.0,7.0,2,1,1,1,1,1,0,0,0,1,1,0,0,0,0,0,0,0,1,0,1,1,0,0,0,0,0,0,0,0,0,0,0,0,1,0,0,0,1,0,0,0,0,0,235283.0625,235000.0
5050,1,2,2,1,0.0,3.0,3,1,1,2,1,0,0,0,0,1,0,0,0,0,0,0,0,0,0,0,1,0,0,0,0,0,0,0,0,0,0,0,0,0,1,0,0,0,1,0,0,0,0,0,209477.765625,270000.0
5043,1,2,1,4,0.0,4.0,3,1,1,2,1,1,0,0,0,0,0,0,0,0,1,0,0,0,0,0,0,0,0,0,1,0,0,0,0,0,0,0,0,0,0,0,0,0,1,0,0,0,0,0,200866.890625,200000.0
5039,1,2,6,1,0.0,2.0,5,1,2,2,2,4,0,0,0,1,1,0,0,0,0,0,0,0,0,0,1,0,0,1,0,0,0,0,0,0,0,0,0,0,1,0,0,0,1,0,0,0,0,0,835679.25,830000.0
5041,1,2,3,1,0.0,0.0,4,1,2,2,1,2,0,0,0,1,0,0,0,0,0,0,0,0,0,0,1,0,0,1,0,0,0,0,0,0,0,0,0,0,1,0,0,0,1,0,0,0,0,0,302704.4375,300000.0
5027,1,2,3,1,0.0,4.0,3,1,1,1,1,3,0,0,0,1,1,0,0,0,0,0,0,0,0,0,1,0,0,0,0,0,0,0,0,0,0,0,0,0,1,0,0,0,1,0,0,0,0,0,327821.875,325000.0
5036,1,4,2,1,0.0,2.0,3,1,1,2,1,2,0,0,0,1,1,0,0,0,0,0,0,0,0,0,0,0,0,1,0,0,0,0,0,0,0,0,0,0,1,0,0,0,1,0,0,0,0,0,315325.125,315000.0
4039,0,3,3,1,0.0,2.0,2,1,0,1,1,1,0,0,0,1,0,0,1,0,0,0,0,0,1,0,1,0,0,1,0,0,0,0,1,0,0,0,0,0,0,0,0,0,1,0,0,0,0,0,1155.4901123046875,1400.0
4027,0,3,1,1,0.0,4.0,2,1,0,1,1,1,0,1,0,0,0,0,0,0,0,0,0,0,0,1,0,0,0,0,0,0,0,0,1,0,0,0,0,0,1,0,0,0,1,0,0,0,0,0,759.4593505859375,1050.0
908,1,7,1,1,0.0,4.0,2,1,0,1,1,3,0,0,0,1,0,0,1,0,0,0,0,0,0,0,0,0,1,0,0,0,0,0,0,0,0,0,0,0,1,0,0,0,1,0,0,0,0,0,214162.875,210000.0
904,1,7,0,3,0.0,4.0,2,1,1,1,1,2,0,0,0,1,0,0,1,0,0,0,0,0,0,0,0,1,1,0,1,0,0,0,0,0,0,0,0,0,1,0,0,0,1,0,0,1,0,0,151857.296875,150000.0
956,1,7,4,1,0.0,1.0,4,0,1,0,1,7,0,0,0,1,1,0,1,0,0,0,0,0,1,0,0,0,1,0,0,0,0,0,0,0,0,0,0,1,0,0,0,0,0,0,1,0,0,0,315653.625,325000.0
873,1,7,2,1,0.0,2.0,3,1,1,1,1,2,0,0,0,1,1,0,1,0,0,0,0,0,1,0,0,1,1,0,0,0,0,0,0,0,0,0,0,0,0,0,0,0,0,0,0,0,0,0,189002.609375,189950.0
880,1,1,0,3,0.0,0.0,3,2,1,1,2,1,0,0,0,1,1,0,1,0,0,0,0,0,1,0,0,1,0,0,0,0,0,0,0,0,0,0,0,0,1,0,0,1,0,0,0,1,0,0,118391.734375,112000.0
911,1,5,4,1,0.0,0.0,4,1,1,1,1,4,0,0,0,1,1,0,1,0,0,0,0,0,1,0,1,0,0,0,0,0,0,0,0,0,0,0,0,0,1,0,0,0,0,0,0,1,0,1,417759.875,500000.0
876,1,7,3,1,0.0,2.0,3,1,1,1,0,2,0,0,0,0,1,0,1,0,0,0,0,0,1,0,0,1,0,0,0,0,0,0,0,0,0,0,0,0,1,0,0,0,1,0,0,0,0,0,240727.671875,240000.0
869,1,7,1,1,0.0,1.0,4,1,1,1,1,1,0,0,0,1,1,0,1,0,0,0,0,0,0,0,0,1,0,0,0,1,0,0,0,0,0,0,0,0,1,0,0,0,1,0,0,0,0,0,290363.1875,175000.0
1759,0,3,0,1,0.0,2.0,1,1,1,2,1,3,0,0,0,0,0,0,0,1,0,0,0,0,0,0,0,1,0,0,0,0,0,0,0,0,0,0,0,0,1,0,0,1,0,0,0,0,0,0,653.7166748046875,485.0
878,0,3,2,1,0.0,18.0,4,1,0,1,1,0,0,0,0,1,0,0,1,0,0,0,0,0,1,0,0,0,1,0,0,0,0,0,0,0,0,0,0,0,1,0,0,0,1,0,0,0,0,0,2240.919921875,675.0
870,1,5,2,1,0.0,0.0,4,1,1,1,1,2,0,0,0,1,1,0,1,0,0,0,0,0,0,0,0,1,1,0,1,0,0,0,0,0,0,0,0,0,1,0,0,0,1,0,0,0,0,1,279822.40625,280000.0
868,1,7,3,1,0.0,0.0,3,1,0,1,1,2,0,0,0,1,1,0,1,0,0,0,0,0,0,0,0,1,0,0,1,0,0,0,0,0,0,0,0,0,1,0,0,0,0,0,1,0,0,0,302540.25,310000.0
3391,1,4,2,1,0.0,1.0,3,1,1,1,1,5,0,0,0,0,0,0,1,0,0,0,0,0,1,0,1,1,0,0,0,0,1,0,0,0,0,0,0,1,1,0,0,0,1,0,0,0,0,0,236796.921875,285000.0
3387,1,4,0,1,0.0,0.0,1,1,1,0,1,2,0,0,0,0,0,0,0,1,0,0,0,0,0,1,1,0,0,1,0,0,0,0,0,0,0,0,0,0,1,0,0,0,0,0,0,0,0,1,231468.171875,150000.0
2434,1,7,1,3,0.0,0.0,2,1,0,1,0,4,0,1,0,0,0,0,1,0,0,1,0,0,0,0,0,1,0,0,1,0,0,0,1,0,0,0,0,0,1,0,0,1,1,0,0,0,0,0,225306.359375,225000.0
2435,1,7,2,1,0.0,5.0,4,1,1,1,1,5,0,0,0,1,0,0,1,0,0,0,0,0,1,0,0,0,1,1,0,0,0,0,1,0,0,0,0,0,1,0,0,1,1,0,0,0,0,0,257447.953125,315000.0
3988,1,4,2,1,0.0,5.0,2,1,0,1,0,3,0,0,0,1,0,0,1,1,0,0,0,0,1,0,1,0,0,1,0,0,0,0,0,0,0,0,0,0,1,0,0,1,1,0,0,0,0,0,193006.515625,300000.0
2658,0,3,2,1,0.0,0.0,2,1,1,0,0,0,0,0,0,1,0,0,1,0,0,0,0,0,1,0,1,0,0,0,1,0,0,0,0,0,0,0,0,1,1,0,0,0,1,0,0,0,0,0,618.1072998046875,900.0
5176,0,3,2,1,0.0,6.0,2,1,1,0,0,1,0,0,0,1,0,0,1,0,0,1,0,0,0,0,0,1,0,1,1,0,1,0,0,0,0,0,0,0,1,0,0,1,0,0,0,0,0,0,0.0,1250.0
4002,0,3,1,1,0.0,6.0,1,0,0,1,1,0,1,0,0,0,0,0,0,0,0,0,0,0,0,0,0,1,0,0,0,0,0,0,0,0,0,0,0,0,1,0,0,1,1,0,0,0,0,0,611.1190185546875,850.0
2632,1,4,0,3,0.0,13.0,1,1,1,0,0,3,0,0,0,1,1,0,1,0,0,0,0,0,1,0,0,1,0,0,0,0,0,0,0,0,0,0,0,1,0,0,0,1,1,0,0,0,0,0,169895.171875,160000.0
2662,0,3,0,1,0.0,0.0,2,1,1,1,1,1,0,0,0,0,0,0,0,1,0,0,0,0,1,0,1,0,0,1,0,0,0,0,0,0,0,0,0,1,0,0,0,1,1,0,0,0,0,0,907.2987060546875,900.0
5175,0,3,2,1,0.0,8.0,2,1,1,0,1,0,0,1,0,0,0,0,0,1,0,0,0,1,1,0,0,0,1,1,0,0,0,0,0,0,0,0,0,1,1,0,0,0,0,0,0,0,0,0,1649.5213623046875,1400.0
1502,0,3,3,1,0.0,0.0,3,1,1,1,0,0,1,0,0,0,0,0,1,0,0,0,1,0,1,0,0,0,0,0,0,0,0,0,0,0,0,0,0,0,0,0,0,0,1,0,0,0,0,0,98.22256469726562,1400.0
3990,0,3,3,1,0.0,4.0,1,0,0,0,0,0,0,0,0,0,1,0,0,0,0,0,0,0,1,0,1,0,0,1,0,0,1,0,0,0,0,0,0,0,0,0,0,0,1,0,0,0,0,0,209.25967407226562,1400.0
2628,1,7,1,1,0.0,0.0,1,1,0,1,0,1,1,0,0,0,0,0,1,0,0,1,0,0,0,1,0,0,0,0,0,0,0,0,0,0,0,0,0,0,0,0,1,0,0,0,0,0,0,0,129691.8671875,170000.0
3747,1,2,2,1,0.0,3.0,2,1,1,0,1,0,1,0,0,0,0,0,0,0,0,0,0,0,1,0,0,0,0,0,0,0,0,0,0,0,0,0,0,0,0,0,0,0,1,0,0,0,0,0,331686.0,325000.0
3658,1,2,2,1,0.0,1.0,2,1,1,0,0,0,1,0,0,0,0,0,0,0,0,0,0,0,0,0,0,0,0,0,0,0,0,0,0,0,0,0,0,0,0,0,1,0,0,0,0,0,0,0,238109.265625,250000.0
3743,1,2,3,1,0.0,8.0,3,1,2,0,1,1,0,0,0,1,0,0,0,0,0,0,0,0,0,0,0,0,0,1,0,0,0,0,0,0,0,0,0,0,1,0,0,0,1,0,0,0,0,0,541258.0,540000.0
4799,1,7,1,1,0.0,3.0,3,1,1,1,1,4,0,0,0,1,1,0,1,0,0,0,0,0,1,0,1,0,1,0,0,0,0,0,0,0,0,0,0,0,1,0,0,1,0,0,0,0,0,0,166313.171875,190000.0
4942,1,7,2,1,0.0,1.0,3,1,1,1,1,4,0,0,0,1,0,0,1,0,0,0,0,0,1,0,1,0,1,0,0,0,0,0,0,0,0,0,0,0,1,0,0,0,1,0,0,0,0,0,290888.875,290000.0
4974,1,7,1,1,0.0,6.0,3,1,1,1,2,6,0,0,0,1,0,0,1,0,0,0,0,0,1,0,0,0,0,0,0,0,0,0,0,0,0,0,0,0,0,0,0,0,1,0,0,0,0,0,204682.640625,200000.0
4923,1,7,2,1,0.0,2.0,4,1,1,2,1,5,0,0,0,1,1,0,1,0,0,0,0,0,0,0,1,0,1,1,0,0,0,0,0,0,0,0,0,0,1,0,0,0,1,0,0,0,0,0,386260.5625,400000.0
4786,1,7,1,1,0.0,6.0,2,1,1,1,1,2,1,0,0,0,0,0,1,0,0,0,0,0,0,0,0,0,0,0,0,0,0,0,1,0,0,0,0,0,1,0,0,1,0,0,0,0,0,0,128899.984375,130000.0
4773,1,7,1,1,0.0,11.0,3,1,1,1,1,5,0,0,0,1,1,0,1,0,0,0,0,0,1,0,1,0,0,1,0,0,0,0,0,0,0,0,0,0,1,0,0,0,1,0,0,0,0,0,198791.375,200000.0
4932,1,7,2,1,0.0,3.0,2,1,1,1,1,1,0,0,0,1,0,0,1,0,0,0,0,0,1,0,0,0,1,0,1,0,0,0,0,0,0,0,0,0,1,0,0,0,1,0,0,0,0,0,316603.9375,325000.0
4896,1,7,1,1,0.0,7.0,2,1,1,1,1,2,0,0,0,1,0,0,1,0,0,0,0,0,1,0,1,0,1,0,0,0,0,0,0,0,0,0,0,0,1,0,0,0,1,0,0,0,0,0,200190.671875,200000.0
4940,1,7,0,1,0.0,2.0,2,1,1,1,1,2,1,0,0,1,0,0,1,0,0,0,0,0,1,0,1,0,0,0,0,0,0,0,0,0,0,0,0,0,1,0,0,0,1,0,0,0,0,0,181479.46875,185000.0
4928,1,7,2,1,0.0,1.0,3,1,1,2,1,7,0,0,0,1,1,0,1,0,0,0,0,0,1,0,1,0,1,0,0,0,0,0,0,0,0,0,0,0,1,0,0,0,1,0,0,0,0,0,403957.96875,400000.0
4926,0,3,2,1,0.0,4.0,3,1,0,1,1,6,0,0,0,0,0,0,0,1,0,0,0,0,1,0,1,0,1,0,0,0,0,0,0,0,0,0,0,0,0,0,0,1,1,0,0,0,0,0,0.0,1250.0
4924,0,3,1,1,0.0,9.0,2,1,0,1,1,1,1,0,0,0,0,0,1,0,0,0,0,0,0,1,0,0,0,0,0,0,0,0,0,0,0,0,0,0,1,0,1,0,0,0,0,0,0,0,927.5721435546875,700.0
4790,1,7,1,1,0.0,6.0,2,1,1,1,1,3,0,0,0,1,0,0,1,0,0,0,0,0,1,0,1,0,0,1,0,0,0,0,0,0,0,0,0,0,1,0,0,1,0,0,0,0,0,0,192889.3125,197500.0
4885,1,7,1,1,0.0,3.0,3,1,1,1,1,6,0,0,0,1,0,0,1,0,0,0,0,0,1,0,1,0,0,1,0,0,0,0,0,0,0,0,0,0,1,0,0,0,1,0,0,0,0,0,276128.09375,280000.0
4906,1,7,0,1,0.0,5.0,2,1,1,2,1,3,0,0,0,0,0,0,0,1,0,0,0,0,1,0,0,0,0,0,0,0,0,0,0,0,0,0,0,1,0,0,0,0,0,0,0,0,0,0,133597.75,222250.0
4784,1,7,3,1,0.0,2.0,4,1,1,1,1,5,0,0,0,1,0,0,1,0,0,0,0,0,1,0,1,0,0,1,0,0,0,0,0,0,0,0,0,0,1,0,0,0,1,0,0,0,0,0,321266.875,325000.0
4935,1,7,3,1,0.0,4.0,3,1,1,2,1,4,0,0,0,1,0,0,1,0,0,0,0,0,1,0,0,0,1,1,0,0,0,0,0,0,0,0,0,0,1,0,0,1,0,0,0,0,0,0,325326.65625,325000.0
4951,1,7,0,1,0.0,6.0,3,1,1,2,1,6,0,0,0,1,0,0,1,0,0,0,0,0,1,0,0,1,1,0,0,0,0,0,0,0,0,0,0,0,1,0,0,0,1,0,0,0,0,0,191096.265625,190000.0
4961,0,3,1,1,0.0,9.0,2,1,1,2,0,3,0,0,0,1,0,0,1,0,0,0,0,0,1,0,1,0,1,0,0,0,0,0,0,0,0,0,0,0,1,0,0,0,1,0,0,0,0,0,845.9178466796875,725.0
4919,1,7,3,1,0.0,2.0,4,1,1,1,1,6,0,0,0,1,1,0,1,0,0,0,0,0,0,0,1,0,1,1,0,0,0,0,0,0,0,0,0,0,1,0,0,0,0,0,1,0,0,0,291967.65625,300000.0
3131,0,3,1,1,0.0,9.0,3,1,0,1,1,5,0,0,0,1,0,0,1,0,0,0,0,0,1,0,1,0,0,0,1,0,0,0,0,0,0,0,0,0,1,0,0,0,1,0,0,0,0,0,1228.6190185546875,800.0
102,1,7,2,3,0.0,0.0,3,1,1,0,0,5,1,0,0,0,0,0,1,0,0,1,0,0,0,1,0,0,1,0,0,1,0,0,0,0,0,0,0,1,0,0,0,1,1,0,0,0,0,0,266735.34375,350000.0
90,0,3,0,1,0.0,8.0,1,1,1,0,0,3,0,0,0,0,0,0,0,0,0,0,0,0,0,0,0,0,0,0,0,0,0,0,0,0,0,0,0,1,0,0,0,1,0,0,0,0,0,0,1182.9940185546875,600.0
97,0,3,1,1,0.0,8.0,2,1,1,1,1,4,1,0,0,0,0,0,1,0,0,1,0,0,1,0,1,1,0,0,0,0,0,0,0,0,0,0,0,1,1,0,1,0,0,0,0,0,0,0,389.2772521972656,825.0
88,0,3,0,1,0.0,3.0,1,0,1,0,0,2,0,0,0,0,0,0,0,0,0,0,0,0,0,0,0,0,0,0,0,0,0,0,0,0,0,0,0,1,0,0,0,1,1,0,0,0,0,0,1194.9119873046875,550.0
92,1,4,1,1,0.0,13.0,3,1,0,1,1,8,0,0,0,0,0,0,0,1,0,0,0,0,0,0,1,1,0,0,1,0,0,0,0,0,0,0,0,0,1,0,1,0,0,1,0,0,0,0,201446.15625,200000.0
83,1,7,1,1,0.0,27.0,2,1,0,1,0,5,0,0,0,1,1,0,1,0,0,0,0,0,1,0,1,0,0,1,0,0,0,0,0,0,0,0,0,0,1,0,1,0,0,1,0,0,0,0,176721.453125,175000.0
61,0,3,1,1,0.0,3.0,2,1,0,1,1,1,1,0,0,0,0,0,1,0,0,1,0,0,0,0,0,0,0,0,0,0,0,0,0,0,0,0,0,0,1,1,1,0,0,0,0,0,0,0,717.7303466796875,850.0
97,0,3,1,1,0.0,12.0,2,1,1,1,1,4,1,0,0,0,0,0,1,0,0,1,0,0,1,0,1,0,0,1,0,0,0,0,0,0,0,0,0,0,1,0,1,0,0,1,0,0,0,0,993.1112060546875,850.0
189,1,6,4,1,0.0,2.0,4,1,0,1,1,13,0,0,0,1,1,0,0,0,0,0,0,0,0,0,0,1,0,1,1,0,1,0,0,0,0,0,0,0,1,0,0,0,1,0,0,0,0,0,424067.15625,410000.0
144,1,6,3,1,0.0,0.0,3,2,2,1,1,3,1,0,0,0,0,0,1,0,0,0,0,1,0,1,0,0,0,0,0,0,0,1,0,0,0,0,0,0,0,0,1,0,0,0,0,0,0,1,299137.6875,300000.0
166,1,6,0,1,0.0,5.0,1,1,1,0,1,7,0,0,0,0,0,0,0,1,0,0,0,0,0,0,0,0,0,0,0,0,0,0,1,0,0,0,0,0,1,0,1,0,0,0,0,0,0,0,58257.890625,55000.0
176,1,6,0,2,0.0,2.0,2,1,1,1,1,5,0,0,0,0,1,0,1,0,0,0,0,0,0,1,0,1,0,0,1,0,0,0,1,0,0,0,0,0,1,0,0,0,1,0,0,0,0,0,139062.65625,145000.0
183,0,3,0,1,0.0,1.0,2,1,1,0,1,4,0,0,0,0,0,0,0,1,0,0,0,0,0,0,0,1,0,0,0,0,0,0,1,0,0,0,0,0,1,0,0,0,1,0,0,0,0,0,526.8690185546875,695.0
152,1,6,3,1,0.0,0.0,4,1,0,2,2,11,0,0,0,1,0,0,0,0,0,0,0,0,0,0,0,0,0,1,1,1,1,0,0,0,0,0,0,0,1,0,0,0,1,0,0,0,0,0,396804.625,400000.0
153,0,3,1,1,0.0,0.0,2,1,0,1,1,4,0,0,0,0,0,0,0,1,0,0,0,0,0,0,0,0,0,0,0,1,0,0,1,0,0,0,0,0,1,0,0,0,1,0,0,0,0,0,698.0408935546875,750.0
153,1,6,1,1,0.0,0.0,2,1,1,1,1,6,0,0,0,0,0,0,0,1,0,0,0,0,0,0,0,1,0,0,1,1,0,0,1,0,0,0,0,0,1,0,0,0,1,0,0,0,0,0,146325.0625,235000.0
186,0,3,0,1,0.0,0.0,2,1,1,0,1,6,0,0,0,0,0,0,0,1,0,0,0,0,0,0,0,0,0,0,0,0,0,0,1,0,0,0,0,0,1,0,0,0,1,0,0,0,0,0,605.4237060546875,695.0
173,0,3,1,1,0.0,1.0,2,1,1,1,1,6,1,0,0,0,0,0,1,0,0,0,0,0,0,0,0,0,0,0,0,0,0,0,1,0,0,0,0,0,1,0,0,0,1,0,0,0,0,0,760.6502685546875,750.0
3513,1,2,4,3,0.0,2.0,5,1,1,1,2,8,0,0,0,1,0,1,1,0,0,0,0,0,1,0,0,1,1,0,0,0,0,0,1,0,0,0,0,1,0,0,0,1,0,0,0,0,0,0,653336.25,650000.0
3567,1,2,1,1,0.0,1.0,3,1,0,1,1,8,0,0,0,1,0,0,1,0,0,0,0,0,1,0,1,0,0,0,1,0,0,0,1,0,0,0,0,0,1,0,0,1,1,0,0,0,0,0,300238.125,300000.0
3490,1,6,1,1,0.0,2.0,3,1,1,1,1,6,0,0,0,0,0,0,0,0,0,0,0,0,1,0,0,0,1,0,1,0,0,0,1,0,0,0,0,1,1,0,0,0,1,0,0,0,0,0,230278.859375,230000.0
3507,1,9,1,1,0.0,4.0,3,1,0,1,1,5,1,0,0,0,0,0,1,0,0,0,0,0,1,0,0,0,0,0,0,0,0,0,1,0,0,0,0,1,1,0,0,0,1,0,0,0,0,0,123583.9140625,120000.0
3025,1,4,2,1,0.0,7.0,2,1,1,1,1,5,1,0,0,1,0,0,1,0,0,0,0,0,0,0,1,0,0,1,1,0,0,0,1,0,0,0,0,1,1,0,1,0,0,0,0,0,0,0,383023.21875,385000.0
2822,1,4,2,1,0.0,3.0,3,1,1,1,1,7,0,0,0,1,1,0,1,0,0,0,0,0,0,0,0,1,0,1,1,0,0,0,1,0,0,0,0,0,1,0,0,1,1,0,0,0,0,0,287369.09375,375000.0
2895,1,4,2,1,0.0,6.0,3,1,1,1,1,6,0,0,0,1,1,0,1,0,0,0,0,0,1,0,0,1,0,0,1,0,0,0,1,0,0,0,0,0,1,0,0,1,1,0,0,0,0,0,332749.25,325000.0
2843,1,2,2,1,0.0,1.0,3,1,0,1,1,7,1,0,0,1,0,0,1,0,0,0,0,0,1,0,1,0,0,1,0,0,0,0,1,0,0,0,0,0,1,0,0,1,1,0,0,0,0,0,352166.875,350000.0
2817,1,4,2,1,0.0,13.0,3,1,1,2,1,7,0,0,0,1,1,0,1,0,0,0,0,0,1,0,0,0,0,1,1,0,0,0,1,0,0,0,0,0,1,0,0,1,1,0,0,0,0,0,449020.5625,450000.0
2877,1,4,3,1,0.0,9.0,4,1,0,1,1,7,0,0,0,1,0,0,1,0,0,0,0,0,1,0,0,0,0,1,1,0,0,0,1,0,0,0,0,0,1,0,0,1,1,0,0,0,0,0,379254.78125,365000.0
2905,1,2,2,1,0.0,1.0,2,1,1,1,1,3,1,0,0,0,0,0,1,0,0,0,0,1,1,0,0,1,0,1,0,0,0,0,1,0,0,0,0,1,1,0,1,0,0,0,0,0,0,0,277579.34375,275000.0
2732,1,4,0,1,0.0,5.0,2,1,1,1,0,3,0,0,0,0,0,0,0,1,0,0,0,0,0,0,0,0,0,0,0,0,0,0,1,0,0,0,0,0,1,0,0,1,1,0,0,0,0,0,220925.171875,220000.0
2798,1,4,1,1,0.0,1.0,2,1,0,1,1,2,0,0,0,0,0,0,0,1,0,0,0,0,1,0,0,0,0,1,1,0,0,0,1,0,0,0,0,0,1,0,0,1,1,0,0,0,0,0,283873.75,275000.0
2905,1,4,1,1,0.0,3.0,2,1,1,1,0,3,1,0,0,0,0,0,1,0,0,1,0,0,1,0,0,1,0,1,0,0,0,0,0,0,0,0,0,0,1,0,1,0,0,0,0,0,0,0,235488.828125,240000.0
2770,1,4,3,1,0.0,1.0,3,1,1,1,1,7,0,0,0,1,1,0,1,0,0,0,0,0,1,0,0,1,0,0,1,0,0,0,1,0,0,0,0,0,1,0,0,1,1,0,0,0,0,0,389062.65625,385000.0
2806,1,4,2,1,0.0,3.0,3,1,1,2,1,5,0,0,0,1,1,0,1,0,0,0,0,0,1,0,0,1,0,1,0,0,0,0,1,0,0,0,0,0,1,0,0,1,1,0,0,0,0,0,329532.0625,325000.0
2842,1,2,2,1,0.0,1.0,3,1,1,1,1,5,1,0,0,1,0,0,1,0,0,0,0,0,0,0,0,1,1,1,0,0,0,0,1,0,0,0,0,0,1,0,0,1,1,0,0,0,0,0,308768.0,360000.0
2728,1,2,2,1,0.0,4.0,4,2,1,2,2,8,0,0,0,1,1,0,1,0,0,0,0,0,1,0,0,0,0,1,1,0,0,0,1,0,0,0,0,0,1,0,0,1,1,0,0,0,0,0,397861.5625,325000.0
2704,1,4,3,1,0.0,5.0,2,1,1,1,1,5,0,0,0,1,1,0,1,0,0,0,0,0,1,0,0,0,0,1,1,0,1,0,0,0,0,1,0,0,1,0,0,1,1,0,0,0,0,0,385004.125,375000.0
2702,1,4,2,1,0.0,5.0,2,1,1,1,1,6,1,0,0,1,0,0,1,0,0,0,0,0,1,0,0,0,0,1,1,0,0,0,1,0,0,0,0,0,1,0,0,1,1,0,0,0,0,0,267663.0625,325000.0
2793,1,4,3,1,0.0,1.0,3,1,1,1,1,8,0,0,0,1,0,0,1,0,0,1,0,0,1,0,0,0,0,1,1,0,0,0,1,0,0,0,0,0,1,0,0,1,1,0,0,0,0,0,368944.8125,360000.0
2829,1,2,1,1,0.0,14.0,3,1,1,1,1,3,0,0,0,0,0,0,0,1,0,0,0,0,1,0,0,1,0,0,1,0,0,0,0,0,0,0,0,1,1,0,0,0,1,0,0,0,0,0,276744.09375,275000.0
2766,1,4,2,1,0.0,6.0,3,1,1,1,0,4,0,0,0,1,0,0,1,0,0,0,0,0,1,0,0,0,0,1,1,0,0,0,1,0,0,0,0,0,1,0,0,1,1,0,0,0,0,0,346080.625,340000.0
2782,1,4,3,1,0.0,4.0,4,1,0,2,1,5,0,0,1,1,0,0,1,0,0,0,0,0,1,0,0,1,0,0,1,0,0,0,1,0,0,0,0,1,1,0,0,0,1,0,0,0,0,0,343326.3125,340000.0
2752,1,4,3,1,0.0,6.0,3,1,2,1,1,8,0,0,0,1,0,0,1,0,1,0,0,0,1,0,0,0,0,1,1,0,0,0,1,0,0,0,0,0,1,0,0,1,1,0,0,0,0,0,578464.5,575000.0
3019,1,4,1,1,0.0,1.0,1,1,2,0,1,4,0,0,0,0,0,0,0,0,0,0,0,0,1,0,0,0,0,1,1,0,0,0,1,0,0,0,0,1,1,0,0,1,0,0,0,0,0,0,263644.03125,265000.0
2719,1,4,2,1,0.0,1.0,3,1,1,2,1,6,0,0,0,0,0,0,0,1,0,0,0,0,1,0,0,1,0,0,1,0,0,0,1,0,0,0,0,1,1,0,0,1,0,0,0,0,0,0,268049.0625,390000.0
2792,1,4,2,1,0.0,2.0,4,1,0,1,1,5,0,0,0,0,0,0,0,1,0,0,0,0,1,0,0,0,0,1,1,0,0,0,1,0,0,0,0,0,1,0,0,1,1,0,0,0,0,0,322022.0,400000.0
2787,1,4,5,1,0.0,4.0,4,1,2,2,2,8,0,0,0,1,1,0,1,0,0,0,0,0,1,0,0,1,0,1,0,0,0,0,1,0,0,0,0,1,1,0,0,1,0,0,0,0,0,0,675741.75,675000.0
2872,1,4,3,1,0.0,5.0,3,1,0,1,1,6,1,0,0,1,0,0,1,0,0,0,0,0,1,0,0,0,0,1,1,0,0,0,1,0,0,0,0,1,1,0,0,0,1,0,0,0,0,0,346848.125,350000.0
2903,1,4,4,1,0.0,3.0,4,1,1,1,1,7,0,0,0,1,1,0,1,0,0,0,0,0,1,0,0,0,0,1,1,0,0,0,1,0,0,0,0,0,1,0,0,1,1,0,0,0,0,0,423575.34375,415000.0
2906,1,4,4,1,0.0,1.0,4,1,1,1,1,6,0,0,0,1,1,0,1,0,0,0,0,0,1,0,0,0,0,1,1,0,0,0,0,0,0,0,0,1,1,0,0,0,0,0,1,0,0,0,578514.125,560000.0
2706,1,4,2,1,0.0,0.0,2,1,1,1,0,2,0,0,0,0,0,0,0,1,0,0,0,0,1,0,0,0,0,1,1,0,0,0,1,0,0,0,0,1,1,0,0,0,1,0,0,0,0,0,298988.65625,300000.0
2816,1,4,2,1,0.0,2.0,4,1,1,1,2,6,0,0,0,1,1,0,1,0,0,0,0,0,1,0,0,0,0,1,1,0,0,0,0,0,0,0,0,0,1,0,0,1,1,0,0,0,0,0,421072.1875,425000.0
2720,1,4,5,1,0.0,3.0,4,1,1,2,1,8,0,0,0,1,1,0,1,0,0,0,0,0,1,0,0,0,0,1,1,0,0,0,1,0,0,0,0,1,1,0,0,0,1,0,0,0,0,0,642628.4375,625000.0
2726,1,4,3,1,0.0,1.0,3,1,1,2,2,2,0,0,0,0,0,0,0,1,0,0,0,0,1,0,0,0,0,1,1,0,0,0,1,0,0,0,0,1,1,0,0,0,1,0,0,0,0,0,393752.9375,390000.0
2890,1,4,4,1,0.0,5.0,4,1,1,1,1,6,0,0,0,1,1,0,1,0,0,0,0,0,1,0,0,0,0,1,1,0,0,0,1,0,0,0,0,1,1,0,0,0,1,0,0,0,0,0,505192.625,475000.0
2699,1,4,3,1,0.0,1.0,2,1,1,1,1,6,0,0,0,1,1,0,1,0,0,0,0,0,1,0,0,0,0,1,1,0,1,0,0,0,0,0,0,0,1,0,0,1,1,0,0,0,0,0,406224.0,400000.0
3021,1,4,2,1,0.0,0.0,3,1,1,1,1,4,0,0,0,1,0,0,1,0,0,0,0,1,0,0,0,0,1,1,1,0,0,0,1,0,0,0,0,1,1,0,0,0,1,0,0,0,0,0,363313.4375,400000.0
2825,1,4,2,1,0.0,0.0,3,1,1,1,1,7,0,0,0,1,1,0,1,0,0,0,0,0,1,0,0,0,0,1,1,0,0,0,1,0,0,0,0,0,1,0,0,1,1,0,0,0,0,0,373282.9375,360000.0
2854,1,4,2,1,0.0,1.0,2,1,1,1,1,4,0,0,0,1,0,0,1,0,0,0,0,0,1,0,0,0,0,1,1,0,0,0,1,0,0,0,0,0,1,0,0,1,1,0,0,0,0,0,338019.625,300000.0
2779,1,4,3,1,0.0,0.0,4,1,2,1,1,7,0,0,0,1,0,0,1,0,0,1,0,0,1,0,0,0,0,1,1,0,0,0,1,0,0,0,0,0,1,0,0,1,1,0,0,0,0,0,449581.8125,450000.0
3017,1,4,3,1,0.0,4.0,3,1,1,2,0,6,0,0,0,1,0,0,1,0,0,1,0,0,1,0,0,1,0,1,0,0,0,0,1,0,0,0,0,0,1,0,0,1,1,0,0,0,0,0,379945.75,375000.0
2790,1,2,1,1,0.0,4.0,2,1,1,1,1,2,0,0,0,0,0,0,0,1,0,0,0,0,1,0,0,0,0,1,1,0,0,0,1,0,0,0,0,0,1,0,0,1,1,0,0,0,0,0,288274.375,290000.0
2896,1,4,2,1,0.0,0.0,3,1,1,1,1,5,0,0,0,1,1,0,1,0,0,0,0,0,1,0,0,0,0,1,1,0,0,0,1,0,0,0,0,0,1,0,0,1,1,0,0,0,0,0,365463.375,340000.0
2788,0,3,2,1,0.0,2.0,3,1,0,2,1,4,1,0,0,1,0,0,1,0,0,0,0,0,1,0,1,0,0,0,1,0,0,0,0,0,0,0,0,0,1,0,0,1,1,0,0,0,0,0,1128.2518310546875,1280.0
2832,0,3,1,1,0.0,4.0,2,1,1,1,0,3,0,0,0,1,0,0,1,0,0,0,0,0,0,0,0,1,1,0,1,0,0,0,0,0,0,0,0,0,0,0,0,0,1,0,0,0,0,0,444.2733459472656,925.0
2896,0,3,1,1,0.0,6.0,2,1,1,1,1,3,1,0,0,0,0,0,1,0,0,0,0,1,0,1,0,0,0,0,0,0,0,0,1,0,0,0,0,0,1,0,1,0,0,1,0,0,0,0,337.7381896972656,950.0
2779,1,4,3,1,0.0,0.0,4,1,2,1,1,7,0,0,0,1,0,0,1,0,0,0,0,0,1,0,1,1,0,0,0,0,0,0,0,0,0,0,0,0,1,0,0,1,1,0,0,0,0,0,452568.8125,450000.0
2839,1,4,2,1,0.0,1.0,3,1,0,1,1,5,1,0,0,1,0,0,1,0,0,0,0,0,1,0,0,0,0,1,1,0,0,0,1,0,0,0,0,0,1,0,0,1,1,0,0,0,0,0,339723.0,340000.0
2911,1,4,3,1,0.0,4.0,4,1,1,1,1,8,0,0,0,1,1,0,1,0,0,0,0,0,1,0,0,0,0,1,1,0,0,0,1,0,0,0,0,0,1,0,0,1,1,0,0,0,0,0,437813.0625,425000.0
2739,0,3,2,1,0.0,4.0,4,1,3,1,1,5,0,0,0,1,0,0,1,0,0,0,0,0,1,0,0,0,0,1,1,0,0,0,0,0,1,0,0,0,1,0,0,1,1,0,0,0,0,0,1765.8729248046875,1400.0
4598,0,3,1,1,0.0,3.0,3,1,1,1,1,4,0,0,0,1,1,0,1,0,0,0,0,0,1,0,1,0,0,0,1,0,1,0,1,0,0,0,0,0,1,0,0,0,1,0,0,0,0,0,655.5389404296875,695.0
4672,1,7,1,4,0.0,1.0,1,1,0,1,1,2,0,0,0,1,0,0,1,0,0,0,0,0,1,0,0,0,1,0,1,0,1,0,0,0,0,0,0,0,1,0,0,0,1,0,0,0,0,0,125090.2578125,125000.0
4537,0,3,0,1,0.0,3.0,4,1,0,2,1,4,0,0,0,0,0,0,0,1,0,0,0,0,0,0,0,0,1,0,1,0,0,0,1,0,0,0,0,0,0,0,0,0,1,0,0,0,0,0,275.0917053222656,650.0
4681,0,3,2,1,0.0,0.0,3,1,0,1,1,7,0,0,0,1,1,0,1,0,0,0,0,0,1,0,1,1,0,0,0,0,1,0,1,0,0,0,0,0,0,0,0,0,1,0,0,0,0,0,674.6463623046875,750.0
4679,0,3,0,1,0.0,4.0,3,1,1,1,1,4,0,0,0,1,0,0,1,0,0,0,1,0,0,0,0,1,0,0,0,0,1,0,1,0,0,0,0,0,0,0,0,0,1,0,0,0,0,0,563.3748779296875,650.0
4569,1,2,5,1,0.0,7.0,4,1,0,2,1,13,0,0,0,1,1,0,1,0,0,0,0,0,1,0,0,0,1,0,1,0,1,0,1,0,0,0,0,0,0,0,0,0,1,0,0,0,0,0,514954.6875,500000.0
4507,0,3,0,1,0.0,1.0,2,1,1,1,1,1,0,0,0,0,0,0,0,1,0,0,0,0,0,0,0,0,1,0,1,0,0,0,1,0,0,0,0,0,1,0,0,0,1,0,0,0,0,0,645.6268310546875,475.0
4645,0,3,1,1,0.0,6.0,3,1,1,1,1,4,0,0,0,1,1,0,1,0,0,0,0,0,1,0,0,1,0,1,0,0,1,0,1,0,0,0,0,0,1,0,0,0,1,0,0,0,0,0,698.7518310546875,705.0
4552,0,3,1,1,0.0,1.0,2,1,0,1,1,1,1,0,0,0,0,0,1,0,0,0,0,0,0,1,0,0,0,0,0,0,0,0,1,0,0,0,0,0,1,0,0,0,1,0,0,0,0,0,830.7166748046875,525.0
632,0,3,3,4,0.0,4.0,2,1,0,1,1,2,0,0,0,0,0,0,0,1,0,0,0,0,0,0,1,0,1,0,1,0,1,0,1,0,0,0,0,0,1,0,0,0,1,0,0,0,0,0,1581.4783935546875,575.0
4671,0,3,0,1,0.0,1.0,2,1,0,1,1,1,0,0,0,0,0,0,0,1,0,0,0,0,1,0,1,0,1,0,0,0,1,0,1,0,0,0,0,0,1,0,0,0,1,0,0,0,0,0,503.6424865722656,475.0
4485,0,3,0,1,0.0,4.0,3,1,1,1,1,1,0,0,0,0,0,0,0,1,0,0,0,0,1,0,1,0,1,0,0,0,0,0,1,0,0,0,0,0,1,0,0,0,1,0,0,0,0,0,735.3221435546875,595.0
4678,0,3,0,1,0.0,1.0,2,1,1,1,1,1,0,0,0,0,0,0,0,1,0,0,0,0,1,0,1,0,1,0,0,0,1,0,1,0,0,0,0,0,0,0,0,0,1,0,0,0,0,0,464.6385803222656,475.0
4497,0,3,0,1,0.0,1.0,1,0,1,0,0,1,0,0,0,0,0,0,0,0,0,0,0,0,0,0,0,0,0,0,0,0,0,0,1,0,0,0,0,0,1,0,0,0,1,0,0,0,0,0,562.0057373046875,450.0
4484,0,3,0,1,0.0,4.0,2,1,0,1,1,2,0,0,0,0,0,0,0,1,0,0,1,0,1,0,1,0,0,0,1,0,1,0,0,0,0,0,0,0,1,0,0,1,1,0,0,0,0,0,211.99795532226562,495.0
4505,0,3,0,1,0.0,1.0,1,1,0,0,1,2,0,0,0,0,0,0,0,1,0,0,0,0,0,0,0,0,0,0,0,0,0,0,1,0,0,0,0,0,1,0,0,0,1,0,0,0,0,0,532.6990966796875,450.0
4615,1,7,3,1,0.0,4.0,5,1,1,2,1,7,0,0,0,1,0,0,1,0,0,0,0,0,1,0,1,0,0,0,1,0,1,0,1,0,0,0,0,0,1,0,0,0,1,0,0,0,0,0,302872.75,300000.0
4649,0,3,0,1,0.0,1.0,2,1,0,1,1,3,0,1,0,0,0,0,1,0,0,0,0,1,0,0,0,0,0,0,0,0,1,0,0,0,0,0,0,0,1,0,0,0,1,0,0,0,0,0,544.5916748046875,425.0
4717,0,3,0,1,0.0,3.0,1,1,1,1,1,3,0,0,0,1,1,0,1,0,0,0,0,0,0,0,1,1,1,0,0,0,1,0,1,0,0,0,0,0,1,0,1,0,0,0,0,0,0,0,508.3338928222656,525.0
4572,0,3,1,1,0.0,3.0,3,1,0,1,1,2,1,0,1,0,0,0,0,0,0,0,0,1,0,0,1,1,1,0,0,0,0,0,1,0,0,0,0,0,1,0,0,0,1,0,0,0,0,0,0.0,605.0
4588,0,3,0,1,0.0,0.0,1,1,0,0,1,1,0,0,0,1,0,0,1,0,0,0,1,0,0,0,0,0,0,0,0,0,0,0,1,0,0,0,0,0,1,0,1,0,0,0,0,0,0,0,535.0858154296875,455.0
4588,0,3,0,1,0.0,0.0,1,1,0,0,1,1,0,0,0,1,0,0,1,0,0,0,1,0,0,0,0,0,0,0,0,0,0,0,1,0,0,0,0,0,1,0,1,0,0,0,0,0,0,0,535.0858154296875,455.0
4494,0,3,1,1,0.0,3.0,2,1,0,1,1,2,0,0,0,0,1,0,0,0,0,0,0,0,0,0,0,0,0,0,0,0,0,0,1,0,0,0,0,0,1,0,0,0,1,0,0,0,0,0,598.1014404296875,650.0
4650,0,3,0,1,0.0,1.0,2,1,0,1,1,2,0,0,0,0,0,1,1,0,0,0,0,1,0,0,0,0,0,0,0,0,0,0,1,0,0,0,0,0,1,0,0,0,1,0,0,0,0,0,280.9413146972656,400.0
4589,0,3,0,1,0.0,1.0,2,1,1,1,1,2,0,0,0,0,0,0,0,1,0,0,0,0,1,0,1,0,1,0,0,0,1,0,0,0,0,0,0,0,1,0,0,0,1,0,0,0,0,0,558.3924560546875,525.0
4696,0,3,0,1,0.0,4.0,2,1,1,1,1,1,0,0,0,0,0,0,0,1,0,0,0,0,1,0,1,0,1,0,0,0,1,0,1,0,0,0,0,0,1,0,0,0,1,0,0,0,0,0,644.8143310546875,525.0
4495,0,3,0,1,0.0,3.0,1,1,1,0,0,1,0,0,0,0,0,0,0,1,0,0,0,0,0,0,0,0,0,0,0,0,0,0,1,0,0,0,0,0,1,0,0,0,1,0,0,0,0,0,618.9979248046875,430.0
4551,0,3,1,1,0.0,1.0,2,1,0,1,1,1,1,0,0,0,0,0,1,0,0,0,0,0,0,1,0,0,0,0,0,0,0,0,1,0,0,0,0,0,1,0,0,0,1,0,0,0,0,0,830.8182373046875,550.0
2196,1,4,0,1,0.0,1.0,2,1,1,1,1,0,0,0,0,0,0,0,0,0,0,0,0,0,0,0,0,0,0,0,0,0,0,0,0,0,0,0,0,0,1,0,0,0,1,0,0,0,0,0,112358.4140625,110000.0
2197,0,3,0,1,0.0,2.0,1,1,1,1,0,1,1,0,0,0,0,0,0,0,0,1,0,1,0,0,0,0,0,0,0,0,0,0,0,0,0,0,0,0,1,0,0,0,1,0,0,0,0,0,154.24600219726562,650.0
2195,1,2,0,3,0.0,0.0,6,1,1,2,1,11,0,0,0,0,0,0,0,0,0,0,0,0,0,0,1,0,1,0,1,0,0,0,0,0,0,0,0,1,1,0,0,0,1,0,0,0,0,0,532891.625,215000.0
5287,1,2,2,1,0.0,2.0,5,2,1,1,1,7,0,0,0,1,1,0,0,0,0,0,0,0,0,0,1,1,0,0,1,0,0,0,1,0,0,0,0,0,1,0,0,0,1,0,0,0,0,0,282539.5625,310000.0
5196,1,6,3,1,0.0,2.0,4,1,0,2,1,7,0,1,0,1,1,0,0,0,0,0,0,0,1,0,1,1,0,0,0,0,1,0,1,0,0,0,0,0,1,0,0,0,1,0,0,0,0,0,328706.0625,325000.0
5302,1,6,1,1,0.0,2.0,2,1,1,1,1,4,0,0,0,1,1,0,1,0,0,0,0,0,1,0,0,1,1,0,0,0,1,0,1,0,0,0,0,0,1,0,0,0,1,0,0,0,0,0,181925.484375,175000.0
5195,1,2,1,1,0.0,3.0,2,1,0,2,1,5,0,0,0,1,0,0,1,0,0,0,0,0,1,0,1,0,1,0,0,0,0,0,1,0,0,0,0,0,1,0,0,0,1,0,0,0,0,0,221294.59375,220000.0
3383,1,2,0,1,0.0,1.0,3,1,1,2,1,3,0,0,0,1,0,0,0,0,0,0,0,0,1,0,0,0,0,0,0,0,0,0,0,0,0,0,0,1,1,0,0,0,0,0,0,0,0,0,157450.171875,234995.0
652,0,3,3,1,0.0,3.0,1,1,0,1,0,2,0,0,0,0,0,0,0,0,0,0,0,0,0,1,0,0,0,0,0,0,1,1,0,0,1,0,0,0,1,0,1,0,0,0,0,0,0,0,1546.8416748046875,850.0
717,1,4,2,1,0.0,7.0,3,1,0,2,1,5,0,1,0,0,0,0,1,0,0,0,0,0,0,0,1,0,0,1,1,0,0,0,1,0,0,0,0,1,1,0,0,0,1,0,0,0,0,0,378687.6875,375000.0
3664,1,2,3,1,0.0,8.0,3,1,1,0,1,3,0,0,0,1,1,0,1,0,0,0,0,0,1,0,1,0,0,1,0,0,0,0,0,0,0,0,0,1,1,0,0,0,1,0,0,0,0,0,447992.125,450000.0
578,1,2,5,4,0.0,3.0,4,1,0,1,2,9,0,0,0,1,1,0,1,0,0,0,0,0,1,0,1,0,0,0,1,0,1,0,0,0,0,0,0,0,0,0,0,0,0,0,1,0,0,0,454492.53125,450000.0
3986,0,3,2,1,0.0,2.0,2,1,1,1,0,1,1,0,0,0,0,0,1,0,0,0,0,0,0,0,1,0,0,1,0,0,0,0,0,0,0,0,0,0,0,0,1,0,0,0,0,0,0,0,640.8690185546875,1250.0
3999,1,2,3,1,0.0,3.0,3,1,1,2,1,1,0,0,0,1,1,0,1,0,0,0,0,0,0,0,1,0,0,0,1,0,0,0,0,0,0,0,0,0,1,0,0,0,1,0,0,0,0,0,352832.8125,380000.0
3989,1,4,2,1,0.0,5.0,2,1,0,1,1,1,0,0,0,1,1,0,1,0,0,0,0,0,1,0,1,0,0,0,1,0,0,0,0,0,0,0,0,0,1,0,0,0,1,0,0,0,0,0,322758.75,325000.0
3983,1,4,2,1,0.0,2.0,2,1,1,1,0,1,1,0,0,0,0,0,1,0,0,0,0,0,0,1,0,0,0,0,0,0,0,0,0,0,0,0,0,0,1,0,1,0,0,0,0,0,0,0,223874.328125,230000.0
3989,1,2,3,1,0.0,8.0,2,1,0,2,1,2,0,0,0,1,1,0,1,0,0,0,0,0,1,0,1,0,0,0,1,0,0,0,0,0,0,0,0,0,1,0,0,1,1,0,0,0,0,0,348859.9375,355000.0
1131,0,3,2,1,0.0,0.0,3,1,0,2,1,2,0,0,0,1,0,0,1,0,0,0,0,0,1,0,0,0,0,0,1,0,0,0,1,0,0,0,0,1,1,0,0,0,1,0,0,0,0,0,1116.4276123046875,1400.0
1129,0,3,0,1,0.0,5.0,2,1,0,1,1,0,0,0,0,0,0,0,0,1,1,0,0,0,0,0,0,0,0,0,0,0,0,0,1,0,0,0,0,1,1,0,0,1,0,0,0,0,0,0,515.4393310546875,750.0
1101,0,3,2,1,0.0,4.0,2,1,1,1,0,2,0,0,1,0,0,0,1,0,0,1,0,0,1,0,1,0,1,0,0,0,0,0,0,0,0,0,0,1,0,0,0,1,0,0,0,0,0,1,1064.7850341796875,1150.0
1167,0,3,2,1,0.0,2.0,2,1,1,1,1,3,1,0,0,0,0,0,1,0,0,1,0,0,1,0,0,0,1,1,0,0,0,0,1,0,0,0,0,1,1,0,0,1,0,0,0,0,0,0,677.5799560546875,1100.0
1129,0,3,0,1,0.0,4.0,1,1,1,0,1,3,0,0,0,0,0,0,0,0,1,0,0,0,1,0,0,0,1,0,0,1,1,0,0,0,0,0,0,0,1,0,1,0,0,0,0,0,0,0,262.6229553222656,695.0
1107,0,3,2,1,0.0,4.0,2,1,1,1,0,3,0,0,0,0,1,0,0,1,0,0,0,0,1,0,0,0,1,0,0,0,0,0,1,0,0,0,0,0,1,0,0,1,1,0,0,0,0,0,1139.4237060546875,950.0
1101,0,3,2,1,0.0,2.0,2,1,1,1,0,2,0,0,1,0,0,0,1,0,0,1,0,0,1,0,1,0,1,0,0,0,0,0,0,0,0,0,0,1,0,0,0,1,0,0,0,0,0,1,1421.4315185546875,1150.0
1134,0,3,0,1,0.0,9.0,1,1,1,1,1,1,0,0,0,0,0,1,1,0,0,1,0,0,0,1,0,0,0,0,0,0,0,0,1,0,0,0,0,1,1,0,0,1,0,0,0,0,0,0,799.1971435546875,650.0
1095,0,3,0,1,0.0,1.0,1,1,1,1,0,0,1,0,0,1,0,0,0,0,0,1,0,0,1,1,1,0,0,0,0,0,0,0,1,0,0,0,0,1,0,0,0,1,1,0,0,0,0,0,974.1522216796875,750.0
1101,0,3,2,1,0.0,1.0,2,1,1,1,0,2,0,0,1,0,0,0,1,0,0,1,0,0,1,0,1,0,1,0,0,0,0,0,0,0,0,0,0,1,0,0,0,1,0,0,0,0,0,1,1792.8729248046875,1050.0
1096,0,3,0,3,0.0,1.0,1,1,1,0,1,3,1,0,0,0,0,0,1,0,0,0,0,1,0,0,0,0,0,0,0,0,0,0,1,0,0,0,0,0,1,0,1,0,0,0,0,0,0,0,536.0799560546875,695.0
1141,0,3,0,1,0.0,1.0,1,1,1,0,1,2,0,0,0,0,0,0,0,0,0,0,0,0,0,0,0,0,1,0,0,0,0,0,1,0,0,0,0,0,0,0,1,0,0,1,0,0,0,0,634.0174560546875,695.0
1138,0,3,2,1,0.0,1.0,2,1,1,1,1,3,0,0,0,0,0,0,0,1,1,0,0,0,1,0,0,0,1,0,0,0,0,0,1,0,0,0,0,0,1,0,0,1,1,0,0,0,0,0,946.2244873046875,1200.0
1130,0,3,0,1,0.0,0.0,2,1,1,1,0,1,0,0,0,0,0,0,0,1,0,0,0,0,1,0,1,0,0,1,0,0,0,0,1,0,0,0,0,0,1,0,0,1,1,0,0,0,0,0,777.2830810546875,695.0
1103,0,3,1,1,0.0,2.0,2,1,1,0,1,2,0,0,0,0,0,0,0,0,1,0,0,0,1,0,0,0,1,1,0,0,0,0,1,0,0,0,0,1,1,0,0,1,0,0,0,0,0,0,1070.5408935546875,850.0
1151,0,3,2,1,0.0,0.0,2,1,0,0,1,4,0,0,0,0,0,0,0,1,1,0,0,1,0,0,1,0,1,1,0,0,0,0,1,0,0,0,0,0,1,0,0,1,1,0,0,0,0,0,836.6893310546875,1000.0
1108,0,3,1,1,0.0,11.0,3,1,1,2,1,2,0,0,0,1,0,0,1,0,0,1,0,0,1,0,1,1,0,0,0,0,0,0,1,0,0,0,0,1,1,0,0,1,0,0,0,0,0,0,1172.0233154296875,1000.0
1129,0,3,0,1,0.0,0.0,2,1,0,1,0,1,0,0,0,0,0,0,0,0,0,0,0,0,0,0,0,0,0,0,0,0,0,0,1,0,0,0,0,1,1,0,0,1,0,0,0,0,0,0,872.3416748046875,725.0
1139,0,3,2,1,0.0,3.0,2,1,0,1,1,1,1,0,0,0,0,0,1,0,0,1,0,0,0,0,0,0,0,0,0,0,0,0,1,0,0,0,0,0,1,0,1,0,0,1,0,0,0,0,1117.0096435546875,850.0
1145,0,3,3,1,0.0,6.0,4,1,1,2,1,5,0,0,0,1,0,0,1,0,0,1,0,0,1,0,1,0,0,1,0,0,0,0,1,0,0,0,0,1,1,0,0,1,0,0,0,0,0,0,958.6932373046875,1650.0
5363,1,4,1,1,0.0,1.0,4,1,0,1,1,5,0,0,0,0,0,0,0,0,0,0,0,0,0,0,1,0,0,0,0,0,0,0,0,0,0,0,0,0,0,0,0,0,1,0,0,0,0,0,234436.609375,230000.0
3503,0,3,1,1,0.0,7.0,3,1,0,1,1,8,0,0,0,1,0,0,1,0,0,0,0,0,0,0,0,1,1,0,1,0,0,0,1,0,0,0,0,0,0,0,0,0,1,0,0,0,0,0,0.0,895.0
3486,0,3,0,1,0.0,0.0,2,1,0,1,1,4,1,0,0,1,0,0,0,0,0,0,0,0,1,0,1,0,0,0,1,0,0,0,1,0,0,0,0,0,1,0,0,0,1,0,0,0,0,0,798.8397216796875,700.0
3551,0,3,0,1,0.0,6.0,2,1,0,0,0,4,0,0,0,0,0,0,0,1,0,0,0,0,0,0,0,0,0,0,0,0,0,0,1,0,0,0,0,0,1,0,0,0,1,0,0,0,0,0,567.2694091796875,595.0
3497,0,3,0,1,0.0,1.0,1,1,1,0,1,3,1,0,0,0,0,0,0,0,0,0,0,0,0,1,0,0,0,0,0,0,0,1,0,0,0,0,0,0,0,0,1,0,0,0,0,0,0,0,1088.7127685546875,600.0
3556,0,3,1,1,0.0,6.0,2,1,1,1,1,2,1,0,0,0,0,0,1,0,0,0,0,0,0,0,0,0,0,0,0,0,0,0,1,0,0,0,0,0,1,0,0,0,1,0,0,0,0,0,706.0174560546875,750.0
3559,0,3,1,1,0.0,2.0,2,1,1,2,0,5,0,0,0,1,1,0,1,0,0,0,0,0,1,0,0,1,0,0,0,0,0,0,1,0,0,0,0,0,1,0,0,0,1,0,0,0,0,0,633.9637451171875,895.0
3521,0,3,0,1,0.0,6.0,2,1,0,1,0,4,0,0,0,1,0,0,1,0,0,0,0,0,1,0,0,0,0,0,1,0,0,0,0,0,0,0,0,0,0,0,0,1,1,0,0,0,0,0,686.1590576171875,750.0
3480,0,3,2,1,0.0,3.0,2,1,1,2,1,3,1,0,0,0,0,0,1,0,0,0,0,0,1,0,0,0,0,0,0,0,0,0,1,0,0,0,0,0,0,0,0,0,1,0,0,0,0,0,1006.9627685546875,800.0
3554,0,3,6,1,0.0,0.0,3,1,1,2,0,9,0,0,0,1,1,1,0,0,0,0,0,0,1,0,0,1,1,0,0,0,0,0,0,0,0,0,0,1,0,0,0,0,0,0,1,0,0,0,197081.3125,2250.0
3378,0,3,0,1,0.0,0.0,3,1,0,1,1,5,0,0,0,0,0,0,0,1,0,0,0,0,0,0,0,0,0,0,0,0,0,0,1,0,0,0,0,0,0,0,0,0,0,0,0,0,0,0,395.1561584472656,875.0
3556,0,3,1,1,0.0,0.0,1,1,1,0,1,2,0,0,0,0,0,0,0,0,0,0,0,0,0,0,0,0,0,0,0,0,0,0,1,0,0,0,0,0,1,0,0,0,1,0,0,0,0,0,653.9627685546875,595.0
4055,0,3,2,1,0.0,2.0,2,1,1,1,1,2,1,0,0,0,0,0,0,0,0,1,0,1,0,1,0,0,1,0,0,0,1,0,0,0,0,0,0,1,1,0,0,1,0,0,0,0,0,0,857.8377685546875,1400.0
4088,1,4,4,1,0.0,5.0,4,1,1,1,0,6,1,0,0,0,1,0,0,0,0,1,0,0,1,0,0,1,0,1,0,0,0,0,0,0,0,0,0,1,1,0,0,0,1,0,0,0,0,0,448865.0,450000.0
4086,1,4,2,1,0.0,5.0,2,1,1,1,0,3,0,0,0,1,1,0,1,0,0,0,0,0,1,0,0,0,0,1,1,0,0,0,0,0,0,0,0,1,1,0,0,1,0,0,0,0,0,0,300458.28125,300000.0
4170,1,4,3,1,0.0,3.0,2,1,1,1,1,2,0,0,0,0,0,0,1,0,0,1,0,1,0,1,0,0,0,0,0,0,0,0,0,0,0,0,0,0,1,0,0,1,1,0,0,0,0,0,196375.1875,190000.0
4073,0,3,3,1,0.0,5.0,3,1,1,1,1,3,1,0,0,0,0,0,1,0,0,1,0,0,1,0,0,0,0,1,1,0,0,0,0,0,0,0,0,1,1,0,0,1,0,0,0,0,0,0,147.04483032226562,1500.0
4073,1,4,5,1,0.0,4.0,4,1,1,1,1,6,0,0,0,1,1,0,1,0,0,0,0,0,1,0,0,1,0,0,1,0,0,0,0,0,0,0,0,0,1,1,0,0,1,0,0,0,0,0,810820.625,800000.0
4090,1,4,2,1,0.0,3.0,2,1,1,1,1,3,0,0,0,0,1,0,0,1,0,0,0,0,1,0,0,0,0,1,1,0,0,0,0,0,0,0,0,1,1,0,0,0,1,0,0,0,0,0,351486.75,350000.0
4117,1,4,4,1,0.0,16.0,3,1,1,1,1,4,0,0,0,1,0,0,1,0,0,1,0,0,1,0,0,0,0,1,0,0,0,0,0,0,0,0,0,1,1,0,0,1,0,0,0,0,0,0,657231.625,650000.0
4157,0,3,6,1,0.0,4.0,5,1,1,1,1,5,0,0,0,1,1,0,1,0,0,0,0,0,1,0,0,0,0,1,0,1,0,0,0,0,0,0,0,1,1,0,0,0,1,0,0,0,0,0,0.0,3550.0
4047,1,4,3,1,0.0,6.0,2,1,1,0,0,3,1,0,0,0,0,1,1,0,0,0,0,0,0,0,0,0,0,0,0,1,0,1,0,0,0,1,0,1,0,0,0,1,0,0,0,0,0,1,449401.5625,450000.0
4072,1,4,4,1,0.0,3.0,3,1,1,1,1,5,0,0,0,1,1,0,0,0,0,1,0,0,1,0,0,1,0,1,0,0,0,0,0,0,0,0,0,1,1,0,0,0,0,0,1,0,0,0,651476.0,650000.0
4142,1,4,5,1,0.0,2.0,4,1,1,1,1,4,0,0,0,1,1,0,1,0,0,0,0,0,1,1,0,1,0,0,0,0,0,0,0,0,0,1,0,1,1,0,0,1,0,0,0,0,0,0,622653.25,700000.0
2133,0,3,4,1,0.0,3.0,2,1,1,1,0,2,1,0,0,0,0,0,0,0,0,0,0,0,0,0,0,0,1,0,0,0,1,0,0,0,0,0,0,0,1,0,0,0,1,0,0,0,0,0,1397.2596435546875,1450.0
2119,0,3,2,1,0.0,9.0,2,1,1,1,1,2,0,0,0,1,0,0,1,0,0,0,0,0,1,0,0,1,0,0,0,0,0,0,1,0,0,0,0,0,1,0,0,0,1,0,0,0,0,0,1193.0526123046875,1500.0
580,1,2,2,1,0.0,2.0,2,1,0,2,1,5,0,0,0,1,0,0,1,0,0,0,0,0,1,0,1,0,0,0,0,0,0,0,1,0,0,0,0,0,1,0,0,0,1,0,0,0,0,0,293008.46875,300000.0
1297,1,7,2,3,0.0,1.0,3,1,0,2,1,2,0,0,0,1,0,0,1,0,0,0,0,0,1,0,0,0,1,0,1,0,0,0,0,0,0,0,0,1,1,0,0,0,1,0,0,0,0,0,272223.15625,270000.0
1320,1,7,4,1,0.0,3.0,4,1,0,2,1,4,0,0,0,1,1,0,1,0,0,0,0,0,1,0,1,0,1,0,0,0,0,0,0,0,0,0,0,1,1,0,0,0,1,0,0,0,0,0,376377.5,375000.0
1300,1,6,1,1,0.0,5.0,4,1,0,1,1,2,0,0,0,1,1,0,1,0,0,0,0,0,1,0,1,0,0,0,1,0,0,0,0,0,0,0,0,0,1,0,0,1,1,0,0,0,0,0,246801.25,250000.0
1317,0,3,2,1,0.0,3.0,2,1,0,0,1,3,1,0,0,0,0,0,1,0,0,0,0,0,0,0,1,0,1,0,0,1,0,0,1,0,0,0,0,1,1,0,0,1,0,0,0,0,0,0,870.8533935546875,850.0
1254,1,7,3,1,0.0,6.0,3,1,1,2,1,3,0,0,0,1,1,0,1,0,0,0,0,0,1,0,1,0,1,0,0,0,0,0,0,0,0,0,0,1,1,0,0,0,1,0,0,0,0,0,322085.25,325000.0
1290,1,7,0,1,0.0,0.0,2,0,0,0,0,3,0,0,0,0,0,0,0,1,0,0,0,0,0,0,0,0,1,0,0,0,0,0,0,0,0,0,0,1,1,0,0,1,0,0,0,0,0,0,90523.6484375,150000.0
367,1,6,1,1,0.0,2.0,2,1,0,1,0,6,0,0,0,0,0,0,0,1,0,0,0,0,0,0,0,0,1,0,1,1,0,0,1,0,0,0,0,0,1,0,0,0,1,0,0,0,0,0,154076.578125,275000.0
2509,1,6,5,1,0.0,3.0,5,1,3,1,2,5,0,0,0,1,1,0,0,0,0,0,0,0,0,0,1,0,1,1,0,0,0,0,0,0,0,0,0,0,1,0,0,0,1,0,0,0,0,0,558068.5,575000.0
198,1,4,1,1,0.0,1.0,2,1,1,1,0,6,0,0,0,1,0,0,1,0,0,0,0,0,0,0,0,1,1,0,0,0,0,0,0,0,0,0,0,0,1,0,0,0,1,0,0,0,0,0,260153.5,255000.0
4739,1,4,2,1,0.0,0.0,2,1,1,1,1,4,0,0,0,0,0,0,0,1,1,0,0,0,1,0,0,0,0,0,1,0,0,0,1,0,0,0,0,0,1,0,0,0,1,0,0,0,0,0,659812.375,670000.0
4738,0,3,3,1,0.0,2.0,3,1,1,1,1,2,0,0,0,0,0,0,0,1,1,0,0,0,1,0,0,0,0,0,1,0,0,0,1,0,0,0,0,0,1,0,0,0,1,0,0,0,0,0,2868.759765625,2650.0
4184,1,4,3,1,0.0,11.0,3,1,1,0,1,1,0,0,0,1,0,0,1,0,0,0,0,0,0,0,0,0,0,1,1,0,0,0,0,0,0,0,0,0,1,0,0,1,0,0,0,0,0,0,530007.25,535000.0
4188,1,4,2,1,0.0,2.0,2,1,1,1,0,1,1,0,0,0,0,0,0,0,0,0,0,0,1,1,0,0,0,0,1,0,0,0,0,0,0,0,0,0,1,0,0,0,1,0,0,0,0,0,377806.53125,375000.0
4185,1,4,3,1,0.0,9.0,3,1,1,1,1,2,0,0,0,0,0,0,0,0,1,0,0,0,1,0,0,0,0,0,1,0,0,0,0,0,0,0,1,0,1,0,0,0,1,0,0,0,0,0,495793.4375,500000.0
4190,1,4,3,1,0.0,14.0,3,1,0,1,1,2,0,1,0,0,1,0,0,0,0,0,0,0,1,0,0,0,1,0,1,0,0,0,0,0,0,0,0,1,1,0,0,0,1,0,0,0,0,0,493526.3125,500000.0
1980,1,7,1,1,0.0,4.0,3,1,0,2,1,3,0,0,0,1,0,0,1,0,0,0,0,0,1,0,0,0,1,0,0,0,0,0,1,0,0,0,0,0,1,1,0,0,1,0,0,0,0,0,258356.296875,215000.0
208,1,4,1,1,0.0,4.0,3,1,1,1,1,3,1,0,0,0,1,0,1,0,0,0,0,0,0,0,0,1,1,0,0,0,0,0,1,0,0,0,0,0,1,0,0,0,1,0,0,0,0,0,265727.3125,150000.0
1898,1,4,1,1,0.0,8.0,2,1,1,0,1,5,0,0,0,1,0,0,1,0,0,0,0,0,1,0,1,1,0,0,0,0,0,0,1,0,0,0,0,0,1,0,0,0,1,0,0,0,0,0,162636.984375,160000.0
1943,0,3,0,1,0.0,14.0,2,1,1,1,1,0,0,0,0,1,0,0,1,0,0,0,0,0,1,0,0,0,1,0,0,0,0,0,1,0,0,0,0,0,1,0,0,0,1,0,0,0,0,0,817.1502685546875,650.0
1991,0,3,3,1,0.0,5.0,3,1,1,2,1,2,0,0,0,1,1,0,0,0,0,0,0,0,1,0,0,1,1,0,0,0,0,0,1,0,0,0,0,0,1,0,0,0,1,0,0,0,0,0,971.5682373046875,1050.0
1976,1,4,3,1,0.0,2.0,3,1,1,1,1,6,0,0,0,1,1,0,1,0,0,0,0,0,1,0,1,0,0,0,0,0,0,0,1,0,0,0,0,0,1,0,0,0,1,0,0,0,0,0,295806.25,300000.0
325,1,4,2,1,0.0,4.0,3,1,2,1,0,5,1,0,0,0,0,0,1,0,0,0,0,0,1,0,0,1,0,0,0,0,0,0,1,0,0,0,0,0,1,1,0,0,1,0,0,0,0,0,320686.625,150000.0
1985,1,4,2,1,0.0,6.0,3,1,1,1,1,5,0,0,0,1,1,0,1,0,0,0,0,0,1,0,0,1,0,0,0,1,0,0,0,0,0,1,0,0,1,0,0,0,1,0,0,0,0,0,184533.75,180000.0
5223,1,7,1,3,0.0,1.0,2,1,0,1,0,5,0,0,0,0,0,0,0,1,0,0,0,0,0,0,0,0,0,0,0,0,0,0,1,0,0,0,0,0,1,0,0,1,1,0,0,0,0,0,88133.8046875,87000.0
275,1,7,0,1,0.0,2.0,2,1,1,1,1,3,0,0,0,1,1,0,1,0,0,0,0,0,1,0,0,0,0,0,0,0,0,0,1,0,0,0,0,0,1,0,0,1,1,0,0,0,0,0,128546.6484375,129950.0
317,0,3,1,1,0.0,3.0,3,1,0,1,1,3,0,0,0,1,0,0,1,0,0,0,0,0,1,0,1,0,0,0,1,0,0,0,1,0,0,0,0,0,1,0,0,1,1,0,0,0,0,0,800.1190185546875,700.0
288,1,7,3,1,0.0,0.0,4,1,1,0,1,6,0,0,0,1,1,0,1,0,0,0,0,0,1,0,0,0,0,1,1,0,0,0,1,0,0,0,0,0,1,0,0,1,1,0,0,0,0,0,246756.0,299950.0
273,1,7,0,1,0.0,10.0,2,1,1,1,0,1,0,0,0,0,0,0,1,1,0,0,0,0,0,0,0,1,1,0,0,0,0,0,1,0,0,0,0,0,1,0,0,1,1,0,0,0,0,0,93827.1328125,95000.0
276,1,6,1,1,0.0,0.0,3,1,1,1,1,4,0,0,0,0,0,0,0,1,0,0,0,0,1,0,0,0,0,1,1,0,0,0,1,0,0,0,0,0,1,0,0,1,1,0,0,0,0,0,151130.328125,147500.0
5221,1,7,3,1,0.0,4.0,4,1,0,1,1,5,0,0,0,1,1,0,1,0,0,0,0,0,0,0,1,1,0,0,1,0,0,0,1,0,0,0,0,0,1,0,0,1,1,0,0,0,0,0,320058.6875,320000.0
305,1,7,1,1,0.0,0.0,2,1,0,1,1,3,0,0,0,0,0,0,0,1,0,0,0,0,1,0,1,0,0,0,1,0,0,0,1,0,0,0,0,0,1,0,0,0,1,0,0,0,0,0,125561.28125,125000.0
211,0,3,1,1,0.0,6.0,2,1,1,1,0,4,0,0,0,0,0,0,0,1,0,0,0,0,0,0,0,0,0,0,0,0,0,0,1,0,0,0,0,0,1,0,0,1,1,0,0,0,0,0,0.0,540.0
210,1,7,4,1,0.0,0.0,4,1,1,1,2,6,0,0,0,1,1,0,1,0,0,0,0,0,1,0,0,0,0,1,1,0,0,0,1,0,0,0,0,0,0,0,1,1,1,0,0,0,0,0,298341.1875,299950.0
1242,0,3,2,1,0.0,5.0,3,1,0,1,1,7,0,0,0,1,1,0,1,0,0,0,0,0,1,0,1,0,0,0,1,0,0,0,1,0,0,0,0,0,1,0,0,1,1,0,0,0,0,0,828.3299560546875,985.0
286,0,3,3,1,0.0,2.0,3,1,1,1,1,6,0,0,0,1,1,0,1,0,0,0,0,0,1,0,0,0,0,1,1,0,0,0,1,0,0,0,0,0,1,0,0,1,1,0,0,0,0,0,1377.6580810546875,1000.0
1257,0,3,1,1,0.0,2.0,2,1,1,1,0,2,1,0,0,0,0,0,0,0,0,0,0,0,0,0,0,0,0,0,0,1,0,0,1,0,0,0,0,1,0,0,1,0,0,0,0,0,0,0,1193.0330810546875,725.0
211,0,3,1,1,0.0,0.0,2,1,1,1,0,4,0,0,0,0,0,0,0,1,0,0,0,0,0,0,0,0,0,0,0,0,0,0,1,0,0,0,0,0,1,0,0,1,1,0,0,0,0,0,366.5721740722656,540.0
292,0,3,1,1,0.0,6.0,2,1,1,1,0,3,0,0,0,0,0,0,0,1,0,0,0,0,0,0,0,1,0,0,0,0,0,0,1,0,0,0,0,0,1,0,0,1,1,0,0,0,0,0,511.9159240722656,635.0
291,1,7,1,1,0.0,5.0,2,1,1,1,1,4,0,0,0,1,1,0,1,0,0,0,0,0,1,0,0,0,0,1,0,0,0,0,1,0,0,0,0,0,1,0,0,1,1,0,0,0,0,0,179013.234375,180000.0
5230,1,4,2,1,0.0,4.0,3,1,0,1,1,5,0,0,0,1,1,0,0,0,0,0,0,0,1,0,1,0,0,0,1,0,0,0,1,0,0,0,0,0,1,0,0,1,1,0,0,0,0,0,196052.296875,190000.0
1261,0,3,1,1,0.0,8.0,2,1,1,1,0,3,1,0,0,0,0,0,1,0,0,0,0,0,0,0,0,0,0,0,0,0,0,0,1,0,0,0,0,0,0,0,0,1,1,0,0,0,0,0,811.2401123046875,625.0
308,1,7,2,1,0.0,0.0,3,1,1,1,1,5,0,0,0,0,0,0,1,1,0,0,0,0,0,0,0,1,0,0,0,0,0,0,1,0,0,0,0,0,1,0,0,1,1,0,0,0,0,0,176374.734375,170000.0
1264,1,7,1,4,0.0,11.0,3,1,1,1,1,7,0,0,0,0,0,0,0,1,0,0,0,0,1,0,1,0,0,0,1,0,0,0,1,0,0,0,0,0,1,0,0,1,1,0,0,0,0,0,202000.453125,90000.0
3555,1,1,0,1,0.0,0.0,2,1,0,1,1,1,0,0,0,1,0,0,1,0,0,0,0,0,0,1,0,0,0,0,0,1,0,0,0,1,1,1,0,0,1,0,0,0,1,0,0,0,0,0,279217.0,275000.0
3555,1,1,0,1,0.0,0.0,2,1,1,1,1,2,0,0,0,1,0,0,1,0,0,0,0,0,0,1,0,0,1,0,0,1,0,0,0,1,0,0,0,0,1,0,0,1,0,0,0,0,0,0,275007.71875,248400.0
3555,1,1,0,1,0.0,0.0,2,1,1,1,1,0,0,0,0,1,0,0,1,0,0,0,0,0,0,0,0,0,0,0,0,1,0,0,0,1,0,0,0,0,1,0,0,1,0,0,0,0,0,0,251719.640625,256204.0
2138,1,4,3,1,0.0,19.0,4,1,1,0,1,2,0,0,0,0,0,0,1,0,0,0,0,0,1,0,0,0,1,1,0,0,0,0,0,0,0,0,0,1,1,0,0,0,0,0,0,0,0,1,599283.25,600000.0
4187,1,4,2,1,0.0,13.0,1,1,0,1,0,1,0,1,0,1,0,0,1,0,0,0,0,0,0,1,0,1,0,0,0,0,0,0,0,0,0,0,0,0,0,0,0,0,1,0,0,0,0,0,243154.828125,260000.0
2112,1,7,3,4,0.0,1.0,2,1,1,0,0,0,0,1,0,0,0,1,1,0,0,0,0,0,0,1,1,0,0,0,0,0,0,0,0,0,0,0,0,1,1,0,0,0,0,0,0,0,0,1,368863.625,375000.0
4742,1,2,4,1,0.0,0.0,2,1,1,0,0,0,0,0,0,0,0,0,0,1,0,0,0,0,0,0,0,0,0,0,0,0,0,0,0,0,0,0,0,0,0,0,0,0,1,0,0,0,0,0,615026.75,600000.0
4191,1,4,2,1,0.0,0.0,2,1,1,0,0,1,1,0,0,0,0,0,1,0,0,0,1,0,0,0,0,0,0,0,0,0,0,0,0,0,0,0,0,1,1,0,0,0,0,0,0,0,0,1,342329.3125,340000.0
2403,0,3,3,1,0.0,3.0,5,1,0,1,1,2,0,0,0,0,1,0,1,0,0,0,0,0,1,0,0,1,0,0,0,0,0,0,0,0,0,0,0,0,0,0,0,0,1,0,0,0,0,0,1385.1502685546875,1500.0
640,1,2,1,1,0.0,4.0,2,1,1,1,1,0,0,1,0,0,1,0,0,0,0,0,0,0,0,1,0,0,0,0,0,0,0,0,0,0,0,0,0,0,1,0,0,0,1,0,0,0,0,0,243742.046875,250000.0
729,1,4,3,1,0.0,0.0,2,1,1,1,1,6,0,0,0,1,1,0,1,0,0,0,0,0,0,0,1,0,0,1,1,0,1,0,0,0,0,0,0,1,1,0,0,0,1,0,0,0,0,0,297181.53125,525000.0
761,1,4,2,1,0.0,0.0,2,1,1,1,0,1,1,0,0,1,0,0,1,0,0,0,0,0,1,1,0,0,0,0,1,0,0,0,1,0,0,0,0,0,1,0,0,1,1,0,0,0,0,0,922.0330810546875,240.0
1475,0,3,3,1,0.0,2.0,3,1,1,1,1,3,0,0,0,1,0,0,0,0,0,0,0,0,1,0,0,1,0,0,0,0,0,0,1,0,0,0,0,1,1,0,0,0,0,0,0,0,0,0,1081.6854248046875,1600.0
5416,0,3,1,1,0.0,7.0,2,1,1,1,1,2,0,0,0,0,0,0,0,1,0,0,0,0,1,0,0,0,0,0,0,0,0,0,1,0,0,0,0,0,0,0,0,0,1,0,0,0,0,0,44.474517822265625,875.0
5389,0,3,2,1,0.0,4.0,4,1,1,2,1,2,0,0,0,1,1,0,0,0,0,0,0,0,1,0,0,1,0,0,0,0,0,0,1,0,0,0,0,0,1,0,0,0,1,0,0,0,0,0,742.2987060546875,1400.0
5399,0,3,2,1,0.0,2.0,2,1,1,1,0,1,0,0,0,0,0,0,0,0,0,0,0,0,0,0,0,0,0,0,0,0,0,0,1,0,0,0,0,0,0,0,1,0,0,0,0,0,0,0,745.2244873046875,850.0
5505,0,3,0,1,0.0,7.0,1,1,1,1,0,2,1,0,0,0,0,0,1,0,0,0,0,0,0,0,0,0,0,0,0,0,0,0,1,0,0,0,0,1,0,0,0,0,0,0,0,0,0,0,0.0,700.0
5346,0,3,3,1,0.0,6.0,2,1,0,1,1,5,1,0,0,0,0,0,0,0,0,0,0,0,0,1,0,0,0,0,0,0,1,1,0,0,0,0,0,0,0,0,1,0,0,0,0,0,0,0,1157.2283935546875,1200.0
5355,0,3,1,1,0.0,5.0,2,1,0,1,1,2,1,0,0,0,0,0,1,0,0,1,0,0,0,1,0,0,0,0,0,0,0,0,1,0,0,0,0,0,0,1,1,0,0,0,0,0,0,0,927.5408935546875,900.0
5355,0,3,1,1,0.0,6.0,2,1,0,1,1,2,1,0,0,0,0,0,1,0,0,1,0,0,0,1,0,0,0,0,0,0,0,0,1,0,0,0,0,0,0,1,1,0,0,0,0,0,0,0,919.3201904296875,925.0
5355,0,3,1,1,0.0,1.0,2,1,0,1,1,2,1,0,0,0,0,0,1,0,0,1,0,0,0,1,0,0,0,0,0,0,0,0,1,0,0,0,0,0,0,1,1,0,0,0,0,0,0,0,964.4027099609375,925.0
5355,0,3,1,1,0.0,1.0,2,1,0,1,1,2,1,0,0,0,0,0,1,0,0,1,0,0,0,1,0,0,0,0,0,0,0,0,1,0,0,0,0,0,0,1,1,0,0,0,0,0,0,0,964.4027099609375,925.0
5348,0,3,2,1,0.0,1.0,3,1,1,2,1,2,0,0,0,0,0,0,0,0,0,0,0,0,0,0,0,0,0,0,0,0,0,0,1,0,0,0,0,0,0,0,1,0,0,0,0,0,0,1,852.7557373046875,1750.0
5411,0,3,0,1,0.0,5.0,1,1,1,1,0,3,0,0,0,0,0,0,0,1,0,0,0,0,0,0,1,0,0,0,0,0,0,0,1,0,0,0,0,0,0,0,1,0,0,0,0,0,0,0,384.1444396972656,650.0
5469,0,3,2,1,0.0,2.0,2,1,0,1,0,3,0,0,0,1,0,0,1,0,0,0,0,0,1,0,0,1,0,0,0,0,0,0,1,0,0,0,0,0,0,0,0,1,1,0,0,0,0,0,667.5838623046875,1100.0
5472,0,3,0,1,0.0,3.0,1,1,1,1,0,2,0,0,0,0,0,0,0,0,0,0,0,0,0,0,0,0,0,0,0,0,0,0,1,0,0,0,0,0,1,0,0,1,1,0,0,0,0,0,649.2498779296875,775.0
5456,0,3,1,1,0.0,7.0,2,1,1,0,0,2,0,0,0,0,0,0,0,1,0,0,0,0,1,0,0,0,1,0,0,0,0,0,1,0,0,0,0,0,0,0,0,0,1,0,0,0,0,0,745.1541748046875,995.0
719,0,3,2,1,0.0,1.0,2,1,0,1,0,2,0,0,0,0,0,0,0,0,0,0,0,0,1,0,0,0,0,1,1,0,0,0,0,0,0,0,0,0,1,0,0,0,1,0,0,0,0,0,913.5682373046875,1150.0
5119,1,6,0,3,0.0,1.0,4,1,1,0,1,0,0,0,0,0,0,0,0,1,1,0,0,0,0,0,0,0,0,0,0,1,0,0,0,0,0,0,0,0,0,0,0,0,1,0,0,0,0,0,125956.28125,100000.0
2923,1,7,0,1,0.0,5.0,2,1,0,1,1,1,0,0,0,0,0,0,0,1,0,0,0,0,1,0,1,0,1,0,0,0,0,0,0,0,0,0,0,0,1,0,0,0,1,0,0,0,0,0,119293.625,117000.0
807,1,6,0,1,0.0,5.0,1,0,0,0,0,1,0,0,0,0,0,0,0,1,1,0,0,0,1,0,0,0,0,1,1,0,0,0,0,0,0,0,0,0,1,0,0,1,1,0,0,0,0,0,130526.3046875,130000.0
5127,1,7,0,1,0.0,1.0,2,1,1,0,1,1,0,0,0,0,0,0,1,0,0,0,0,0,0,0,0,0,0,0,0,1,0,0,0,0,0,0,0,0,0,0,0,0,1,0,0,0,0,0,46620.390625,46000.0
5118,1,6,0,1,0.0,7.0,2,1,1,1,0,0,0,0,0,0,0,0,0,0,0,0,1,0,0,0,0,0,0,0,0,0,0,0,0,0,0,0,0,0,0,0,0,0,1,0,0,0,0,0,80205.921875,75000.0
5125,1,1,0,2,0.0,0.0,5,4,4,0,2,4,0,0,0,0,0,0,0,0,1,0,0,0,0,0,0,0,0,0,0,1,0,0,0,0,0,0,0,0,0,0,0,0,1,0,0,0,0,0,67867.765625,80000.0
814,1,6,0,1,0.0,0.0,2,1,0,1,1,2,0,0,0,0,0,0,0,0,0,0,0,0,0,0,0,0,0,0,0,0,0,0,0,0,0,0,0,0,0,0,0,0,1,0,0,0,0,0,89383.90625,90000.0
2178,0,3,2,1,0.0,3.0,2,1,1,1,0,0,0,0,0,0,0,0,0,0,0,0,0,0,0,1,0,0,0,0,0,0,0,0,1,0,0,0,0,0,0,0,1,0,0,0,0,0,0,0,587.4158935546875,800.0
4882,1,7,1,1,0.0,0.0,2,1,1,1,1,6,0,0,0,1,1,0,1,0,0,0,0,0,1,0,1,0,1,0,0,0,0,0,0,0,0,0,0,0,1,0,0,0,1,0,0,0,0,0,253991.015625,245000.0
4846,1,7,2,1,0.0,0.0,3,1,1,1,1,4,0,0,0,1,0,0,1,0,0,0,0,0,1,0,1,0,1,0,0,0,0,0,0,0,0,0,0,0,1,0,0,1,0,0,0,0,0,0,277283.4375,280000.0
4995,1,7,3,1,0.0,1.0,4,1,1,1,1,6,0,0,0,1,1,0,1,0,0,0,0,0,1,0,0,0,1,1,0,0,0,0,0,0,0,0,0,0,1,0,0,0,1,0,0,0,0,0,351004.1875,350000.0
4749,1,7,1,1,0.0,1.0,2,1,1,1,0,5,0,0,0,1,1,0,1,0,0,0,0,0,1,0,1,0,1,0,0,0,0,0,0,0,0,0,0,0,1,0,0,0,1,0,0,0,0,0,221669.703125,218500.0
4909,1,7,1,1,0.0,6.0,3,1,1,1,1,3,0,0,0,1,1,0,1,0,0,0,0,0,1,0,0,0,1,1,0,0,0,0,0,0,0,0,0,0,1,0,0,0,1,0,0,0,0,0,211481.671875,255000.0
2254,1,6,2,1,0.0,1.0,2,1,0,1,1,6,0,0,0,1,1,0,1,0,0,0,0,0,0,0,0,1,0,1,1,0,1,0,0,0,0,0,0,0,1,0,0,0,1,0,0,0,0,0,299351.9375,294000.0
2234,1,2,0,3,0.0,7.0,3,1,0,1,0,3,0,0,0,0,0,0,0,1,0,0,0,0,0,0,0,0,0,0,0,0,0,0,1,0,0,0,0,0,1,0,0,0,1,0,0,0,0,0,148103.765625,145000.0
2243,1,2,1,3,0.0,0.0,3,1,0,1,1,6,0,0,0,0,0,0,0,1,0,0,0,0,0,0,0,1,0,1,1,0,1,0,0,0,0,0,0,0,1,0,0,0,1,0,0,0,0,0,238828.671875,240000.0
2225,0,3,2,1,0.0,9.0,3,1,0,0,1,8,0,0,0,1,1,0,1,0,0,0,0,0,0,0,0,1,0,1,1,0,0,0,1,0,0,0,0,0,0,0,0,0,1,0,0,0,0,0,1102.5955810546875,1000.0
2451,0,3,3,1,0.0,7.0,3,1,0,1,1,8,0,0,0,1,1,0,1,0,0,0,0,0,0,0,0,0,0,0,1,0,1,0,0,0,0,1,0,0,1,0,0,0,1,0,0,0,0,0,1111.7645263671875,1100.0
2241,1,6,2,1,0.0,2.0,3,1,0,1,1,6,0,0,0,1,1,0,1,0,0,0,0,0,0,0,0,0,0,1,1,0,1,0,0,0,0,0,0,0,1,0,0,0,1,0,0,0,0,0,313822.46875,310000.0
2246,1,2,3,1,0.0,0.0,4,1,1,2,2,18,0,0,0,1,1,0,1,0,0,0,0,0,0,0,0,1,0,1,1,0,1,0,0,0,0,0,0,0,1,0,0,0,1,0,0,0,0,0,547753.375,800000.0
2454,0,3,1,1,0.0,6.0,2,1,0,1,1,4,0,0,0,0,0,0,1,1,0,0,0,0,0,0,0,0,0,1,1,0,0,0,1,0,0,0,0,0,1,0,0,0,1,0,0,0,0,0,1181.0174560546875,825.0
595,1,6,0,1,0.0,5.0,1,1,0,1,0,5,0,0,0,0,0,0,0,1,0,0,0,0,0,0,0,0,0,0,1,0,0,0,1,0,0,0,0,0,1,0,0,0,1,0,0,0,0,0,160080.234375,160000.0
2464,0,3,1,1,0.0,8.0,2,1,0,1,1,2,1,0,0,0,1,0,1,0,0,0,0,0,0,0,0,0,0,0,0,0,0,0,1,0,0,0,0,0,1,0,0,0,1,0,0,0,0,0,646.6717529296875,700.0
2460,0,3,0,1,0.0,5.0,2,1,0,1,0,3,1,0,0,1,0,0,1,0,0,0,0,0,0,1,0,0,0,0,0,0,1,0,0,0,0,0,0,0,1,0,0,0,1,0,0,0,0,0,748.5936279296875,600.0
3191,1,4,1,1,0.0,3.0,3,1,0,1,1,4,0,0,0,1,1,0,1,0,0,0,0,0,0,0,1,0,0,1,1,0,0,0,1,0,0,0,0,0,1,0,0,0,1,0,0,0,0,0,216289.65625,220000.0
3253,1,4,2,1,0.0,1.0,7,2,0,4,2,13,0,0,0,1,1,0,1,0,0,0,0,0,0,0,0,1,0,0,1,1,0,0,1,0,0,0,0,0,1,0,0,0,0,0,1,0,0,0,598626.8125,600000.0
3205,1,2,1,1,0.0,8.0,3,1,0,1,1,9,0,0,0,1,1,0,1,0,0,0,0,0,0,0,1,0,0,1,1,0,0,0,1,0,0,0,0,0,1,0,0,0,1,0,0,0,0,0,249730.421875,230000.0
3208,1,4,0,1,0.0,4.0,2,1,0,0,1,7,0,0,0,0,0,0,0,1,0,0,0,0,0,0,1,0,1,0,1,0,0,0,1,0,0,0,0,0,1,0,0,0,1,0,0,0,0,0,152298.921875,150000.0
3198,0,3,1,1,0.0,8.0,3,1,1,2,1,4,0,0,0,1,0,0,1,0,0,0,0,0,1,0,1,0,0,0,1,0,1,0,0,0,0,1,0,0,1,0,0,0,1,0,0,0,0,0,632.1912841796875,850.0
3273,1,2,0,1,0.0,3.0,2,1,1,1,1,3,0,0,0,0,0,0,0,1,0,0,0,0,0,0,1,0,0,1,1,0,1,0,1,0,0,0,0,0,1,0,1,0,0,0,0,0,0,0,175310.328125,170000.0
3257,1,4,1,3,0.0,3.0,4,1,1,1,1,8,0,0,0,1,1,0,1,0,0,0,0,0,0,0,1,1,0,0,1,0,0,0,1,0,0,0,0,0,1,0,0,0,0,0,1,0,0,0,238778.203125,270000.0
3163,1,2,1,1,0.0,8.0,3,1,0,1,1,4,0,0,0,1,1,0,1,0,0,0,0,0,0,0,1,0,0,1,1,0,0,0,1,0,0,0,0,0,1,0,0,0,1,0,0,0,0,0,191971.859375,190000.0
3103,1,2,5,4,0.0,2.0,5,1,0,2,1,12,0,0,0,1,1,0,1,0,0,0,0,0,0,0,1,0,0,1,1,0,0,0,1,0,0,0,0,0,1,0,0,0,1,0,0,0,0,0,431780.21875,475000.0
3153,1,4,1,1,0.0,4.0,3,1,0,2,2,8,0,0,0,1,1,0,1,0,0,0,0,0,0,0,1,0,0,1,1,0,0,0,1,0,0,0,0,0,1,0,0,0,1,0,0,0,0,0,313357.3125,260000.0
3122,0,3,0,1,0.0,3.0,1,1,1,1,0,1,0,0,0,0,0,0,0,1,0,0,0,0,0,1,1,0,0,0,1,0,0,0,1,0,0,0,0,0,0,0,1,0,0,0,0,0,0,0,451.2127990722656,550.0
3182,1,4,3,1,0.0,3.0,4,1,0,2,1,6,0,0,0,1,1,0,1,0,0,0,0,0,0,0,1,0,1,0,1,0,0,0,1,0,0,0,0,0,1,0,0,0,1,0,0,0,0,0,328455.5,340000.0
3241,1,4,2,1,0.0,2.0,3,1,0,2,1,8,0,0,0,1,1,0,1,0,0,0,0,0,0,0,0,1,0,1,1,0,0,0,1,0,0,0,0,0,1,0,0,0,0,0,1,0,0,0,318281.03125,280000.0
3254,1,4,3,1,0.0,0.0,3,1,2,2,1,6,0,0,0,1,1,0,1,0,0,0,0,0,0,0,1,0,0,0,1,1,0,0,1,0,0,0,0,0,1,0,0,0,0,0,1,0,0,0,419544.0625,425000.0
3221,1,2,0,3,0.0,1.0,3,1,0,2,1,10,0,0,1,1,1,0,0,0,0,0,0,0,0,0,0,1,0,0,1,0,0,0,1,0,0,0,0,0,1,0,0,0,1,0,0,0,0,0,199747.328125,200000.0
3137,0,3,1,1,0.0,2.0,4,1,1,1,1,9,0,0,0,1,1,0,1,0,0,0,0,0,0,0,1,0,0,1,1,0,0,0,1,0,0,0,0,0,1,0,0,0,1,0,0,0,0,1,1415.6619873046875,1400.0
3197,1,2,3,1,0.0,1.0,4,1,2,2,1,6,0,0,0,1,1,0,1,0,0,0,0,0,0,0,1,0,0,1,1,0,1,0,0,1,0,0,0,0,1,0,0,0,1,0,0,0,0,0,320900.375,325000.0
3179,1,4,3,1,0.0,6.0,5,1,0,3,1,7,0,0,0,1,1,0,1,0,0,0,0,0,0,0,0,0,1,1,1,0,0,0,1,0,0,0,0,0,1,0,0,0,1,0,0,0,0,0,388657.6875,385000.0
3178,1,4,4,1,0.0,2.0,4,1,0,2,1,9,0,0,0,1,1,0,1,0,0,0,0,0,0,0,1,0,0,1,1,0,0,0,1,0,0,0,0,0,1,0,0,0,1,0,0,0,0,0,423204.0625,410000.0
3174,1,2,1,1,0.0,10.0,3,1,0,0,0,6,0,0,0,1,0,0,1,0,0,0,0,0,0,0,1,0,0,1,1,0,0,0,1,0,0,0,0,0,1,0,0,0,1,0,0,0,0,0,168103.296875,210000.0
3159,1,4,4,1,0.0,3.0,4,1,1,2,1,10,0,0,0,1,1,0,1,0,0,0,0,0,0,0,1,0,0,1,1,0,0,0,1,0,0,0,0,0,1,0,0,0,1,0,0,0,0,0,473094.0625,475000.0
3226,1,4,1,4,0.0,9.0,3,1,0,3,1,7,0,0,0,0,0,0,0,1,0,0,0,0,0,0,1,0,1,0,0,0,0,0,1,0,0,0,0,0,0,0,1,1,0,0,0,0,0,0,150191.53125,150000.0
3200,1,2,2,1,0.0,1.0,3,1,1,2,1,6,0,0,0,1,1,0,1,0,0,0,0,0,0,0,1,0,1,0,1,0,0,0,0,1,0,1,0,0,1,0,0,0,1,0,0,0,0,0,284429.6875,280000.0
3212,1,4,3,1,0.0,2.0,4,1,1,2,1,5,0,0,0,1,0,0,1,0,0,0,0,0,0,0,1,0,0,1,1,0,1,0,1,0,0,0,0,0,1,0,0,0,1,0,0,0,0,0,372334.625,300000.0
3180,0,3,4,1,0.0,4.0,4,1,1,2,1,8,0,0,0,1,1,0,1,0,0,0,0,0,1,0,1,0,0,1,0,0,0,0,1,0,0,0,0,0,1,0,0,0,1,0,0,0,0,0,1229.6151123046875,1400.0
3201,1,4,2,1,0.0,0.0,3,1,0,1,1,8,0,0,0,1,1,0,1,0,0,0,0,0,0,0,1,0,0,1,1,0,1,0,0,1,0,0,0,0,1,0,0,0,1,0,0,0,0,0,267327.75,270000.0
3255,1,2,3,3,0.0,1.0,3,1,0,2,1,7,0,0,0,1,1,0,1,0,0,0,0,0,0,0,1,0,0,1,1,0,0,0,1,0,0,0,0,1,1,0,0,0,0,0,1,0,0,0,384010.0,385000.0
3158,0,3,1,1,0.0,0.0,3,1,0,2,1,5,0,0,0,1,1,0,1,0,0,0,0,0,0,0,1,0,0,1,1,0,0,0,1,0,0,0,0,0,1,0,0,0,1,0,0,0,0,0,645.3651123046875,825.0
2526,0,3,2,1,0.0,3.0,2,1,1,1,1,0,1,0,0,0,0,0,0,0,0,0,0,0,0,0,0,0,0,0,0,0,0,1,0,0,0,0,0,0,1,0,1,0,0,0,0,0,0,0,741.4588623046875,900.0
2926,1,2,2,1,0.0,5.0,4,1,1,1,1,5,0,0,0,1,0,0,1,0,0,0,0,0,1,0,0,0,1,0,1,0,0,0,0,0,0,0,0,1,1,0,0,0,1,0,0,0,0,0,454541.5625,450000.0
543,1,4,5,3,0.0,0.0,4,1,1,2,1,2,0,0,0,0,1,0,1,0,0,0,0,0,1,0,0,1,0,0,0,0,0,0,0,0,0,0,0,0,0,0,0,0,0,0,0,0,0,0,476526.3125,480000.0
3110,1,6,0,1,0.0,2.0,4,1,0,1,0,2,0,0,0,0,0,0,0,0,1,0,0,0,0,0,0,0,1,0,0,0,0,0,0,0,0,0,0,0,0,0,0,1,1,0,0,0,0,0,150445.03125,150000.0
2164,0,3,0,1,0.0,7.0,3,1,0,1,1,1,0,0,0,0,0,0,0,1,0,0,0,0,1,0,0,0,0,0,0,0,0,0,1,0,0,0,0,1,0,0,0,0,0,0,0,0,0,0,596.0916748046875,850.0
1565,1,6,2,1,0.0,0.0,3,1,0,1,1,5,1,0,0,0,0,0,1,0,0,0,0,0,0,0,0,0,0,0,1,0,1,0,0,0,0,0,0,0,1,0,0,0,1,0,0,0,0,0,292295.5625,290000.0
1536,1,7,1,1,0.0,3.0,3,1,0,0,1,7,0,0,0,0,0,0,1,0,0,0,0,0,1,0,0,0,0,0,0,0,1,0,0,0,0,0,0,0,1,0,0,0,1,0,0,0,0,0,201795.0,200000.0
1611,1,6,2,1,0.0,1.0,3,1,0,1,1,8,0,0,0,1,0,0,1,0,0,0,0,0,0,0,0,1,0,0,1,0,1,0,0,0,0,0,0,0,1,0,0,0,1,0,0,0,0,0,240961.71875,250000.0
1642,1,6,3,1,0.0,4.0,4,1,0,1,1,10,0,0,0,1,1,0,1,0,0,0,0,0,0,0,0,1,0,0,1,0,1,0,0,0,0,0,0,0,1,0,0,0,1,0,0,0,0,0,358097.375,355000.0
1585,1,6,4,1,0.0,5.0,4,1,0,1,1,11,0,0,0,1,1,0,1,0,0,0,0,0,0,0,0,1,1,0,1,0,1,0,0,0,0,0,0,0,1,0,0,0,1,0,0,0,0,0,285322.96875,350000.0
1544,1,6,1,1,0.0,1.0,2,1,1,0,1,3,1,0,0,0,0,1,1,0,0,0,0,0,0,0,0,0,0,0,0,0,1,0,0,0,0,0,0,0,1,0,0,0,1,0,0,0,0,0,211836.859375,140000.0
1590,1,6,2,1,0.0,1.0,2,1,0,1,1,6,0,0,0,1,0,0,1,0,0,0,0,0,0,0,0,1,0,0,1,0,1,0,0,0,0,0,0,0,1,0,0,0,1,0,0,0,0,0,235107.046875,235000.0
1761,1,6,5,1,0.0,5.0,5,1,1,1,2,13,0,0,0,1,1,0,1,0,0,0,0,0,0,0,0,1,0,1,1,0,1,0,0,0,0,0,0,0,1,0,0,0,1,0,0,0,0,0,600368.625,450000.0
1603,1,6,0,1,0.0,0.0,2,1,0,1,1,1,0,1,0,0,0,0,1,0,0,0,0,0,0,1,0,0,0,0,0,0,1,0,0,0,0,0,0,0,0,0,1,0,0,0,0,0,0,0,67534.7421875,65000.0
5344,1,7,2,1,0.0,6.0,3,1,1,1,0,0,0,0,0,1,0,0,0,0,0,0,0,0,1,0,0,1,0,0,0,0,1,0,0,0,0,0,0,0,1,0,0,0,1,0,0,0,0,0,217974.109375,220000.0
42,0,3,1,1,0.0,0.0,3,1,1,2,1,0,0,1,0,0,0,1,1,0,0,0,0,0,1,0,0,0,0,1,1,0,1,0,0,0,0,0,0,1,1,0,0,0,0,0,0,0,0,0,446.2206115722656,850.0
53,1,7,0,1,0.0,47.0,3,1,1,1,1,0,0,0,0,1,0,0,1,0,0,0,0,0,1,0,0,0,1,0,0,0,1,0,0,0,0,0,0,1,1,0,0,0,0,0,0,0,0,0,184997.359375,180000.0
52,1,7,2,1,0.0,3.0,3,1,1,3,1,1,1,0,0,0,1,0,0,0,0,0,0,0,1,0,0,0,1,0,0,0,1,0,0,0,0,0,0,1,1,0,0,0,0,0,0,0,0,0,329699.53125,245000.0
51,1,4,1,3,0.0,38.0,3,1,1,0,1,0,0,0,0,1,0,0,1,0,0,0,0,0,1,0,0,0,1,0,1,0,1,0,0,0,0,0,0,0,1,0,0,0,1,0,0,0,0,0,175983.359375,175000.0
43,0,3,1,1,0.0,9.0,1,1,1,1,1,0,0,0,0,0,0,0,0,1,0,0,0,0,0,0,0,0,0,0,0,0,0,1,0,0,0,0,0,1,1,0,0,0,0,0,0,0,0,0,566.4393310546875,815.0
48,1,7,1,1,0.0,7.0,3,1,1,1,0,0,0,0,0,1,0,0,1,0,0,0,0,0,1,0,0,0,0,0,0,0,1,0,0,0,0,0,0,0,1,0,0,0,1,0,0,0,0,0,239002.609375,240000.0
966,1,7,0,3,0.0,11.0,2,1,1,0,0,0,0,0,0,1,0,0,1,0,0,0,0,0,1,0,0,0,1,0,1,0,1,0,0,0,0,0,0,0,1,0,0,0,1,0,0,0,0,0,159948.21875,165000.0
54,1,7,0,1,0.0,0.0,3,1,0,1,0,1,0,0,0,0,0,0,0,1,0,0,0,0,1,0,0,1,1,0,0,0,1,0,0,0,0,0,0,0,1,0,0,0,1,0,0,0,0,0,247164.65625,240000.0
3909,0,3,0,1,0.0,0.0,3,1,1,1,1,2,0,0,0,0,0,0,0,1,0,0,0,0,1,0,1,1,0,0,0,0,0,0,0,0,0,0,0,0,1,0,0,0,1,0,0,0,0,0,502.6776428222656,575.0
3858,0,3,1,1,0.0,0.0,2,1,1,1,0,3,0,0,0,1,1,0,0,0,0,0,0,0,0,0,1,1,0,0,1,0,0,0,0,0,0,0,0,0,1,0,0,0,1,0,0,0,0,0,725.9027099609375,775.0
1005,1,4,5,1,0.0,5.0,5,1,0,1,1,12,0,0,0,1,0,0,1,1,0,0,0,0,1,0,0,0,1,1,0,0,0,0,0,0,0,0,0,0,1,0,0,0,1,0,0,0,0,0,969941.0,950000.0
5190,1,6,1,1,0.0,0.0,1,1,1,1,1,4,0,0,0,0,0,0,1,0,0,1,0,1,0,1,1,0,0,0,0,0,0,0,0,0,0,0,0,0,1,0,0,0,0,0,0,0,0,1,218584.765625,220000.0
1008,0,3,2,1,0.0,4.0,2,1,0,1,0,3,1,0,0,0,0,0,1,0,0,1,0,0,1,1,0,0,0,0,1,0,0,0,0,0,0,0,0,0,1,0,0,0,1,0,0,0,0,0,888.4354248046875,1500.0
1203,0,3,3,1,0.0,2.0,3,1,1,1,0,0,0,0,0,0,0,0,1,0,0,0,0,0,1,0,1,0,0,0,0,0,1,0,0,0,0,0,0,0,0,0,0,0,0,0,1,0,0,0,995.3885498046875,1680.0
4209,1,4,5,1,0.0,1.0,4,1,1,2,1,3,0,0,0,1,1,0,0,0,0,0,0,0,0,0,1,0,0,0,1,0,1,0,0,0,0,0,0,0,0,1,0,0,0,0,0,1,0,0,678624.0,645000.0
4210,1,4,2,1,0.0,0.0,3,1,1,1,1,0,0,0,0,1,0,0,0,0,0,0,0,0,1,0,1,0,0,0,0,0,0,0,0,0,0,0,0,0,1,0,0,0,0,0,1,0,0,0,289701.71875,300000.0
4244,1,6,4,1,0.0,2.0,4,1,1,1,0,6,0,0,0,1,1,0,1,0,0,0,0,0,1,0,0,0,1,0,1,0,0,0,0,0,0,0,0,0,1,0,0,0,1,0,0,0,0,0,424526.5625,425000.0
4250,1,6,4,1,0.0,6.0,4,1,1,1,1,4,0,0,0,1,1,0,1,0,0,0,0,0,1,0,0,1,0,0,1,0,0,0,0,0,0,0,0,0,1,0,0,0,1,0,0,0,0,0,377564.59375,375000.0
4264,1,6,1,1,0.0,11.0,2,1,1,1,0,2,0,0,0,1,1,0,1,0,0,0,0,0,1,0,1,0,0,0,1,0,0,0,0,0,0,0,0,0,1,0,0,0,1,0,0,0,0,0,212194.15625,210000.0
4243,1,6,4,1,0.0,6.0,4,1,0,1,1,6,0,0,0,1,1,0,1,0,0,0,0,0,1,0,1,0,0,1,0,0,0,0,0,0,0,0,0,0,1,0,1,0,1,0,0,0,0,0,386030.1875,400000.0
4223,1,2,4,1,0.0,0.0,4,1,1,0,1,3,0,0,0,1,0,0,1,0,0,0,0,0,1,0,1,0,0,0,0,0,0,0,0,0,0,0,0,0,1,0,0,0,1,0,0,0,0,0,573628.125,580000.0
4234,1,6,4,4,0.0,3.0,4,1,1,1,1,4,0,0,0,1,1,0,1,0,0,0,0,0,1,0,0,1,0,0,1,0,0,0,0,0,0,0,0,0,1,0,0,1,1,0,0,0,0,0,347230.25,350000.0
4243,1,6,4,1,0.0,0.0,4,1,0,1,1,6,0,0,0,1,1,0,1,0,0,0,0,0,1,0,1,0,0,1,0,0,0,0,0,0,0,0,0,0,1,0,1,0,1,0,0,0,0,0,331403.625,425000.0
5512,1,6,3,1,0.0,1.0,3,1,0,1,1,6,0,0,0,1,0,0,1,0,0,0,0,0,1,0,1,0,0,0,1,0,0,0,0,0,0,0,0,0,0,0,0,1,1,0,0,0,0,0,348619.25,360000.0
5455,0,3,3,1,0.0,1.0,3,1,0,2,1,8,0,0,0,1,1,0,1,0,0,0,0,0,1,0,1,0,0,0,1,0,0,0,0,0,0,0,0,1,0,0,0,1,1,0,0,0,0,0,125.40371704101562,1300.0
5450,1,6,1,1,0.0,2.0,2,1,0,1,0,2,0,0,0,0,0,0,1,0,0,0,0,0,1,0,0,1,0,0,0,0,0,0,1,0,0,0,0,1,0,0,0,0,1,0,0,0,0,0,162826.09375,250000.0
2338,0,3,0,3,0.0,5.0,1,1,1,1,1,1,0,0,0,0,0,0,0,1,0,0,0,0,0,0,0,0,0,0,0,0,0,0,0,0,0,0,0,0,0,0,1,0,0,0,0,0,0,0,178.82217407226562,375.0
2363,1,4,3,1,0.0,2.0,2,1,1,1,1,4,1,0,0,1,0,0,1,0,0,0,0,0,0,0,1,0,0,1,0,0,0,0,0,0,0,0,0,0,1,0,0,0,1,0,0,0,0,0,349121.125,350000.0
2274,1,7,1,3,0.0,2.0,2,1,1,0,0,4,0,0,0,1,0,0,1,0,0,0,0,0,1,0,1,0,1,0,0,0,0,0,0,0,0,0,0,0,1,0,0,0,1,0,0,0,0,0,182563.578125,180000.0
2311,1,4,1,1,0.0,2.0,3,1,1,2,1,4,0,0,0,1,1,0,1,0,0,0,0,0,0,0,1,0,1,0,1,0,0,0,0,0,0,0,0,0,1,0,1,0,0,0,0,0,0,0,294928.75,210000.0
2300,1,4,5,1,0.0,0.0,4,1,1,3,1,8,0,0,0,1,1,0,1,0,0,0,0,0,0,0,1,1,1,0,0,0,0,0,0,0,0,0,0,0,1,0,0,0,1,0,0,0,0,0,506528.1875,600000.0
2291,1,7,1,1,0.0,1.0,3,1,1,2,1,4,0,0,0,1,1,0,0,0,0,0,0,0,0,0,1,1,0,0,1,0,0,0,0,0,0,0,0,0,1,0,0,0,1,0,0,0,0,0,199601.140625,200000.0
2324,0,3,4,1,0.0,3.0,4,1,0,1,1,3,0,0,0,1,1,0,1,0,0,0,0,0,0,0,1,0,1,1,0,0,0,0,0,0,0,0,0,0,0,0,0,0,1,0,0,0,0,0,1416.7596435546875,1400.0
2266,1,7,2,1,0.0,3.0,3,1,1,2,1,5,0,0,0,1,1,0,1,0,0,0,0,0,0,0,1,0,1,0,1,0,0,0,0,0,0,0,0,0,1,0,0,0,1,0,0,0,0,0,280678.65625,290000.0
5360,1,6,6,1,0.0,1.0,5,2,1,1,2,3,0,0,0,1,1,0,1,0,0,0,0,0,0,0,0,1,0,0,0,0,0,0,0,0,0,0,0,0,1,0,0,0,1,0,0,0,0,0,624807.25,630000.0
2965,1,2,3,4,0.0,2.0,3,1,1,1,1,4,0,0,0,1,1,0,1,0,0,0,0,0,1,0,0,1,0,0,1,0,0,0,0,0,0,0,0,1,1,0,0,0,0,0,1,0,0,0,450953.875,450000.0
1086,0,3,2,1,0.0,1.0,4,1,0,2,1,3,0,0,0,1,1,0,1,0,0,0,0,0,1,0,1,0,1,0,0,0,1,0,0,0,0,0,0,0,1,0,0,0,1,0,0,0,0,0,1189.4510498046875,1200.0
1087,1,6,1,3,0.0,10.0,3,1,0,1,1,4,0,0,0,1,0,0,1,0,0,0,0,0,1,0,1,0,0,0,1,0,0,0,0,0,1,0,0,0,1,0,0,0,1,0,0,0,0,0,160919.015625,250000.0
1081,0,3,1,1,0.0,2.0,2,1,1,1,1,3,1,0,0,0,0,0,1,0,0,0,0,0,0,0,0,0,0,0,0,0,0,0,1,0,0,0,0,0,1,0,0,0,1,0,0,0,0,0,729.7596435546875,875.0
5337,1,6,1,1,0.0,3.0,3,1,1,2,1,0,0,0,0,0,0,0,0,1,0,0,0,0,1,0,0,1,0,0,0,0,0,0,0,0,0,0,0,1,1,0,0,0,0,0,0,0,0,0,160130.28125,160000.0
5339,1,6,0,1,0.0,3.0,4,1,1,2,1,2,0,0,0,0,0,0,0,1,0,0,0,0,1,0,0,1,0,0,0,0,0,0,0,0,0,0,0,0,1,0,0,0,1,0,0,0,0,0,271449.90625,160000.0
2180,1,6,1,1,0.0,9.0,3,1,1,1,1,0,0,0,0,1,0,0,1,0,0,0,0,0,1,0,0,0,0,1,1,0,0,0,0,0,0,0,0,1,0,0,0,0,0,0,0,0,0,0,151786.5625,150000.0
5172,1,6,3,1,0.0,0.0,3,1,1,1,1,5,0,0,0,1,0,0,1,0,0,0,0,0,1,0,0,1,0,1,0,0,0,0,0,0,0,0,0,1,1,0,0,1,0,0,0,0,0,0,247959.703125,250000.0
5516,1,6,2,1,0.0,2.0,3,1,1,1,0,0,0,0,0,1,1,0,1,0,0,0,0,0,1,0,0,0,0,0,0,0,0,0,1,0,0,0,0,0,0,0,0,1,1,0,0,0,0,0,216237.671875,240000.0
600,1,7,6,1,0.0,1.0,5,1,0,1,1,3,0,0,0,1,1,0,0,0,0,0,0,0,0,0,0,0,1,1,1,0,1,0,0,0,0,1,0,0,1,1,0,0,1,0,0,0,0,0,787594.5,750000.0
601,1,6,2,1,0.0,1.0,2,1,1,1,1,1,0,0,0,0,0,0,0,0,0,0,0,0,0,0,0,0,0,0,0,0,0,0,0,0,0,0,0,0,0,0,1,0,0,0,0,0,0,0,239454.359375,250000.0
606,1,4,5,1,0.0,4.0,4,1,1,2,1,3,0,0,0,1,1,0,0,0,0,1,0,0,0,0,1,0,0,1,1,0,0,0,0,0,0,0,0,0,1,0,0,0,1,0,0,0,0,0,501534.6875,500000.0
604,1,6,6,1,0.0,1.0,5,1,0,0,1,4,0,0,0,1,1,0,0,0,0,0,0,0,0,0,0,0,1,1,1,0,0,0,0,0,0,0,0,0,1,0,0,0,1,0,0,0,0,0,763595.625,675000.0
605,1,6,2,1,0.0,6.0,2,1,1,1,1,2,0,0,0,1,1,0,0,0,0,0,0,0,0,0,0,0,0,1,0,0,0,0,0,0,0,0,0,0,1,0,0,0,1,0,0,0,0,0,273700.09375,280000.0
2082,1,4,0,1,0.0,1.0,3,1,1,1,1,0,0,0,0,0,0,0,1,0,0,0,0,0,0,0,0,0,1,0,0,0,0,0,1,0,0,0,0,0,1,0,0,1,1,0,0,0,0,0,223959.28125,335000.0
2095,1,4,0,1,0.0,2.0,3,1,1,1,0,1,0,0,0,0,0,0,0,1,0,0,0,0,0,0,0,0,0,0,0,0,0,0,0,0,0,0,0,0,1,0,0,0,1,0,0,0,0,0,258677.421875,260000.0
2100,1,4,3,1,0.0,1.0,4,1,1,1,1,3,0,0,0,1,0,0,0,0,0,0,0,0,0,0,1,0,1,0,0,0,0,0,0,0,0,0,0,0,1,0,0,0,1,0,0,0,0,0,261563.109375,325000.0
5525,1,6,3,1,0.0,4.0,1,1,1,1,1,2,0,0,0,1,1,0,1,0,0,0,0,0,1,0,1,0,0,1,0,0,0,0,1,0,0,0,0,0,0,0,0,0,1,0,0,0,0,0,278097.28125,280000.0
1474,1,2,2,1,0.0,0.0,2,1,1,1,1,6,0,0,0,0,1,0,0,0,0,0,0,0,1,0,1,1,0,0,0,0,1,0,0,0,0,0,0,0,1,0,0,0,1,0,0,0,0,0,346079.1875,375000.0
1449,1,2,4,1,0.0,0.0,4,1,1,1,1,10,0,0,0,1,1,0,0,0,0,1,0,0,1,0,1,0,0,1,0,0,0,0,1,0,0,0,0,0,1,0,0,0,1,0,0,0,0,0,623946.0625,625000.0
1434,0,3,5,1,0.0,5.0,4,1,1,1,1,8,0,0,0,1,0,0,1,0,0,1,0,0,1,0,1,0,0,1,0,0,0,0,1,0,0,0,0,0,1,0,0,0,1,0,0,0,0,0,1884.0252685546875,2350.0
1453,0,3,2,1,0.0,5.0,3,1,1,1,1,6,0,0,0,1,0,0,1,0,0,1,0,0,0,0,0,0,0,1,1,0,0,0,1,0,0,0,0,0,1,0,0,0,1,0,0,0,0,0,928.0057373046875,1600.0
1439,0,3,1,1,0.0,4.0,1,1,1,1,1,0,1,0,0,0,0,0,1,0,0,0,0,0,0,1,0,0,0,0,0,0,0,0,1,0,0,0,0,0,0,0,1,0,0,0,0,0,0,0,817.5096435546875,875.0
1477,0,3,3,1,0.0,0.0,2,1,1,1,1,6,0,0,0,1,0,0,1,0,0,1,0,0,1,0,1,0,0,1,0,0,0,0,1,0,0,0,0,0,1,0,0,0,1,0,0,0,0,0,1477.3690185546875,1600.0
1457,0,3,3,1,0.0,2.0,3,1,1,1,1,4,0,0,0,1,0,0,1,0,0,1,0,0,1,0,0,1,0,1,0,0,0,0,1,0,0,0,0,0,1,0,0,0,1,0,0,0,0,0,1277.2713623046875,1600.0
1459,1,2,3,1,0.0,4.0,3,1,1,1,1,6,0,0,0,1,0,0,1,0,0,1,0,0,1,0,1,0,0,1,0,0,0,0,1,0,0,0,0,1,1,0,0,0,1,0,0,0,0,0,397782.21875,500000.0
1473,1,2,6,1,0.0,0.0,4,1,1,1,0,10,0,0,0,1,1,0,0,0,0,1,0,0,0,0,1,0,0,1,1,0,0,0,1,0,0,0,0,0,1,0,0,0,1,0,0,0,0,0,720153.125,800000.0
1440,1,2,1,1,0.0,0.0,1,1,1,1,1,4,1,0,0,0,0,0,1,0,0,1,0,0,0,0,0,0,0,1,0,1,0,0,1,0,0,0,0,0,1,0,1,0,0,0,0,0,0,0,140688.21875,230000.0
1464,0,3,0,1,0.0,4.0,1,1,1,0,0,3,0,0,0,0,0,0,0,1,0,0,0,0,0,1,0,0,0,0,0,0,0,0,1,0,0,0,0,0,0,0,1,0,0,0,0,0,0,0,730.0408935546875,750.0
1435,1,2,2,1,0.0,0.0,2,1,1,0,0,5,0,0,0,1,0,0,1,0,0,1,0,0,0,0,1,0,0,1,1,0,0,0,1,0,0,0,0,0,1,0,0,0,1,0,0,0,0,0,212152.53125,390000.0
862,1,6,1,1,0.0,3.0,2,1,0,2,1,3,0,0,0,1,0,0,0,0,0,0,0,0,1,0,0,1,0,0,0,0,1,0,0,0,0,0,0,0,1,0,0,0,1,0,0,0,0,0,150592.203125,150000.0
841,1,6,0,3,0.0,2.0,3,1,0,1,1,1,0,0,0,0,0,0,0,1,0,0,0,0,0,0,0,0,0,0,1,0,1,0,0,0,0,0,0,0,0,0,0,0,1,0,0,0,0,0,59819.625,85000.0
1673,1,6,1,1,0.0,1.0,3,1,0,0,1,8,0,0,0,1,1,0,1,0,0,0,0,0,0,0,0,1,0,0,1,0,1,0,0,0,0,0,0,0,1,0,0,0,1,0,0,0,0,0,219787.21875,220000.0
1640,0,3,2,1,0.0,1.0,2,1,0,1,2,5,0,0,0,1,1,0,1,0,0,0,0,0,0,0,0,1,0,0,1,0,1,0,0,0,0,0,0,0,1,0,0,0,1,0,0,0,0,0,746.6112060546875,750.0
1631,0,3,1,1,0.0,8.0,2,1,0,1,1,6,0,0,0,0,0,0,0,1,0,0,0,0,0,0,0,1,0,1,0,0,1,0,0,0,0,0,0,0,1,0,0,0,1,0,0,0,0,0,663.8846435546875,735.0
5457,1,6,1,1,0.0,17.0,3,1,1,1,0,2,0,0,0,0,0,0,0,1,0,0,0,0,1,0,1,0,0,0,1,0,0,0,1,0,0,0,0,0,0,0,0,0,1,0,0,0,0,0,211442.0625,210000.0
5406,1,6,2,3,0.0,6.0,3,1,1,2,1,2,0,0,0,1,1,0,0,0,0,0,0,0,0,0,0,1,1,0,1,0,0,0,1,0,0,0,0,0,1,0,0,0,1,0,0,0,0,0,419793.0625,430000.0
5427,1,6,2,1,0.0,15.0,3,1,1,1,1,1,0,0,0,1,1,0,1,0,0,0,0,0,1,0,1,1,0,0,0,0,0,0,1,0,0,0,0,0,0,0,0,0,1,0,0,0,0,0,279737.0,270000.0
5418,1,6,1,1,0.0,9.0,3,1,1,1,1,1,0,0,0,1,0,0,1,0,0,0,0,0,1,0,0,1,0,0,1,0,0,0,1,0,0,0,0,0,1,0,0,0,1,0,0,0,0,0,148720.953125,280000.0
5030,0,3,2,1,0.0,22.0,3,1,2,1,0,1,0,0,0,1,1,0,0,0,0,0,0,0,0,0,1,0,0,0,0,0,0,0,0,0,0,0,0,0,1,0,0,0,1,0,0,0,0,0,0.0,1200.0
3968,1,4,2,1,0.0,1.0,2,1,0,1,1,1,1,0,0,0,0,0,0,0,0,0,0,0,0,1,0,0,0,0,0,0,0,1,0,0,0,0,0,0,1,0,1,0,0,0,0,0,0,0,293513.6875,290000.0
3961,1,4,3,1,0.0,4.0,3,1,1,1,1,2,0,0,0,0,0,0,0,1,0,0,0,0,1,0,0,0,0,0,0,0,0,0,0,0,0,0,0,1,1,0,0,0,1,0,0,0,0,0,485208.1875,475000.0
754,1,2,2,1,0.0,11.0,3,1,1,1,1,0,0,0,0,1,0,0,0,0,0,0,0,0,1,0,0,0,0,0,0,0,0,0,0,0,0,0,0,1,1,0,0,0,1,0,0,0,0,0,388975.6875,375000.0
703,1,4,4,1,0.0,1.0,4,1,1,1,1,7,0,0,0,1,0,0,1,0,0,0,0,0,0,0,0,0,1,1,1,0,1,0,0,0,1,1,0,1,1,0,0,0,1,0,0,0,0,0,444930.9375,725000.0
685,1,4,2,1,0.0,2.0,1,1,1,1,1,0,1,0,0,0,0,0,0,0,0,0,0,0,0,1,0,0,0,0,0,0,1,0,0,0,0,0,0,0,1,0,1,0,0,0,0,0,0,0,198768.3125,200000.0
3039,1,4,5,1,0.0,0.0,4,1,2,2,0,2,0,0,0,1,0,0,0,0,0,0,0,0,1,0,0,1,0,0,0,0,0,0,0,0,0,0,0,0,1,0,0,0,1,0,0,0,0,0,907851.75,900000.0
5482,0,3,0,1,0.0,2.0,1,1,1,1,0,0,0,0,0,0,0,0,0,1,1,0,0,0,1,0,0,0,1,0,0,0,0,0,1,0,0,0,0,0,0,0,0,1,1,0,0,0,0,0,915.5018310546875,875.0
5484,0,3,2,1,0.0,5.0,2,1,1,1,0,0,1,0,0,0,0,0,0,0,0,0,0,0,0,0,0,0,0,0,0,0,0,0,1,0,0,0,0,0,0,0,1,0,0,0,0,0,0,0,736.1346435546875,900.0
2542,1,2,2,1,0.0,2.0,2,1,0,1,1,3,0,0,0,0,0,0,0,0,0,0,0,0,1,0,0,0,0,0,1,0,0,0,0,0,0,0,0,0,1,0,0,0,1,0,0,0,0,0,249919.140625,250000.0
2850,1,4,3,1,0.0,8.0,3,1,1,1,1,8,0,0,0,1,0,0,1,0,0,1,0,0,1,0,0,0,0,1,1,0,0,0,1,0,0,0,0,0,1,0,0,1,1,0,0,0,0,0,383571.34375,375000.0
2873,1,4,2,1,0.0,7.0,3,1,0,1,1,6,1,0,0,1,1,0,0,0,0,0,0,0,1,0,0,0,0,1,1,0,0,0,1,0,0,0,0,0,1,0,0,1,1,0,0,0,0,0,314983.0625,310000.0
2847,1,4,1,1,0.0,1.0,2,1,1,1,0,4,1,0,0,0,1,0,1,0,0,0,0,0,0,0,0,0,0,0,0,0,0,0,1,0,0,0,0,0,1,0,0,1,1,0,0,0,0,0,239260.609375,240000.0
2743,1,4,1,1,0.0,3.0,3,1,1,1,1,2,0,0,0,0,0,0,0,1,0,0,0,1,1,0,0,0,0,1,1,0,0,0,1,0,0,0,0,0,1,0,0,1,1,0,0,0,0,0,307278.875,300000.0
2749,1,4,1,1,0.0,2.0,2,1,0,1,1,1,0,0,0,0,0,0,0,1,0,0,0,0,0,0,0,0,0,0,0,0,0,0,0,0,0,0,0,0,1,0,1,0,0,0,0,0,0,0,196574.515625,200000.0
2865,1,4,2,1,0.0,8.0,3,1,0,1,1,5,0,0,0,1,0,0,1,0,0,0,0,0,1,0,0,0,0,1,1,0,0,0,1,0,0,0,0,0,1,0,0,1,1,0,0,0,0,0,356569.03125,350000.0
2785,1,4,1,3,0.0,6.0,2,1,0,1,1,5,0,0,0,1,1,0,1,0,0,0,0,0,1,0,0,0,0,1,1,0,0,0,0,1,0,1,0,1,1,0,0,1,0,0,0,0,0,0,254754.203125,250000.0
2747,1,2,1,1,0.0,2.0,2,1,1,1,1,6,1,0,0,1,0,0,1,0,0,0,0,0,1,0,0,0,0,1,1,0,0,0,1,0,0,0,0,0,1,0,0,1,1,0,0,0,0,0,275745.4375,275000.0
2781,1,2,1,1,0.0,1.0,2,1,0,1,1,4,0,1,0,0,1,0,1,0,0,0,0,0,0,1,0,0,1,0,0,1,1,0,0,0,0,1,0,1,1,0,1,0,0,0,0,0,0,0,334937.0,210000.0
2878,1,4,1,1,0.0,2.0,2,1,0,1,1,2,1,0,0,0,0,0,1,0,0,0,0,1,0,1,0,0,0,0,0,0,1,0,0,0,0,1,0,0,1,0,0,1,1,0,0,0,0,0,197570.453125,190000.0
2874,1,4,1,1,0.0,5.0,2,1,0,1,1,2,1,0,0,0,0,0,1,0,0,0,0,1,0,1,0,0,0,0,0,0,0,0,1,0,0,0,0,0,1,0,0,1,1,0,0,0,0,0,203972.34375,200000.0
2874,1,4,1,1,0.0,5.0,2,1,0,1,1,2,1,0,0,0,0,0,1,0,0,0,0,1,0,1,0,0,0,0,0,0,0,0,1,0,0,0,0,0,1,0,0,1,1,0,0,0,0,0,203972.34375,200000.0
2734,1,4,1,1,0.0,15.0,1,1,1,2,0,2,1,0,0,1,0,0,1,0,0,0,0,0,0,1,0,0,0,0,0,0,0,0,1,0,0,0,0,0,1,0,0,1,1,0,0,0,0,0,194871.703125,200000.0
2828,1,4,2,1,0.0,4.0,3,1,1,1,1,6,0,0,0,1,0,0,1,0,0,0,0,1,1,0,0,0,0,1,1,0,0,0,1,0,0,1,0,0,1,0,0,1,1,0,0,0,0,0,331334.875,315000.0
2791,1,4,1,1,0.0,7.0,3,1,0,2,1,4,0,0,0,1,0,0,1,0,0,1,0,0,1,0,0,0,0,1,1,0,0,0,1,0,0,0,0,0,1,0,0,1,1,0,0,0,0,0,240805.140625,300000.0
2891,1,4,3,1,0.0,4.0,3,1,1,2,1,7,0,0,0,1,1,0,1,0,0,0,0,0,1,0,0,0,0,1,1,0,0,0,0,0,0,1,0,1,1,0,0,0,1,0,0,0,0,0,379963.40625,375000.0
2756,1,2,2,1,0.0,2.0,3,1,1,1,1,7,0,0,0,1,1,0,1,0,0,0,0,0,1,0,0,1,0,0,1,0,0,0,1,0,0,0,0,0,1,0,0,1,1,0,0,0,0,0,376929.875,375000.0
2864,1,4,3,1,0.0,3.0,4,1,1,1,1,6,1,0,0,1,0,0,1,0,0,0,0,0,1,0,0,0,0,1,1,0,0,0,1,0,0,0,0,0,1,0,0,1,1,0,0,0,0,0,348708.3125,350000.0
2837,1,4,3,1,0.0,3.0,4,1,1,1,1,6,0,0,0,1,1,0,1,0,0,0,0,0,1,0,0,0,0,1,1,0,0,0,1,0,0,0,0,0,1,0,0,1,1,0,0,0,0,0,399524.78125,400000.0
2851,1,2,3,1,0.0,1.0,3,1,1,1,1,6,0,0,0,1,1,0,1,0,0,0,0,0,1,0,0,0,0,1,1,0,0,0,1,0,0,0,0,0,1,0,0,1,1,0,0,0,0,0,358433.1875,350000.0
2832,1,4,1,1,0.0,1.0,2,1,1,1,1,5,1,0,0,1,0,0,1,0,0,0,0,0,1,0,0,1,0,0,1,0,0,0,1,0,0,0,0,0,1,0,0,1,1,0,0,0,0,0,290017.8125,290000.0
2888,1,4,3,1,0.0,4.0,3,1,0,1,1,6,0,0,0,1,1,0,1,0,0,0,0,0,1,0,0,0,0,1,1,0,0,0,1,0,0,0,0,0,1,0,0,1,1,0,0,0,0,0,361797.25,350000.0
2826,1,4,2,1,0.0,14.0,3,1,1,1,1,4,1,0,0,1,0,0,1,0,0,0,0,0,1,0,0,0,0,1,1,0,0,0,1,0,0,0,0,1,1,0,0,0,1,0,0,0,0,0,333533.875,340000.0
2749,1,4,2,1,0.0,1.0,3,1,0,1,1,4,0,0,0,0,0,0,0,1,1,0,0,0,1,0,0,0,0,1,1,0,0,0,1,0,0,0,0,1,0,0,0,1,1,0,0,0,0,0,356954.65625,350000.0
2804,1,4,1,1,0.0,6.0,2,1,1,2,1,2,0,0,0,0,0,0,0,1,0,0,0,0,1,0,0,0,0,1,1,0,0,0,1,0,0,0,0,0,1,0,0,1,1,0,0,0,0,0,302590.0,290000.0
2779,1,4,3,1,0.0,6.0,3,1,1,2,1,5,0,0,0,1,1,0,1,0,0,0,0,0,1,0,0,0,0,1,1,0,0,0,1,0,0,0,0,0,1,0,0,1,1,0,0,0,0,0,455103.78125,450000.0
2794,1,4,5,1,0.0,0.0,4,1,1,1,1,8,0,0,0,1,1,0,1,0,0,0,0,0,1,0,1,0,0,1,0,0,1,0,0,0,0,0,0,1,1,0,0,0,1,0,0,0,0,0,583089.9375,575000.0
2700,1,4,4,1,0.0,0.0,3,1,0,1,1,5,0,0,0,1,0,0,1,0,0,1,0,0,1,0,0,0,0,1,1,0,0,0,1,0,0,0,0,0,1,0,0,1,1,0,0,0,0,0,477088.6875,475000.0
1496,1,2,1,1,0.0,5.0,1,1,0,0,0,3,0,1,0,0,0,0,1,1,0,0,0,0,0,0,0,0,0,0,0,0,0,0,0,0,0,0,0,0,1,0,0,0,1,0,0,0,0,0,147103.296875,170000.0
2682,0,3,1,1,0.0,6.0,2,1,1,1,1,2,1,0,0,0,0,0,0,1,0,0,0,0,0,0,0,0,0,0,0,0,0,0,0,0,0,0,0,0,1,0,0,0,1,0,0,0,0,0,684.7830810546875,1000.0
2675,1,7,2,1,0.0,2.0,3,1,1,1,1,1,0,0,0,1,1,0,1,0,0,0,0,0,1,0,1,0,1,0,0,0,0,0,0,0,0,0,0,0,1,0,0,0,1,0,0,0,0,0,325172.0625,340000.0
2676,1,2,0,1,0.0,2.0,1,1,1,1,0,1,1,0,0,0,0,0,0,1,0,0,0,0,0,0,0,0,0,0,0,1,0,0,0,0,0,0,0,0,1,0,0,0,1,0,0,0,0,0,179988.421875,177000.0
2599,0,3,6,1,0.0,2.0,5,1,0,1,1,6,0,0,0,1,1,0,1,0,0,0,0,0,1,0,1,0,0,0,1,0,0,0,0,0,0,0,0,0,1,0,0,0,1,0,0,0,0,0,1732.7908935546875,3000.0
2673,1,2,4,1,0.0,0.0,5,1,0,1,1,6,0,0,0,1,1,0,1,0,0,0,0,0,1,0,1,0,0,0,1,0,0,0,0,0,0,0,0,1,1,0,0,0,1,0,0,0,0,0,749596.6875,750000.0
2684,1,2,1,1,0.0,0.0,1,1,1,1,1,0,1,0,0,0,0,0,0,0,0,0,0,0,0,0,0,0,0,0,0,0,0,0,0,0,0,0,0,0,1,0,0,0,1,0,0,0,0,0,228467.421875,230000.0
2685,1,2,5,1,0.0,0.0,4,1,1,1,1,4,0,0,0,1,1,0,0,1,0,0,0,0,1,0,0,1,0,0,1,0,0,0,0,0,0,0,0,0,1,0,0,0,1,0,0,0,0,0,616160.125,610000.0
120,0,3,0,1,0.0,4.0,2,1,1,1,0,3,0,0,0,0,1,0,1,0,0,0,0,0,0,1,0,0,0,0,1,0,0,0,0,0,0,0,0,0,1,0,0,0,1,0,0,0,0,0,766.7244873046875,725.0
18,1,6,3,1,0.0,0.0,2,1,1,1,1,2,0,0,0,0,0,0,1,1,0,0,0,0,1,0,1,0,0,0,1,0,0,0,1,0,0,0,0,0,1,0,0,0,1,0,0,0,0,0,143380.921875,145000.0
33,1,6,0,1,0.0,0.0,1,1,1,0,1,2,0,0,0,0,0,0,0,1,0,0,0,0,1,1,0,0,0,0,1,0,0,0,1,0,0,0,0,0,1,0,0,0,1,0,0,0,0,0,54944.734375,55000.0
3097,0,3,2,1,0.0,4.0,3,1,1,1,1,3,0,0,0,0,1,0,0,0,0,0,0,0,1,0,0,0,1,0,0,0,0,0,0,0,0,0,0,1,0,0,0,1,1,0,0,0,0,0,1063.8416748046875,795.0
3347,1,4,3,1,0.0,2.0,3,1,0,2,1,5,0,0,0,1,0,0,1,0,0,0,0,0,1,0,1,0,0,0,1,0,0,0,0,0,0,0,0,1,1,0,0,0,1,0,0,0,0,0,377770.15625,375000.0
3335,1,2,2,1,0.0,4.0,3,1,0,1,1,8,0,0,0,1,1,0,1,0,0,0,0,0,1,0,1,0,0,0,1,0,0,0,0,0,0,0,0,0,1,0,0,1,1,0,0,0,0,0,271095.28125,270000.0
3090,1,2,0,1,0.0,2.0,1,1,0,0,0,4,0,0,0,0,0,0,0,1,0,0,0,0,1,0,1,0,0,1,0,0,0,0,0,0,0,0,0,1,1,0,0,0,1,0,0,0,0,0,177916.671875,180000.0
3309,1,2,0,1,0.0,5.0,2,1,0,1,1,4,0,0,0,0,0,0,0,1,0,0,0,0,1,0,0,0,1,1,0,0,0,0,0,0,0,0,0,0,1,0,0,1,1,0,0,0,0,0,142004.515625,140000.0
3059,1,7,2,3,0.0,1.0,3,1,0,1,1,4,0,0,0,1,1,0,1,0,0,0,0,0,1,0,0,0,1,1,0,0,0,0,0,0,0,0,0,0,1,0,0,1,1,0,0,0,0,0,296000.0625,300000.0
3344,1,2,3,1,0.0,2.0,4,1,1,2,1,6,0,0,0,1,1,0,1,0,0,0,0,0,0,0,1,1,0,1,0,0,0,0,0,0,0,0,0,0,1,0,0,1,1,0,0,0,0,0,448377.25,450000.0
3348,1,2,3,1,0.0,2.0,4,1,0,2,1,8,0,0,0,1,1,0,1,0,0,0,0,0,0,0,1,1,0,0,1,0,0,0,0,0,0,0,0,0,1,0,0,1,1,0,0,0,0,0,342081.625,425000.0
3337,1,6,2,3,0.0,6.0,3,1,0,2,1,6,0,0,0,1,1,0,1,0,0,0,0,0,1,0,0,1,0,1,0,0,0,0,0,0,0,0,0,1,1,0,0,0,1,0,0,0,0,0,267238.5625,265000.0
3331,1,2,1,1,0.0,4.0,4,1,0,1,1,11,0,0,0,1,1,0,1,0,0,0,0,0,1,0,1,0,1,0,0,0,0,0,0,0,0,0,0,0,1,0,0,1,1,0,0,0,0,0,476049.25,475000.0
3316,0,3,1,1,0.0,0.0,2,1,0,1,0,4,0,0,0,0,0,0,0,1,0,0,0,0,1,0,1,0,0,1,0,0,0,0,0,0,0,0,0,0,1,0,0,1,1,0,0,0,0,0,848.9217529296875,1100.0
3312,1,6,1,1,0.0,2.0,2,1,0,1,1,1,1,0,0,1,0,0,1,0,0,0,0,0,1,0,1,0,0,1,0,0,1,0,0,0,0,0,0,1,1,0,0,0,1,0,0,0,0,0,173698.296875,240000.0
3326,1,2,1,1,0.0,0.0,3,1,0,0,1,3,0,0,0,1,0,0,1,0,0,1,0,0,1,0,0,1,0,1,0,0,0,0,0,0,0,0,0,0,1,0,0,1,1,0,0,0,0,0,219800.140625,220000.0
4586,1,7,3,1,0.0,1.0,4,1,1,2,1,3,0,0,0,1,1,0,1,0,0,0,0,0,1,0,1,0,1,0,0,0,1,0,0,0,0,0,0,0,1,0,0,1,1,0,0,0,0,0,301988.40625,300000.0
744,1,2,3,1,0.0,8.0,2,1,1,1,1,4,0,0,0,1,0,0,1,0,0,0,0,0,1,0,0,0,0,1,0,0,0,0,0,0,0,0,0,0,1,0,0,0,1,0,0,0,0,0,437929.9375,425000.0
645,1,2,3,1,0.0,3.0,2,0,1,2,1,3,1,0,0,0,0,0,0,0,0,0,0,0,1,0,0,0,0,0,1,0,0,0,0,0,0,0,0,0,0,0,1,0,0,0,0,0,0,0,363751.59375,375000.0
692,1,2,0,1,0.0,1.0,1,1,1,1,1,1,0,1,0,0,0,0,0,0,0,0,0,0,0,0,0,0,0,0,0,0,0,0,1,0,0,0,0,0,1,0,0,0,1,0,0,0,0,0,224058.5,230000.0
736,1,2,5,3,0.0,0.0,4,1,3,1,1,6,0,0,0,1,0,0,1,0,0,0,0,0,0,0,1,0,0,1,1,0,1,0,1,0,0,0,0,1,1,0,0,0,1,0,0,0,0,0,671799.625,675000.0
701,1,2,5,3,0.0,13.0,3,1,1,2,1,7,0,0,0,1,1,0,1,0,0,0,0,0,1,0,0,0,0,1,1,0,1,0,1,0,0,0,0,0,1,0,0,1,1,0,0,0,0,0,574063.5625,575000.0
644,1,2,3,1,0.0,6.0,4,1,1,0,1,2,0,0,0,1,1,0,1,0,0,0,0,0,0,0,0,0,0,1,1,0,1,0,1,0,0,0,0,1,0,0,0,0,1,0,0,0,0,0,452911.46875,450000.0
746,1,4,2,3,0.0,4.0,2,1,1,0,0,1,0,0,0,0,0,0,0,1,0,0,0,0,1,0,0,0,0,1,0,0,0,0,0,1,0,0,0,0,1,0,0,0,1,0,0,0,0,0,257161.34375,260000.0
745,1,4,4,1,0.0,10.0,3,1,1,2,1,3,0,0,0,1,1,0,1,0,0,0,0,0,0,0,0,0,1,1,1,0,0,0,1,0,0,0,0,1,1,0,0,0,1,0,0,0,0,0,508675.0625,500000.0
700,1,4,6,3,0.0,1.0,3,1,1,1,0,8,0,0,0,1,1,0,0,0,0,0,0,0,1,0,0,0,1,1,0,0,0,0,1,0,0,0,0,0,1,0,0,0,1,0,0,0,0,0,658956.8125,650000.0
3065,1,6,0,1,0.0,1.0,3,1,0,2,1,7,0,0,0,0,0,0,0,1,0,0,0,0,1,0,1,1,0,0,0,0,0,0,0,0,0,0,0,0,1,0,0,1,1,0,0,0,0,0,259017.953125,265000.0
794,1,6,0,1,0.0,0.0,3,1,0,2,0,2,0,0,0,1,0,0,1,0,0,0,0,0,1,0,0,0,0,1,1,0,0,0,0,0,0,0,0,0,1,0,0,1,1,0,0,0,0,0,182295.921875,180000.0
800,1,2,1,1,0.0,1.0,2,1,0,1,1,2,1,0,0,1,0,0,1,0,0,0,0,0,1,0,1,1,0,0,0,0,0,0,0,0,0,0,0,0,1,0,0,1,1,0,0,0,0,0,285900.4375,290000.0
3049,1,2,0,1,0.0,4.0,3,1,0,1,1,1,0,0,0,0,0,0,0,1,0,0,0,0,1,0,1,0,0,1,0,0,0,0,0,0,0,0,0,1,1,0,1,0,0,0,0,0,0,0,341162.875,190000.0
3064,1,6,1,1,0.0,5.0,3,1,0,1,1,3,0,0,0,1,0,0,1,0,0,0,0,0,0,0,1,0,0,1,1,0,0,0,0,0,0,0,0,0,1,0,0,1,1,0,0,0,0,0,260041.71875,260000.0
3060,1,2,0,3,0.0,0.0,2,1,0,1,0,4,0,0,0,1,1,0,1,0,0,0,0,0,1,0,1,0,0,0,1,0,0,0,0,0,0,0,0,1,1,0,0,1,0,0,0,0,0,0,190745.625,190000.0
3496,1,7,2,1,0.0,2.0,4,1,0,1,1,10,0,0,0,1,1,0,1,0,0,0,0,0,1,0,1,0,0,0,1,0,0,0,0,0,0,0,0,0,1,0,0,1,1,0,0,0,0,0,320988.9375,325000.0
3481,1,4,2,1,0.0,6.0,3,1,1,1,1,7,1,0,0,0,0,0,1,0,0,0,0,0,1,0,1,0,1,0,0,0,0,0,1,0,0,0,0,0,1,0,0,0,1,0,0,0,0,0,243556.203125,200000.0
3516,1,2,2,1,0.0,0.0,4,1,1,1,1,9,0,0,0,1,1,0,1,0,0,0,0,0,1,0,1,0,0,0,1,0,0,0,0,0,0,0,0,1,1,0,0,0,0,0,0,0,0,0,504063.8125,500000.0
3483,1,7,1,1,0.0,1.0,3,1,0,1,1,8,0,0,0,1,0,0,1,0,0,0,0,0,1,0,0,0,1,1,0,0,0,0,1,0,0,0,0,1,1,0,0,0,1,0,0,0,0,0,309089.625,300000.0
3504,1,7,2,1,0.0,0.0,3,1,0,1,0,8,0,0,0,1,1,0,1,0,0,0,0,0,1,0,1,0,0,0,1,0,0,0,0,0,0,0,0,1,0,0,0,1,1,0,0,0,0,0,254457.953125,250000.0
3511,1,6,4,1,0.0,0.0,4,1,1,1,2,8,0,0,0,1,1,0,1,0,0,0,0,0,0,0,1,0,1,0,1,0,1,0,0,0,0,0,0,1,1,0,0,0,1,0,0,0,0,0,409696.6875,425000.0
1305,1,7,4,1,0.0,6.0,4,1,0,2,1,3,0,0,0,1,1,0,0,0,0,0,0,0,1,0,1,0,1,0,0,0,0,0,0,0,0,1,0,1,1,0,0,0,1,0,0,0,0,0,448443.1875,340000.0
1283,1,7,2,1,0.0,7.0,3,1,0,2,1,4,0,0,0,1,1,0,1,0,0,0,0,0,1,0,1,0,1,0,0,0,0,0,0,0,0,0,0,1,1,0,0,0,1,0,0,0,0,0,284791.125,285000.0
1289,1,7,2,1,0.0,3.0,2,1,0,1,0,1,0,0,0,1,0,0,1,0,0,0,0,0,1,0,0,0,1,0,1,0,0,0,0,0,0,0,0,1,1,0,0,0,1,0,0,0,0,0,255935.6875,220000.0
1303,1,7,4,1,0.0,4.0,4,1,0,2,1,4,0,0,0,1,0,0,1,0,0,0,0,0,1,0,1,0,1,0,0,0,0,0,0,0,0,0,0,1,1,0,0,0,1,0,0,0,0,0,376857.8125,375000.0
1307,1,7,0,1,0.0,12.0,2,1,1,1,0,1,0,1,0,0,0,0,1,0,0,0,0,0,1,0,0,0,1,1,0,0,0,0,0,0,0,0,0,0,1,0,0,1,1,0,0,0,0,0,147660.828125,150000.0
1284,1,7,2,1,0.0,3.0,3,1,0,1,1,2,0,0,0,0,0,0,1,0,0,0,0,0,1,0,1,0,0,0,0,1,0,0,0,0,0,0,0,0,0,0,0,0,1,0,0,0,0,0,281148.3125,325000.0
1312,1,7,1,1,0.0,0.0,3,1,0,2,1,2,0,0,0,1,0,0,1,0,0,0,0,0,0,0,1,1,0,1,0,0,0,0,0,0,0,0,0,1,1,0,0,0,1,0,0,0,0,0,325999.90625,325000.0
1302,1,7,2,1,0.0,1.0,2,2,1,0,1,2,1,0,0,0,0,0,1,0,0,0,0,0,0,0,0,0,0,0,0,0,0,1,0,0,0,0,0,0,1,0,1,0,0,0,0,0,0,0,139981.171875,140000.0
1230,1,2,2,1,0.0,3.0,2,1,1,0,1,0,0,0,0,1,0,0,1,0,0,0,0,0,1,0,0,1,0,1,0,0,0,0,1,0,0,0,0,0,1,0,0,0,1,0,0,0,0,0,400014.9375,390000.0
37,1,6,3,1,0.0,0.0,3,1,0,1,1,3,0,0,0,1,1,0,1,0,0,0,0,0,0,0,1,0,0,0,0,0,0,0,1,0,0,0,0,1,1,0,0,0,0,0,1,0,0,0,220721.640625,220000.0
1,0,3,4,1,0.0,1.0,3,1,1,1,1,2,1,0,0,0,0,0,1,0,0,0,0,0,1,1,0,1,0,0,0,0,0,0,1,0,0,0,0,0,1,0,0,0,1,0,0,0,0,0,1008.2908935546875,1000.0
34,1,6,1,1,0.0,0.0,0,1,1,1,1,1,0,0,0,0,0,0,0,1,0,0,0,0,0,0,0,0,0,0,0,0,0,0,1,0,0,0,0,0,0,0,1,0,0,0,0,0,0,0,69914.6875,70000.0
32,0,3,0,1,0.0,0.0,1,1,0,1,1,1,0,0,0,0,0,0,0,1,0,0,0,0,1,1,0,0,0,0,0,0,0,0,1,0,0,0,0,0,1,0,0,0,1,0,0,0,0,0,805.0096435546875,500.0
21,1,6,4,1,0.0,0.0,2,1,1,1,1,4,0,0,0,1,0,0,1,0,0,0,0,0,1,0,1,0,0,0,1,0,0,0,1,0,0,0,0,0,1,0,0,0,1,0,0,0,0,0,270436.78125,270000.0
25,0,3,1,1,0.0,4.0,2,1,1,1,1,1,0,0,0,0,0,0,0,1,0,0,0,0,0,1,0,0,0,0,0,0,0,0,1,0,0,0,0,0,1,0,0,0,1,0,0,0,0,0,535.6346435546875,650.0
29,1,6,2,1,0.0,0.0,3,1,1,1,1,1,0,0,0,0,0,0,1,0,0,0,0,0,1,0,0,1,1,0,0,0,0,0,1,0,0,0,0,0,1,0,0,0,1,0,0,0,0,0,208920.890625,120000.0
6,1,6,1,3,0.0,0.0,1,1,1,0,0,2,0,0,0,0,0,0,1,0,0,0,0,0,1,0,1,0,0,0,1,0,0,0,1,0,0,0,0,0,1,0,0,1,0,0,0,0,0,0,47563.46875,50000.0
1356,0,3,2,1,0.0,6.0,2,1,1,2,1,0,0,0,0,0,0,0,1,0,0,0,0,0,1,0,0,0,0,0,0,0,0,0,0,0,0,0,0,0,1,0,0,0,1,0,0,0,0,0,1068.4158935546875,950.0
1355,0,3,1,1,0.0,0.0,2,1,1,2,0,0,0,0,0,0,0,0,0,1,0,0,0,0,1,0,0,0,0,0,0,0,0,0,0,0,0,0,0,0,1,0,0,0,1,0,0,0,0,0,1036.2205810546875,775.0
2539,0,3,3,1,0.0,2.0,2,1,1,1,0,3,0,0,0,1,1,0,0,0,0,0,0,0,1,0,0,1,0,0,0,0,0,0,0,0,0,0,0,0,1,0,0,0,1,0,0,0,0,0,687.3641357421875,1100.0
1255,1,6,0,3,0.0,0.0,2,1,1,0,1,0,0,0,0,0,0,0,0,1,0,0,0,0,1,0,0,0,1,1,0,0,0,0,1,0,0,0,0,0,0,0,0,0,1,0,0,0,0,0,84078.0859375,85000.0
1277,1,7,0,4,0.0,5.0,3,1,1,1,1,0,0,0,0,0,0,0,0,1,0,0,0,0,1,0,0,1,0,0,0,0,0,0,1,0,0,0,0,0,0,0,0,0,1,0,0,0,0,0,117633.2890625,165000.0
1241,1,7,0,4,0.0,3.0,3,1,1,1,0,0,0,0,0,0,0,0,0,1,1,0,0,0,1,0,1,0,0,1,0,0,0,0,0,0,0,0,0,0,1,0,0,1,0,0,0,0,0,0,176437.890625,150000.0
1245,0,3,0,1,0.0,6.0,3,1,1,1,1,1,0,0,0,1,0,0,0,0,0,0,0,0,1,0,1,0,0,0,0,0,1,0,0,0,0,0,0,0,0,0,0,0,1,0,0,0,0,0,761.6932373046875,725.0
1244,0,3,0,1,0.0,1.0,2,1,1,1,0,0,0,0,0,0,0,0,0,1,0,0,0,0,1,0,1,1,0,0,0,0,0,0,1,0,0,0,0,0,1,0,0,0,1,0,0,0,0,0,590.6737060546875,650.0
4794,1,4,1,1,0.0,1.0,3,1,0,1,2,5,0,0,0,1,0,0,1,0,0,1,0,0,1,0,1,1,0,0,0,0,0,0,0,0,0,0,0,1,1,0,0,0,1,0,0,0,0,0,186548.015625,185000.0
4856,1,4,2,1,0.0,1.0,3,1,0,1,1,7,1,1,0,0,0,0,1,0,0,0,0,0,1,0,1,0,1,0,0,0,0,0,0,0,0,0,0,0,1,0,1,0,0,0,0,0,0,1,241040.765625,265000.0
4835,1,7,1,4,0.0,3.0,4,1,1,1,1,5,0,0,0,0,0,0,0,1,0,0,0,0,1,0,1,1,0,0,0,0,0,0,0,0,0,0,0,1,1,0,0,0,1,0,0,0,0,0,188299.421875,190000.0
5070,1,4,1,1,0.0,2.0,3,1,0,1,0,6,0,0,1,1,0,0,1,0,0,0,0,0,1,0,1,1,0,0,0,0,0,0,0,0,0,0,0,0,1,0,0,1,1,0,0,0,0,0,191595.140625,190000.0
4830,1,4,2,1,0.0,4.0,2,1,0,1,1,7,0,0,0,1,1,0,1,0,0,0,0,0,1,0,0,1,0,1,0,0,0,0,0,0,0,0,0,1,1,0,0,1,0,0,0,0,0,0,319887.09375,320000.0
4838,1,7,1,1,0.0,2.0,4,1,1,1,1,6,0,0,0,1,0,0,1,0,0,1,0,0,1,0,0,1,0,1,0,0,0,0,0,0,0,0,0,1,1,0,0,0,1,0,0,0,0,0,250232.1875,255000.0
5069,1,4,3,1,0.0,0.0,3,1,0,2,1,11,0,0,0,1,1,0,1,0,0,0,0,0,1,0,0,0,1,1,0,0,0,0,0,0,0,0,0,1,1,0,0,0,0,0,1,0,0,0,407772.46875,400000.0
2184,0,3,3,1,0.0,3.0,3,1,2,1,1,4,0,0,0,1,1,0,0,0,0,0,0,0,0,0,0,0,0,0,1,0,0,0,0,0,0,0,0,0,1,0,0,0,1,0,0,0,0,0,1085.2440185546875,1500.0
1231,0,3,6,1,0.0,0.0,3,1,1,0,1,7,0,0,0,1,0,0,1,0,0,0,0,0,0,0,0,0,0,0,0,0,0,0,1,0,0,0,0,0,0,0,0,0,0,0,0,0,0,1,3078.458984375,4000.0
1231,0,3,6,1,0.0,4.0,3,1,1,0,1,7,0,0,0,1,0,0,1,0,0,0,0,0,0,0,1,0,0,1,0,0,0,0,1,0,0,0,0,0,0,0,0,0,0,0,0,0,0,1,3197.080078125,4350.0
544,1,0,2,1,0.0,1.0,3,1,0,1,1,2,0,0,0,1,0,0,1,0,0,0,0,0,1,0,0,0,0,1,0,0,0,0,0,0,0,0,0,0,1,0,0,0,1,0,0,0,0,0,214573.953125,210000.0
531,1,4,3,1,0.0,1.0,2,1,1,1,1,0,0,0,0,0,0,0,0,1,0,0,0,0,1,0,1,0,0,1,0,0,0,0,0,0,0,0,0,0,1,0,0,0,1,0,0,0,0,0,363205.125,185000.0
541,1,10,1,1,0.0,1.0,2,1,0,1,1,7,1,0,0,1,0,0,0,0,0,0,0,0,0,0,0,0,0,1,0,0,0,0,0,0,0,0,0,0,0,0,0,0,1,0,0,0,0,0,106868.2734375,110000.0
536,1,6,5,1,0.0,0.0,4,1,0,1,0,4,1,0,0,1,0,0,1,0,0,0,0,0,1,0,1,0,0,0,0,0,0,0,0,0,0,0,0,0,1,0,0,0,1,0,0,0,0,0,501484.0,500000.0
247,1,7,2,1,0.0,1.0,3,1,1,1,1,6,1,0,0,0,0,0,0,0,0,0,0,0,0,0,1,1,0,0,1,0,0,0,0,0,0,0,0,0,0,0,0,0,1,0,0,0,0,0,160847.015625,195000.0
1910,1,7,0,1,0.0,1.0,2,1,1,1,0,1,0,0,0,0,0,0,0,1,0,0,0,0,0,0,1,0,1,0,1,0,0,0,0,0,0,0,0,0,0,0,0,0,1,0,0,0,0,0,82618.1328125,120000.0
218,1,7,0,1,0.0,9.0,2,1,0,1,1,2,0,0,0,0,0,0,0,0,0,0,0,0,0,0,0,0,0,0,0,0,0,0,0,0,0,0,0,0,0,0,0,0,1,0,0,0,0,0,57972.703125,95000.0
1263,1,7,4,1,0.0,2.0,4,1,1,1,1,7,0,0,0,1,0,0,1,0,0,0,0,0,0,0,0,1,1,0,1,0,0,0,0,0,0,0,0,0,0,0,0,0,1,0,0,0,0,0,346096.03125,340000.0
263,1,7,0,1,0.0,3.0,3,1,1,1,1,2,0,0,0,1,0,0,1,0,0,0,0,0,0,0,1,0,1,0,1,0,0,0,0,0,0,0,0,0,0,0,0,0,1,0,0,0,0,0,154708.703125,170000.0
274,1,7,2,1,0.0,1.0,3,1,1,1,1,5,0,0,0,1,0,0,1,0,0,0,0,0,0,0,1,1,0,0,1,0,0,0,0,0,0,0,0,0,0,0,0,0,1,0,0,0,0,0,287612.375,285000.0
1875,1,7,3,1,0.0,1.0,4,1,1,1,1,8,0,0,0,0,1,0,0,1,0,0,0,0,0,0,1,1,0,0,1,0,0,0,0,0,0,0,0,0,0,0,0,0,1,0,0,0,0,0,256568.4375,285000.0
214,0,3,0,1,0.0,6.0,3,1,1,1,1,2,0,0,0,0,0,0,0,1,0,0,0,0,1,0,0,1,0,0,0,0,1,0,0,0,0,0,0,0,0,0,0,0,1,0,0,0,0,0,533.6737060546875,600.0
262,1,7,3,1,0.0,0.0,2,1,1,0,1,3,0,0,0,1,1,0,1,0,0,0,0,0,0,0,0,1,1,0,1,0,0,0,0,0,0,0,0,0,0,0,0,0,1,0,0,0,0,0,223646.46875,225000.0
1986,1,7,0,1,0.0,3.0,2,1,1,1,1,2,0,0,0,1,0,0,1,0,0,0,0,0,0,0,1,0,1,0,1,0,0,0,0,0,0,0,0,0,0,0,0,0,1,0,0,0,0,0,122567.9765625,125000.0
1984,1,7,0,1,0.0,0.0,3,1,1,1,1,5,0,0,0,0,0,0,1,0,0,0,0,0,0,0,0,1,1,0,1,0,0,0,0,0,0,0,0,0,0,0,0,0,1,0,0,0,0,0,166986.359375,170000.0
1903,1,7,1,1,0.0,0.0,2,1,1,1,1,1,1,0,0,0,0,0,1,0,0,0,0,0,0,0,0,0,0,0,0,0,0,0,0,0,0,0,0,0,0,0,0,0,1,0,0,0,0,0,145871.40625,150000.0
379,0,3,4,1,0.0,0.0,3,1,1,1,0,1,0,0,0,0,0,0,0,0,0,0,0,0,0,0,0,0,0,0,0,0,0,1,0,0,0,0,0,1,1,0,0,0,1,0,0,0,0,0,49787.703125,1850.0
456,0,3,0,1,0.0,3.0,1,1,1,1,0,1,0,0,0,0,0,0,0,0,1,0,0,0,1,0,0,0,0,1,1,0,0,0,1,0,0,0,0,1,1,0,0,0,1,0,0,0,0,0,1046.4862060546875,1100.0
452,0,3,0,1,0.0,0.0,1,1,1,2,1,3,0,0,0,0,0,0,0,1,0,0,0,0,1,0,1,0,0,1,0,0,0,0,1,0,0,0,0,1,0,0,0,1,1,0,0,0,0,0,336.1971740722656,1700.0
432,1,2,5,1,0.0,4.0,4,1,1,2,1,5,0,0,0,1,1,0,1,0,0,0,0,0,1,0,0,0,1,1,0,0,1,0,0,0,0,0,0,1,1,0,0,0,1,0,0,0,0,0,543715.375,1100000.0
389,0,3,5,1,0.0,3.0,3,1,0,3,1,3,0,0,0,0,0,0,0,1,0,0,0,0,1,0,0,0,0,0,0,1,0,0,1,0,0,0,0,1,0,0,0,1,1,0,0,0,0,0,0.0,2350.0
393,1,6,4,1,0.0,1.0,3,1,1,1,1,2,0,0,0,1,1,0,1,0,0,0,0,0,0,0,0,0,0,0,0,0,0,0,0,0,0,0,0,1,0,0,0,1,1,0,0,0,0,0,534647.5,630000.0
442,0,3,1,1,0.0,3.0,1,1,1,1,0,0,0,0,0,0,0,0,0,1,0,0,0,0,0,0,0,0,0,0,0,0,0,0,0,0,0,0,0,1,0,0,0,0,1,0,0,0,0,0,738.4002685546875,950.0
458,0,3,0,1,0.0,3.0,0,1,0,1,0,1,0,0,0,0,0,0,0,0,0,0,0,0,0,0,0,0,0,0,0,0,0,0,0,0,0,0,0,1,0,0,0,1,1,0,0,0,0,0,868.9666748046875,925.0
402,0,3,0,1,0.0,3.0,1,1,1,1,0,2,0,0,0,0,0,0,0,1,0,0,0,0,0,0,0,0,1,0,0,0,0,0,0,0,0,0,0,1,1,0,0,0,1,0,0,0,0,0,553.8729248046875,1150.0
450,0,3,0,1,0.0,3.0,1,1,1,1,1,2,0,0,0,0,0,0,0,1,0,0,0,0,0,0,0,0,0,0,0,0,0,0,1,0,0,0,0,0,0,0,1,0,0,0,0,0,0,0,737.9627685546875,850.0
397,1,6,2,1,0.0,2.0,2,1,1,1,0,1,1,0,0,0,0,0,1,0,0,1,0,0,0,0,0,0,0,0,0,0,0,0,1,0,0,0,0,0,1,0,0,1,1,0,0,0,0,0,391302.5625,400000.0
413,1,2,3,1,0.0,2.0,3,1,1,2,0,2,0,0,0,1,1,0,0,0,0,1,0,0,1,0,1,0,0,1,0,0,1,0,0,0,0,0,0,0,1,0,0,1,1,0,0,0,0,0,307619.25,475000.0
398,1,2,0,4,0.0,4.0,1,1,1,1,0,1,0,0,0,0,0,0,0,1,0,0,0,0,1,0,1,0,0,0,1,0,0,0,1,0,0,0,0,0,0,0,0,1,1,0,0,0,0,0,84211.9296875,325000.0
3754,0,3,5,1,0.0,6.0,3,1,1,2,2,1,0,0,0,1,0,0,1,0,0,1,0,0,1,0,1,0,0,1,0,0,0,0,0,0,0,0,0,1,1,0,0,0,1,0,0,0,0,0,1988.1580810546875,1995.0
414,1,4,3,1,0.0,2.0,4,1,1,1,1,1,0,0,0,1,0,0,1,0,0,1,0,0,1,0,1,0,0,1,0,0,1,0,0,0,0,0,0,0,1,0,0,1,1,0,0,0,0,0,446773.3125,450000.0
420,0,3,2,1,0.0,3.0,1,1,1,1,0,1,0,0,0,0,0,0,0,1,1,0,0,1,0,1,0,0,0,0,0,1,0,0,1,0,0,0,0,1,0,0,0,1,1,0,0,0,0,0,1203.8104248046875,1375.0
449,0,3,1,1,0.0,3.0,2,1,1,1,1,1,0,0,0,0,0,0,0,1,0,0,0,0,0,0,0,0,0,0,0,0,0,0,1,0,0,0,0,1,0,0,0,0,1,0,0,0,0,0,673.5682373046875,1250.0
448,0,3,1,1,0.0,1.0,2,1,1,2,0,0,0,0,0,0,0,0,0,1,0,0,0,0,0,0,0,0,0,0,0,0,0,0,1,0,0,0,0,1,1,0,0,0,1,0,0,0,0,0,1105.6112060546875,1600.0
411,1,4,3,1,0.0,0.0,4,1,1,2,1,2,0,0,0,0,0,0,0,1,0,0,0,0,1,0,0,0,1,1,0,0,0,0,0,0,0,0,0,1,0,0,0,0,0,0,0,0,0,0,737255.0,725000.0
430,0,3,0,1,0.0,1.0,1,1,1,1,0,0,0,0,0,0,0,0,0,1,1,0,0,0,0,0,0,0,0,0,0,0,0,0,0,0,0,0,0,1,0,0,0,1,1,0,0,0,0,0,899.7606201171875,1075.0
436,0,3,2,1,0.0,3.0,2,1,1,1,0,1,1,0,0,0,0,0,1,0,0,1,0,0,0,0,0,0,0,0,0,0,0,0,0,0,0,0,0,0,1,0,0,1,1,0,0,0,0,0,1505.4549560546875,1800.0
388,0,3,0,1,0.0,1.0,1,1,0,1,0,2,0,0,0,0,0,0,0,1,0,0,0,0,0,1,0,0,0,0,0,0,0,0,0,0,0,0,0,1,1,0,0,0,1,0,0,0,0,0,615.1151123046875,900.0
2179,1,6,2,1,0.0,7.0,3,1,1,1,1,2,0,0,0,1,0,0,1,0,0,0,0,0,1,0,1,0,0,1,0,0,0,0,0,0,0,0,0,0,1,0,0,1,1,0,0,0,0,0,223038.640625,220000.0
3629,1,7,3,1,0.0,2.0,4,1,1,2,1,3,0,0,0,1,1,0,1,0,0,0,0,0,1,0,1,1,0,0,0,0,0,0,0,0,0,0,0,1,1,0,0,0,1,0,0,0,0,0,293476.1875,300000.0
3638,1,6,1,1,0.0,11.0,3,1,1,1,1,2,0,0,0,0,0,0,1,0,0,0,0,0,1,0,1,1,0,0,0,0,0,0,0,0,0,0,0,1,1,0,0,0,1,0,0,0,0,0,150138.046875,150000.0
2187,1,6,2,1,0.0,8.0,3,1,1,1,1,4,0,0,0,1,0,0,1,0,0,0,0,0,1,0,1,1,0,0,0,0,0,0,1,0,0,0,0,1,1,0,0,0,1,0,0,0,0,0,229501.078125,230000.0
3611,1,6,2,1,0.0,3.0,2,1,1,0,1,4,0,0,0,1,1,0,1,0,0,0,0,0,1,0,1,0,1,0,0,0,0,0,0,0,1,0,0,1,1,0,0,0,1,0,0,0,0,0,218621.953125,220000.0
3627,1,6,2,1,0.0,1.0,2,1,1,1,0,2,1,0,0,0,0,0,1,0,0,1,0,0,0,1,1,0,0,0,0,0,0,1,0,0,0,0,0,0,1,0,1,0,0,0,0,0,0,0,104310.0390625,105000.0
3587,1,7,1,1,0.0,5.0,1,1,1,1,0,4,0,0,0,1,0,0,1,0,0,0,0,0,1,0,1,1,0,0,0,0,0,0,0,0,0,0,0,1,1,0,0,0,1,0,0,0,0,0,123827.8046875,140000.0
3591,1,6,4,1,0.0,0.0,4,1,2,3,1,8,0,0,0,1,1,0,1,0,0,0,0,0,1,0,1,0,1,0,0,0,0,0,0,0,0,0,0,0,1,0,0,0,1,0,0,0,0,0,398625.28125,400000.0
3635,1,6,0,1,0.0,4.0,2,1,0,1,1,2,0,1,0,0,0,0,1,0,0,0,0,0,0,1,0,0,0,0,0,0,0,0,0,0,0,0,0,1,0,0,1,0,0,0,0,0,0,0,112430.2109375,115000.0
3634,0,3,0,1,0.0,4.0,2,1,1,1,0,3,0,0,0,0,0,0,1,0,0,0,1,1,0,1,0,0,0,0,0,0,0,0,1,0,0,0,0,1,1,0,0,0,1,0,0,0,0,0,553.1033935546875,625.0
3601,1,6,3,1,0.0,5.0,3,1,1,2,1,2,0,0,0,1,1,0,1,0,0,0,0,0,1,0,0,0,0,1,1,0,0,0,0,0,0,0,0,1,1,0,0,0,1,0,0,0,0,0,378772.375,250000.0
3603,1,4,1,1,0.0,5.0,4,1,1,2,1,6,0,0,0,1,0,0,1,0,0,0,0,0,1,0,1,0,0,1,0,0,0,0,0,0,0,0,0,1,1,0,0,0,1,0,0,0,0,0,225413.046875,230000.0
3595,1,6,2,3,0.0,0.0,2,1,0,1,1,2,0,0,0,1,0,0,1,0,0,0,0,0,0,0,1,0,0,1,1,0,0,0,0,0,0,0,0,1,1,0,0,0,1,0,0,0,0,0,164846.015625,180000.0
2524,0,3,2,1,0.0,2.0,2,1,1,1,1,3,0,0,0,1,1,0,1,0,0,0,0,0,1,0,1,1,0,0,0,0,1,0,0,0,0,0,0,0,1,0,0,0,1,0,0,0,0,0,804.4061279296875,875.0
2534,1,6,2,1,0.0,1.0,3,1,1,1,1,5,0,0,0,1,0,0,1,0,0,0,0,0,1,0,0,1,0,0,1,0,1,0,0,0,0,0,0,0,1,0,0,0,1,0,0,0,0,0,302257.75,300000.0
2566,0,3,5,1,0.0,0.0,3,1,2,1,1,11,1,0,0,0,1,0,0,0,0,0,0,0,1,0,1,0,0,0,1,0,1,0,0,0,0,0,0,0,1,0,0,0,1,0,0,0,0,0,0.0,2000.0
1016,1,2,1,1,0.0,2.0,2,1,0,1,1,2,0,0,0,1,1,0,1,0,0,0,0,0,0,0,1,0,1,1,0,0,0,0,0,0,0,0,0,0,1,0,0,1,1,0,0,0,0,0,252573.671875,250000.0
1054,1,2,4,1,0.0,1.0,4,1,1,1,1,7,0,0,0,1,1,0,1,0,0,0,0,0,0,0,1,0,1,0,1,0,0,0,0,0,0,0,0,0,1,0,0,0,1,0,0,0,0,0,355721.875,550000.0
1045,1,4,3,1,0.0,0.0,2,1,0,0,1,4,1,0,0,0,0,1,1,0,0,0,0,0,0,1,0,0,1,0,0,0,1,0,0,0,0,1,0,0,1,0,0,0,0,0,0,0,0,1,267433.125,365000.0
1049,1,2,0,1,0.0,1.0,2,1,1,1,0,4,0,0,0,0,1,0,1,0,0,0,0,0,1,0,0,0,1,1,0,0,0,0,0,0,0,0,0,0,0,0,0,0,0,0,0,0,0,0,94671.4453125,230000.0
1048,1,4,2,3,0.0,1.0,3,1,1,1,1,3,0,0,0,1,0,0,1,0,0,0,0,0,0,0,1,0,1,0,1,0,0,0,0,0,0,0,0,1,1,0,0,0,1,0,0,0,0,0,264560.125,350000.0
1037,1,2,1,1,0.0,16.0,3,1,1,1,1,3,0,0,0,0,0,0,0,0,0,0,0,0,1,0,0,0,0,0,0,0,0,0,0,0,0,0,0,1,1,0,0,0,1,0,0,0,0,0,268730.3125,240000.0
1052,1,2,2,1,0.0,1.0,3,1,1,1,0,4,0,0,0,1,0,0,1,0,0,0,0,0,1,0,1,1,0,0,0,0,0,0,0,0,0,0,0,1,1,0,0,0,1,0,0,0,0,0,322819.40625,325000.0
1035,1,2,0,1,0.0,2.0,2,1,1,1,1,1,0,0,0,0,0,0,0,0,0,0,0,0,0,0,0,0,1,0,0,0,0,0,0,0,0,0,0,1,1,0,1,0,0,0,0,0,0,0,172145.984375,175000.0
1014,1,4,4,1,0.0,3.0,4,1,1,1,2,3,0,0,0,1,1,0,1,0,0,0,0,0,0,0,1,1,0,0,1,0,0,0,0,0,0,0,0,0,1,0,0,0,1,0,0,0,0,0,715799.625,725000.0
1053,1,2,5,1,0.0,2.0,5,1,1,1,1,3,0,0,0,1,1,0,1,0,0,0,0,0,1,0,0,0,0,1,1,0,0,0,0,0,0,0,0,0,1,0,0,0,1,0,0,0,0,0,521015.96875,675000.0
1031,1,4,1,1,0.0,0.0,2,1,0,1,1,0,0,0,0,0,1,0,1,0,0,0,0,0,0,1,0,0,0,0,0,0,0,0,0,0,0,0,0,0,1,0,1,0,0,0,0,0,0,0,202326.734375,200000.0
2483,0,3,0,1,0.0,3.0,2,1,1,1,0,2,0,0,0,0,0,0,0,1,0,0,0,0,0,0,0,0,0,0,0,0,0,0,0,0,0,0,0,0,1,0,0,0,1,0,0,0,0,0,632.3885498046875,695.0
200,0,3,0,1,0.0,2.0,1,1,1,2,1,3,0,0,0,0,0,0,0,0,0,0,0,0,0,0,0,0,0,0,0,0,0,0,0,0,0,0,0,1,1,0,0,0,0,0,0,0,0,0,1289.1346435546875,750.0
3113,0,3,1,1,0.0,0.0,2,1,0,1,1,3,0,0,0,1,0,0,1,0,0,0,0,0,0,0,0,1,0,0,1,0,1,0,0,0,0,0,0,0,1,0,0,0,1,0,0,0,0,0,658.6170654296875,725.0
3345,0,3,2,1,0.0,4.0,3,1,0,2,1,3,0,0,0,1,1,0,1,0,0,0,0,0,1,0,0,0,1,1,0,0,0,0,0,0,0,0,0,0,1,0,0,1,1,0,0,0,0,0,1030.0584716796875,1300.0
3091,0,3,0,1,0.0,0.0,2,1,1,1,0,0,0,0,0,0,0,0,0,0,0,0,0,0,0,0,0,0,0,0,1,0,0,0,0,0,0,0,0,0,0,0,0,1,1,0,0,0,0,0,0.0,650.0
3116,0,3,4,1,0.0,2.0,4,1,0,0,1,10,0,0,0,1,0,0,1,0,0,0,0,0,1,0,0,0,1,0,0,0,0,0,0,0,0,0,0,0,0,0,0,1,1,0,0,0,0,0,1764.7635498046875,2100.0
3091,0,3,0,1,0.0,2.0,2,1,1,1,0,0,0,0,0,0,0,0,0,0,0,0,0,0,0,0,0,0,0,0,1,0,0,0,0,0,0,0,0,0,0,0,0,1,1,0,0,0,0,0,694.2576904296875,700.0
3365,0,3,1,1,0.0,11.0,2,1,0,1,1,1,0,0,0,0,1,0,0,0,0,0,0,0,1,0,0,1,0,0,0,0,0,0,1,0,0,0,0,0,1,0,0,0,1,0,0,0,0,0,574.7362060546875,650.0
3067,0,3,0,1,0.0,7.0,2,1,1,2,1,1,0,0,0,0,0,0,0,0,0,0,0,0,0,0,0,0,0,0,0,0,0,0,0,0,0,0,0,0,0,0,0,0,1,0,0,0,0,0,625.8905029296875,750.0
3055,0,3,2,1,0.0,5.0,3,1,0,3,0,7,1,0,0,0,0,0,1,0,0,0,0,0,1,0,0,0,1,1,0,0,0,0,0,0,0,0,0,0,1,0,0,1,1,0,0,0,0,0,1385.3924560546875,925.0
3054,0,3,1,1,0.0,0.0,3,1,0,1,1,4,0,0,0,0,0,0,1,0,0,0,0,0,1,0,1,0,0,0,0,0,1,0,0,0,0,0,0,0,0,0,0,1,0,0,0,0,0,0,841.4373779296875,1300.0
3349,0,3,2,1,0.0,3.0,4,1,1,2,1,6,1,0,0,0,1,0,1,0,0,0,0,0,1,0,0,0,0,1,1,0,0,0,0,0,0,0,0,0,1,0,0,1,1,0,0,0,0,0,1235.2479248046875,1600.0
1873,0,3,1,1,0.0,1.0,2,1,1,1,1,1,0,1,0,0,1,1,0,0,0,0,0,0,0,0,0,0,0,0,0,0,0,0,1,0,0,0,0,0,0,0,1,0,0,0,0,0,0,0,673.0643310546875,525.0
3036,1,4,3,1,0.0,5.0,3,1,1,1,1,2,0,0,0,0,0,0,0,1,0,0,0,0,1,0,0,1,0,0,1,0,0,0,0,0,0,0,0,0,0,0,0,0,1,0,0,0,0,1,635601.625,525000.0
3840,1,6,1,1,0.0,7.0,3,1,0,1,0,10,0,0,0,1,0,0,1,0,0,0,0,0,1,0,1,1,0,0,0,0,1,0,0,0,0,0,0,0,1,0,0,0,1,0,0,0,0,0,235982.125,210000.0
3936,1,6,2,1,0.0,2.0,4,1,0,1,1,11,0,0,0,1,0,0,1,0,0,0,0,0,1,0,1,0,0,0,0,0,1,0,0,0,0,0,0,0,1,0,0,0,1,0,0,0,0,0,420204.59375,425000.0
3829,1,6,0,1,0.0,4.0,2,1,0,1,0,4,0,0,0,1,0,0,1,0,0,0,0,0,1,0,1,1,0,0,0,0,1,0,0,0,0,0,0,0,1,0,0,0,1,0,0,0,0,0,147510.234375,150000.0
3804,1,6,0,1,0.0,2.0,1,1,0,1,1,3,0,0,0,0,0,0,0,1,0,0,0,0,1,0,1,0,0,0,0,0,0,0,0,1,0,0,0,0,1,0,0,0,1,0,0,0,0,0,118031.9375,120000.0
3824,0,3,1,1,0.0,0.0,2,1,1,0,0,4,0,0,0,1,1,0,0,0,0,0,0,0,0,0,0,0,0,0,1,0,1,0,0,1,0,0,0,0,1,0,0,0,1,0,0,0,0,0,593.3504638671875,650.0
3826,1,6,1,1,0.0,0.0,3,1,0,1,1,6,0,0,0,1,1,0,1,0,0,0,0,0,1,0,1,1,0,0,0,0,1,0,0,0,0,0,0,0,1,0,0,0,1,0,0,1,0,0,190255.53125,190000.0
3894,1,6,1,1,0.0,5.0,3,1,0,1,1,8,0,0,0,1,1,0,1,0,0,0,0,0,1,0,1,1,0,0,0,0,0,0,1,0,0,0,0,0,1,0,0,0,1,0,0,0,0,0,168136.296875,160000.0
3830,0,3,1,1,0.0,4.0,3,1,0,1,1,11,0,0,0,1,0,0,1,0,0,0,0,0,1,0,1,0,0,0,0,0,1,0,0,0,0,0,0,0,1,0,1,0,1,0,0,0,0,0,997.7166748046875,1025.0
3847,1,6,1,1,0.0,1.0,3,1,0,1,1,6,0,0,0,1,1,0,1,0,0,0,0,0,1,0,1,1,0,0,0,0,1,0,0,0,0,0,0,0,1,0,0,0,1,0,0,0,0,0,268909.34375,270000.0
2426,1,7,0,3,0.0,2.0,3,1,1,1,1,0,0,0,0,0,0,0,0,1,0,0,0,0,0,0,0,0,0,0,1,0,0,0,0,0,0,0,0,0,1,0,0,0,1,0,0,0,0,0,141960.625,150000.0
2432,1,7,4,1,0.0,1.0,4,1,1,2,1,3,0,0,0,1,1,0,1,0,0,0,0,0,0,0,1,0,1,1,0,0,0,0,0,0,0,0,0,0,1,0,0,0,1,0,0,0,0,0,425365.375,435000.0
2430,1,7,1,1,0.0,2.0,2,1,1,2,0,0,1,0,0,0,0,0,1,0,0,1,0,0,1,0,1,0,0,1,0,0,0,0,0,0,0,0,0,0,1,0,0,0,1,0,0,0,0,0,195518.921875,200000.0
2429,1,7,4,1,0.0,1.0,4,1,1,2,1,4,0,0,0,1,1,0,1,0,0,0,0,0,0,0,0,1,0,1,1,0,0,0,0,0,0,0,0,0,1,0,0,0,1,0,0,0,0,0,372903.5,340000.0
2425,1,7,0,1,0.0,2.0,1,1,1,1,1,1,0,0,0,1,0,0,1,0,0,0,0,0,0,1,0,0,1,0,0,0,0,0,0,0,0,0,0,0,1,0,1,0,0,0,0,0,0,0,134721.03125,140000.0
2427,1,7,2,1,0.0,0.0,3,1,1,1,1,3,0,0,0,1,0,0,1,0,0,0,0,0,1,0,0,0,1,1,0,0,0,0,0,0,0,0,0,0,1,0,0,0,1,0,0,0,0,0,275193.34375,280000.0
2428,1,7,1,1,0.0,0.0,3,1,1,1,1,1,0,0,0,1,0,0,1,0,0,0,0,0,0,0,1,0,1,1,0,0,0,0,0,0,0,0,0,0,1,0,0,0,1,0,0,0,0,0,217055.640625,225000.0
281,1,7,2,1,0.0,1.0,4,1,0,1,1,6,0,0,0,0,0,0,0,1,0,0,0,0,1,0,0,0,0,0,1,0,0,0,1,0,0,0,0,0,1,0,0,1,1,0,0,0,0,0,219831.3125,220000.0
290,1,7,2,1,0.0,5.0,3,1,1,1,1,4,0,0,0,0,0,0,0,1,0,0,0,0,1,0,0,0,0,0,1,0,0,0,1,0,0,0,0,0,1,0,0,1,1,0,0,0,0,0,166836.625,165000.0
292,0,3,1,1,0.0,0.0,2,1,1,1,0,3,0,0,0,0,0,0,0,1,0,0,0,0,0,0,0,1,0,0,0,0,0,0,1,0,0,0,0,0,1,0,0,1,1,0,0,0,0,0,833.1346435546875,520.0
276,1,7,1,1,0.0,9.0,3,1,1,1,1,4,0,0,0,0,0,0,0,1,0,0,0,0,1,0,0,0,0,1,1,0,0,0,1,0,0,0,0,0,1,0,0,1,1,0,0,0,0,0,210738.703125,145000.0
5236,0,3,1,1,0.0,11.0,2,1,1,1,1,3,0,0,0,1,0,0,1,0,0,0,0,0,1,0,0,0,0,0,1,0,0,0,1,0,0,0,0,0,1,0,0,1,1,0,0,0,0,0,783.2830810546875,675.0
1261,1,7,1,1,0.0,5.0,2,1,1,1,0,3,1,0,0,0,0,0,1,0,0,0,0,0,0,0,0,0,0,0,0,0,0,0,1,0,0,0,0,0,0,0,0,1,1,0,0,0,0,0,131077.875,120000.0
5236,0,3,1,1,0.0,0.0,2,1,1,1,1,3,0,0,0,1,0,0,1,0,0,0,0,0,1,0,0,0,0,0,1,0,0,0,1,0,0,0,0,0,1,0,0,1,1,0,0,0,0,0,613.0194091796875,675.0
5236,0,3,1,1,0.0,0.0,2,1,1,1,1,3,0,0,0,1,0,0,1,0,0,0,0,0,1,0,0,0,0,0,1,0,0,0,1,0,0,0,0,0,1,0,0,1,1,0,0,0,0,0,613.0194091796875,675.0
3393,1,2,3,1,0.0,0.0,4,1,1,1,1,7,0,0,0,1,1,0,1,0,0,0,0,0,1,0,1,1,0,0,0,0,1,0,0,0,0,0,0,1,1,0,0,0,1,0,0,0,0,0,342958.4375,425000.0
132,1,0,2,1,0.0,1.0,2,1,1,1,0,6,0,0,0,1,0,0,1,0,0,1,0,0,1,0,0,1,0,0,0,0,1,0,0,0,0,0,0,0,0,0,1,0,0,0,0,0,0,1,199187.3125,112000.0
963,1,2,3,1,0.0,11.0,2,1,1,0,1,7,0,0,0,1,1,0,0,0,0,0,0,0,1,0,0,1,0,0,0,0,0,0,0,0,0,0,0,1,1,0,0,0,0,0,1,0,0,0,306510.15625,300000.0
105,0,3,0,1,0.0,4.0,1,1,1,1,0,2,1,0,0,0,0,0,0,0,0,0,0,0,0,0,0,0,0,0,0,0,0,0,1,0,0,0,0,0,1,0,0,0,1,0,0,0,0,0,840.6522216796875,525.0
3003,1,4,1,4,0.0,8.0,4,1,0,2,1,1,0,0,0,0,0,0,0,1,0,0,0,0,0,0,0,0,0,1,1,0,0,0,1,0,0,0,0,0,0,0,0,0,1,0,0,0,0,0,160642.96875,260000.0
3002,1,2,1,1,0.0,11.0,3,1,0,1,1,1,0,0,0,0,0,0,0,0,1,0,0,0,0,0,0,0,0,1,1,0,0,0,1,0,0,0,0,0,0,0,0,0,1,0,0,0,0,0,223548.65625,220000.0
3006,1,4,2,1,0.0,9.0,3,1,0,1,2,1,0,0,0,0,1,0,1,1,0,0,0,0,0,0,0,1,1,0,1,0,0,0,1,0,0,0,0,0,1,0,0,0,1,0,0,0,0,0,318359.1875,325000.0
3010,1,4,1,1,0.0,23.0,3,1,0,1,2,2,0,0,0,0,0,0,0,1,1,0,0,0,0,0,1,0,0,0,1,0,1,0,0,0,0,0,0,0,1,0,0,0,1,0,0,0,0,0,263112.9375,260000.0
3008,1,2,1,1,0.0,0.0,2,1,1,1,0,0,0,0,0,0,0,0,0,0,1,0,0,0,0,0,0,1,1,1,0,0,1,0,0,0,0,1,0,1,1,0,1,0,0,0,0,0,0,0,259667.296875,250000.0
3001,1,4,1,3,0.0,10.0,3,1,0,1,1,1,0,0,0,0,0,0,0,1,1,0,0,0,1,0,1,0,0,0,0,0,0,0,1,0,0,0,0,0,1,0,0,0,1,0,0,0,0,0,252746.296875,250000.0
3005,1,2,1,1,0.0,12.0,3,1,0,1,1,1,0,0,0,0,0,0,0,1,1,0,0,0,1,0,1,0,0,1,0,0,0,0,1,0,0,0,0,0,1,0,0,0,1,0,0,0,0,0,273201.5625,270000.0
3009,1,2,3,1,0.0,1.0,3,1,0,1,2,3,0,0,0,1,0,0,1,0,0,0,0,0,0,0,0,0,1,1,1,0,1,0,0,0,0,0,0,0,1,0,0,0,1,0,0,0,0,0,369580.65625,350000.0
3014,1,6,1,1,0.0,3.0,3,1,0,1,1,0,0,0,0,0,0,0,0,1,0,0,0,0,1,0,1,0,1,0,0,0,0,0,1,0,0,0,0,0,1,0,0,0,1,0,0,0,0,0,162153.078125,325000.0
4009,1,4,2,1,0.0,2.0,3,1,0,2,1,6,0,0,0,0,0,0,0,1,0,0,0,0,0,0,1,0,1,0,0,0,1,0,0,0,0,0,0,0,0,0,0,0,1,0,0,0,0,0,312503.4375,390000.0
4008,1,4,2,1,0.0,8.0,3,1,0,1,1,6,0,0,0,1,1,0,0,0,0,0,0,0,1,0,0,0,1,1,0,0,1,0,0,0,0,0,0,0,1,0,0,0,1,0,0,0,0,1,268371.46875,280000.0
4195,1,7,3,1,0.0,3.0,5,1,0,1,1,11,0,0,0,1,0,0,1,0,0,1,0,0,1,0,1,0,1,0,0,0,0,0,0,0,0,0,0,1,1,0,0,0,1,0,0,0,0,0,398499.1875,400000.0
58,0,3,1,3,0.0,3.0,3,1,1,0,1,6,0,0,0,0,0,0,1,1,0,0,0,1,1,0,1,0,0,1,0,0,0,0,0,0,0,0,0,1,0,0,0,1,1,0,0,0,0,0,691.8572998046875,1050.0
69,1,7,3,1,0.0,2.0,3,1,0,1,1,9,1,0,0,0,1,0,1,0,0,0,0,0,0,0,1,0,0,1,1,0,0,0,0,0,0,0,0,1,0,0,0,1,1,0,0,0,0,0,233052.84375,325000.0
4242,1,6,2,1,0.0,0.0,3,1,1,1,1,3,0,0,0,1,0,0,1,0,0,0,0,0,1,0,0,1,0,0,1,0,0,0,0,0,0,0,0,0,1,0,0,0,1,0,0,0,0,0,325405.78125,325000.0
4239,1,6,1,1,0.0,4.0,1,1,1,1,0,2,1,0,0,0,0,0,1,0,0,0,0,0,0,0,0,0,0,0,0,0,0,0,0,0,0,0,0,0,0,0,0,0,1,0,0,0,0,0,143298.328125,150000.0
3938,1,7,1,1,0.0,1.0,3,1,0,1,0,4,0,0,0,1,0,0,1,0,0,0,0,0,1,0,1,0,0,0,0,0,0,0,0,0,0,0,0,0,1,0,0,0,1,0,0,0,0,0,250216.296875,250000.0
3819,1,7,0,1,0.0,0.0,2,1,0,1,1,2,0,0,0,0,0,0,0,1,0,0,0,0,0,0,1,0,1,1,0,0,1,0,0,0,0,0,0,0,0,0,0,0,1,0,0,0,0,0,114591.5234375,120000.0
3869,1,6,5,1,0.0,0.0,4,1,1,2,1,18,0,0,0,1,1,0,0,0,0,1,0,0,0,0,1,0,0,1,0,1,1,0,0,0,0,1,0,0,1,0,0,0,1,0,0,0,0,0,941384.1875,950000.0
3879,1,4,0,1,0.0,0.0,4,1,0,2,1,3,0,0,0,0,0,0,0,1,0,0,0,0,0,0,1,0,1,0,1,0,0,0,0,0,0,0,0,0,0,0,0,0,1,0,0,0,0,0,280285.875,285000.0
1469,0,3,2,1,0.0,1.0,2,1,0,1,1,3,1,0,0,0,0,0,0,0,0,0,0,0,0,0,0,1,0,0,0,0,0,0,1,0,0,0,0,0,1,0,1,0,0,0,0,0,0,0,699.3182373046875,1100.0
1429,0,3,2,1,0.0,5.0,2,1,1,1,1,1,0,1,0,0,0,0,0,0,0,0,0,0,0,0,0,0,0,0,0,0,0,0,1,0,0,0,0,0,1,0,0,0,1,0,0,0,0,0,668.8885498046875,1100.0
1485,0,3,4,1,0.0,3.0,3,1,0,1,1,4,0,0,0,1,0,0,1,0,0,0,0,0,1,0,0,1,1,0,0,0,0,0,1,0,0,0,0,1,1,0,0,0,1,0,0,0,0,0,1272.6385498046875,1650.0
1429,0,3,2,1,0.0,3.0,2,1,1,1,1,1,1,0,0,0,0,1,0,0,0,0,0,0,0,0,0,0,0,0,0,0,0,0,1,0,0,0,0,0,1,0,0,0,1,0,0,0,0,0,740.7440185546875,1200.0
1471,1,2,5,1,0.0,0.0,4,1,3,1,1,10,0,0,0,1,1,0,0,0,0,0,0,0,0,0,1,0,1,1,0,0,1,0,0,0,0,0,0,0,0,0,0,0,0,0,0,0,0,1,603919.9375,1000000.0
3286,0,3,0,1,0.0,0.0,2,1,0,1,1,4,0,0,0,0,0,0,0,1,0,0,0,0,1,0,0,0,0,0,1,0,0,0,0,0,0,0,0,0,0,0,0,0,1,0,0,0,0,0,413.1522521972656,600.0
3402,1,2,3,3,0.0,2.0,4,1,1,1,1,1,0,0,0,1,0,0,1,0,0,0,0,0,0,0,1,0,1,0,1,0,0,0,1,0,0,0,0,1,1,0,0,0,1,0,0,0,0,0,443014.125,450000.0
3403,1,2,2,1,0.0,3.0,2,1,0,0,1,1,0,0,0,1,0,0,1,0,0,1,0,0,0,0,1,0,0,1,1,0,0,0,1,0,0,0,0,1,1,0,0,1,0,0,0,0,0,0,348076.3125,350000.0
3395,1,2,2,1,0.0,4.0,3,1,1,1,1,1,0,0,0,0,0,0,0,1,0,0,0,0,0,0,1,0,1,0,1,0,0,0,1,0,0,0,0,0,1,0,0,0,1,0,0,0,0,0,191969.578125,425000.0
3421,1,2,3,1,0.0,2.0,4,1,0,1,2,0,0,0,0,0,0,0,1,0,0,1,1,0,1,0,1,0,0,1,0,0,0,0,1,0,0,0,0,1,1,0,0,1,0,0,0,0,0,0,283152.6875,280000.0
3424,1,2,3,1,0.0,5.0,3,1,0,1,1,0,0,0,0,1,0,0,1,0,0,1,0,0,0,0,1,0,0,0,1,0,0,0,1,0,0,0,0,1,1,0,0,1,0,0,0,0,0,0,298540.9375,300000.0
3401,1,2,2,3,0.0,4.0,3,1,0,0,1,3,0,0,0,1,1,0,0,0,0,0,0,0,0,0,1,0,1,1,0,0,0,0,1,0,0,0,0,0,1,0,0,0,1,0,0,0,0,0,183642.796875,300000.0
3400,1,2,2,1,0.0,5.0,4,1,1,0,1,1,0,0,0,1,0,0,1,0,0,1,0,0,0,0,1,0,0,1,1,0,0,0,1,0,0,0,0,1,1,0,0,1,0,0,0,0,0,0,322967.1875,325000.0
3424,1,2,3,1,0.0,5.0,3,1,0,1,1,0,0,0,0,1,0,0,1,0,0,1,0,0,0,0,1,0,1,0,1,0,0,0,1,0,0,0,0,0,1,0,0,0,1,0,0,0,0,0,315941.21875,315000.0
3418,0,3,2,1,0.0,5.0,4,1,0,0,1,1,0,0,0,1,1,0,1,0,0,0,0,0,0,0,0,0,1,1,1,0,0,0,1,0,0,0,0,0,1,0,1,0,0,0,0,0,0,0,1362.7205810546875,1800.0
3422,1,2,0,3,0.0,0.0,1,1,1,0,0,0,0,0,0,1,0,0,1,0,0,0,0,1,0,0,0,1,1,0,0,0,0,0,1,0,0,0,0,0,1,0,1,0,0,0,0,0,0,0,169108.890625,70000.0
2107,1,2,3,1,0.0,0.0,4,1,1,0,1,1,0,0,0,1,1,0,1,0,0,0,0,0,0,0,1,0,0,1,1,0,0,0,1,0,0,0,0,0,1,0,0,0,1,0,0,0,0,0,373488.125,375000.0
3407,0,3,2,1,0.0,4.0,3,1,1,1,1,2,0,0,0,0,1,0,1,0,0,1,0,0,0,0,1,0,0,1,1,0,0,0,1,0,0,0,0,0,1,0,0,0,1,0,0,0,0,0,536.7869873046875,1150.0
5098,1,7,4,1,0.0,0.0,4,1,0,1,1,4,0,0,0,1,1,0,0,0,0,1,0,0,1,0,1,0,1,0,0,0,0,0,0,0,0,0,0,0,0,0,0,1,1,0,0,0,0,0,553854.5625,550000.0
5112,1,4,3,1,0.0,3.0,3,1,0,0,0,2,0,0,0,1,0,0,1,0,0,0,0,0,1,0,0,0,0,0,0,0,0,0,0,0,0,0,0,1,0,0,0,0,0,0,1,0,0,0,322328.125,475000.0
3285,1,6,0,3,0.0,1.0,2,1,0,1,1,6,0,0,0,0,1,0,0,0,0,0,0,0,1,0,0,1,0,0,0,0,0,0,0,0,0,0,0,0,1,0,1,0,0,0,0,0,0,0,139573.515625,140000.0
3288,1,2,0,1,0.0,0.0,2,1,0,2,0,3,1,0,0,0,0,0,0,0,0,0,0,0,0,0,1,0,0,0,1,0,0,0,0,0,0,1,0,0,1,0,0,0,1,0,0,0,0,0,44716.80859375,40000.0
3295,1,4,3,1,0.0,0.0,4,1,0,2,1,9,0,0,0,1,1,0,0,0,0,0,0,0,1,0,0,1,1,0,0,0,0,0,0,0,0,0,0,0,1,0,0,0,1,0,0,0,0,0,282803.78125,270000.0
514,0,3,2,1,0.0,1.0,1,1,0,1,0,4,1,0,0,0,0,0,1,0,0,0,0,0,0,0,0,0,0,0,0,0,0,0,1,0,0,0,0,0,1,0,1,0,0,0,0,0,0,0,768.3807373046875,850.0
517,0,3,3,1,0.0,2.0,2,1,1,1,1,2,1,0,0,0,1,0,0,0,0,0,0,0,0,1,0,0,0,0,0,0,0,0,1,0,0,0,0,0,0,0,1,0,0,0,0,0,0,0,1092.1580810546875,900.0
513,0,3,3,1,0.0,12.0,2,1,0,1,0,3,1,0,0,0,0,0,1,0,0,0,0,0,1,0,0,1,0,1,0,0,0,0,1,0,0,0,0,0,1,0,0,1,1,0,0,0,0,0,1441.9940185546875,825.0
5319,1,7,1,1,0.0,1.0,3,1,1,1,1,0,0,0,0,1,1,0,1,0,0,0,0,0,1,0,0,1,0,1,0,0,0,0,0,0,0,0,0,0,1,0,0,1,1,0,0,0,0,0,225206.921875,200000.0
5328,0,3,0,1,0.0,3.0,3,1,1,1,1,0,0,0,0,1,0,1,1,0,0,0,0,0,1,0,0,1,1,0,0,0,0,0,0,0,0,0,0,0,1,0,0,1,1,0,0,0,0,0,725.3094482421875,795.0
5330,0,3,1,1,0.0,2.0,2,1,1,1,1,0,1,0,0,0,1,0,1,0,0,0,0,0,0,0,0,0,0,0,0,0,0,0,0,0,0,0,0,1,0,0,0,1,1,0,0,0,0,0,1019.5721435546875,600.0
5322,1,2,0,1,0.0,1.0,3,1,1,1,1,0,0,0,0,1,1,0,1,0,0,0,0,0,1,0,1,0,0,1,0,0,0,0,0,0,0,0,0,0,1,0,0,1,1,0,0,0,0,0,224095.828125,170000.0
5317,1,7,1,1,0.0,3.0,4,1,1,1,1,1,0,0,0,1,0,0,1,0,0,1,0,0,1,0,1,0,0,1,0,0,0,0,0,0,0,0,0,0,1,0,0,1,1,0,0,0,0,0,224856.65625,230000.0
3883,1,2,2,1,0.0,1.0,3,1,1,2,1,1,1,0,0,1,0,0,1,0,0,0,0,0,1,0,1,0,1,0,0,0,0,0,0,0,0,0,0,0,1,0,0,1,1,0,0,0,0,0,178433.53125,185000.0
5324,1,2,2,3,0.0,1.0,4,1,1,0,1,3,0,0,0,1,0,1,1,0,0,0,0,0,1,0,1,0,0,0,1,0,0,0,0,0,0,0,0,0,1,0,0,1,1,0,0,0,0,0,221166.828125,220000.0
949,1,7,0,1,0.0,1.0,2,1,1,1,1,0,0,0,0,1,1,0,1,0,0,0,0,0,1,0,0,1,0,0,1,0,0,0,0,0,0,0,0,0,1,0,0,1,1,0,0,0,0,0,134761.734375,135000.0
5325,1,7,1,1,0.0,4.0,2,1,1,2,1,0,1,0,0,0,0,0,1,0,0,0,0,0,1,0,1,0,0,0,1,0,0,0,0,0,0,0,0,0,1,0,0,0,1,0,0,1,0,0,172367.34375,170000.0
948,1,7,0,1,0.0,1.0,2,1,1,1,1,1,0,0,0,1,0,1,1,0,0,0,0,0,1,0,1,0,0,0,1,0,0,0,0,0,0,0,0,0,1,0,0,1,1,0,0,0,0,0,157301.71875,135000.0
5327,1,4,4,1,0.0,3.0,4,1,1,2,1,4,0,0,0,1,0,0,1,0,0,1,0,0,1,0,1,1,0,0,0,0,0,0,0,0,0,0,0,1,1,0,0,0,0,0,1,0,0,0,423979.8125,425000.0
5335,0,3,0,1,0.0,0.0,2,1,1,2,1,0,0,0,0,1,0,0,1,0,0,1,0,0,1,0,0,0,0,1,1,0,0,0,0,0,0,0,0,0,1,0,0,1,1,0,0,0,0,0,314.2530822753906,700.0
3898,1,7,3,1,0.0,1.0,4,1,1,2,1,3,0,0,0,1,1,0,1,0,0,0,0,0,1,0,0,1,0,1,0,0,0,0,0,0,0,0,0,1,1,0,0,0,1,0,0,0,0,0,323466.78125,300000.0
3905,1,4,2,1,0.0,1.0,3,1,1,1,1,2,0,0,0,1,0,0,1,0,0,1,0,0,1,0,1,0,0,0,1,0,0,0,0,0,0,0,0,0,1,0,0,1,1,0,0,0,0,0,234460.609375,230000.0
5332,1,7,2,1,0.0,4.0,3,1,1,2,1,1,0,0,0,1,0,0,1,0,0,0,0,0,1,0,1,0,0,0,1,0,0,0,0,0,0,0,0,0,1,0,0,1,1,0,0,0,0,0,276217.15625,260000.0
5201,0,3,0,1,0.0,1.0,3,1,0,1,1,1,0,0,0,1,0,0,1,1,0,0,0,0,1,0,0,0,0,1,1,0,0,0,0,0,0,0,0,0,1,0,0,1,1,0,0,0,0,0,794.7781982421875,650.0
697,1,4,4,4,0.0,1.0,3,1,1,1,1,6,0,0,0,0,1,0,0,0,0,0,0,0,1,0,0,0,0,1,1,0,1,0,1,0,0,0,0,0,1,0,0,1,1,0,0,0,0,0,396546.78125,450000.0
1660,0,3,1,1,0.0,3.0,3,1,0,1,1,9,0,0,0,0,0,0,1,0,0,0,0,0,0,0,0,0,0,0,1,0,1,0,0,0,0,0,0,0,1,0,0,0,1,0,0,0,0,0,135.07998657226562,825.0
1674,1,6,3,1,0.0,1.0,4,1,0,1,1,12,0,0,0,1,1,0,1,0,0,0,0,0,0,0,0,1,0,0,1,0,1,0,0,0,0,0,0,0,1,0,0,0,1,0,0,0,0,0,346917.5,340000.0
1639,0,3,3,1,0.0,0.0,3,1,0,1,1,7,0,0,0,1,1,0,1,0,0,0,0,0,1,0,0,1,1,0,0,0,1,0,0,0,0,0,0,0,1,0,0,0,1,0,0,0,0,0,719.9881591796875,800.0
1622,0,3,3,1,0.0,3.0,3,1,0,1,2,5,1,0,0,0,1,0,0,0,0,0,0,0,0,0,0,0,0,0,1,0,1,0,0,0,0,0,0,0,1,0,0,0,1,0,0,0,0,0,1079.8299560546875,850.0
1834,0,3,2,1,0.0,1.0,3,1,0,0,1,8,0,0,0,1,1,0,1,0,0,0,0,0,0,0,0,1,0,0,1,0,1,0,0,0,0,0,0,0,1,0,0,0,1,0,0,0,0,0,604.7205810546875,700.0
1679,0,3,1,1,0.0,1.0,2,1,0,1,0,6,0,0,0,1,0,0,1,0,0,0,0,0,0,0,0,1,0,0,1,0,1,0,0,0,0,0,0,0,1,0,0,0,1,0,0,0,0,0,664.5135498046875,650.0
1618,0,3,2,1,0.0,4.0,2,1,0,1,1,7,0,0,0,1,0,0,1,0,0,0,0,0,0,0,0,0,0,0,1,0,1,0,0,0,0,0,0,0,1,0,0,0,1,0,0,0,0,0,1258.4315185546875,800.0
1649,1,7,3,1,0.0,0.0,3,1,0,1,1,9,0,0,0,1,1,0,1,0,0,0,0,0,0,0,0,1,0,0,1,0,1,0,0,0,0,0,0,0,1,0,0,0,1,0,0,0,0,0,335813.1875,350000.0
1664,1,6,1,1,0.0,0.0,3,1,0,1,1,6,0,0,0,0,0,0,0,1,0,0,0,0,0,0,0,1,0,0,1,0,1,0,0,0,0,0,0,0,1,0,0,0,1,0,0,0,0,0,202540.625,200000.0
2402,0,3,4,1,0.0,4.0,4,1,0,3,2,5,0,0,0,1,0,0,0,0,0,0,0,0,1,0,0,1,0,0,0,0,0,0,0,0,0,0,0,0,0,0,0,0,1,0,0,0,0,0,1483.5604248046875,1349.0
2401,1,6,1,1,0.0,1.0,3,1,2,1,1,3,0,0,0,0,0,0,0,0,0,0,0,0,0,0,0,1,0,0,0,0,0,0,0,0,0,0,0,0,0,0,0,0,1,0,0,0,0,0,287026.59375,285000.0
1227,1,2,4,1,0.0,3.0,3,1,1,1,1,0,1,0,0,0,1,0,0,0,0,0,0,0,1,0,0,1,0,1,0,0,0,0,1,0,0,0,0,1,1,0,0,0,0,0,0,0,0,0,392320.0625,450000.0
1208,1,4,1,1,0.0,0.0,1,1,1,1,0,0,0,0,0,0,0,0,0,1,0,0,0,0,0,0,0,0,0,0,0,0,0,0,1,0,0,0,0,0,1,0,0,0,1,0,0,0,0,0,191011.625,200000.0
1212,1,2,2,1,0.0,0.0,1,1,1,1,1,1,1,0,0,0,0,1,0,0,0,0,0,0,0,0,0,0,0,0,0,1,1,1,0,0,0,0,0,0,0,0,1,0,0,0,0,0,0,0,290955.84375,300000.0
1220,1,4,2,1,0.0,14.0,2,1,1,1,0,0,0,0,0,1,1,0,1,0,0,0,0,0,1,0,0,1,0,1,0,0,1,0,0,0,0,0,0,1,0,0,0,0,0,0,0,0,0,0,405713.15625,400000.0
1225,1,4,3,1,0.0,3.0,3,1,1,1,0,1,1,0,0,0,1,0,0,0,0,0,0,0,1,0,0,1,0,1,0,0,0,0,1,0,0,0,0,1,1,0,0,0,0,0,0,0,0,0,398141.03125,400000.0
1218,1,4,3,1,0.0,2.0,3,1,1,1,1,1,0,0,0,1,1,0,0,0,0,0,0,0,1,0,0,1,0,1,0,0,1,0,0,0,0,0,0,1,1,0,0,0,0,0,0,0,0,0,483193.875,475000.0
1228,1,2,4,4,0.0,5.0,3,1,1,0,0,2,0,0,0,1,1,0,0,0,0,0,0,0,1,0,0,0,0,1,1,0,1,0,0,0,0,0,0,1,0,0,0,0,1,0,0,0,0,0,676534.875,675000.0
3978,1,6,1,1,0.0,1.0,1,1,0,1,0,1,1,0,0,0,0,1,1,0,0,0,0,0,0,0,0,0,0,0,0,0,1,0,0,0,0,1,0,0,1,0,1,0,0,0,0,0,0,0,294198.1875,300000.0
2991,1,2,5,1,0.0,3.0,5,1,0,1,1,6,1,0,0,0,0,0,1,0,0,1,0,0,1,0,1,0,0,1,0,0,0,0,0,0,0,0,0,0,1,0,0,0,1,0,0,0,0,0,531802.8125,540000.0
946,1,7,5,1,0.0,3.0,4,1,2,2,1,1,0,0,0,1,1,1,0,0,0,0,0,0,1,0,1,1,0,0,0,0,0,0,0,0,0,0,0,1,1,0,0,0,0,0,1,0,0,0,387789.6875,400000.0
2838,1,4,4,1,0.0,2.0,4,1,1,2,1,5,0,0,0,1,1,0,1,0,0,0,0,0,1,0,0,0,0,1,1,0,0,0,1,0,0,0,0,0,1,0,0,1,1,0,0,0,0,0,474892.15625,475000.0
3015,1,2,2,1,0.0,1.0,1,1,1,0,1,0,0,0,0,1,0,0,0,0,0,0,0,0,1,0,0,0,0,0,0,0,0,0,0,0,0,0,0,0,0,0,1,0,0,0,0,0,0,0,349321.71875,350000.0
1056,1,6,4,1,0.0,0.0,2,1,0,1,1,2,1,0,0,0,0,0,1,0,0,0,0,0,1,1,0,0,0,0,1,0,0,1,0,0,0,0,0,1,1,0,0,0,1,0,0,0,0,0,348627.03125,160000.0
502,0,3,1,1,0.0,2.0,2,1,1,2,0,2,0,1,0,0,0,0,0,0,0,0,0,0,1,0,0,0,0,0,0,0,0,0,1,0,0,0,0,0,0,0,0,0,0,1,0,0,0,0,1277.1209716796875,950.0
507,1,2,3,1,0.0,0.0,2,1,1,1,0,3,0,0,0,0,0,0,0,0,0,0,0,1,0,1,0,0,0,0,0,0,0,1,0,0,0,0,0,0,0,0,1,0,0,0,0,0,0,0,429937.5,570000.0
505,0,3,4,1,0.0,3.0,5,1,1,1,1,7,0,0,0,1,0,0,0,0,0,0,0,0,1,0,0,0,0,0,0,0,0,0,1,0,0,0,0,0,0,0,0,0,1,0,0,0,0,0,2390.962890625,2600.0
1330,0,3,2,1,0.0,6.0,4,1,1,1,1,2,0,0,0,0,0,0,0,1,0,0,0,0,0,0,1,0,1,1,0,0,0,0,1,0,0,0,0,0,0,0,0,0,1,0,0,0,0,0,769.7987060546875,1200.0
1392,1,7,5,1,0.0,5.0,4,1,2,2,0,6,0,0,0,1,1,0,1,0,0,0,0,0,0,0,1,1,0,0,1,0,1,0,0,0,0,0,0,0,1,0,1,0,1,0,0,0,0,0,532990.5,550000.0
1378,0,3,3,1,0.0,0.0,3,1,1,2,1,3,0,0,0,1,0,0,0,0,0,0,0,0,0,0,1,1,0,0,1,0,0,1,0,0,0,0,0,0,0,0,0,0,1,0,0,0,0,0,1851.4080810546875,1750.0
1382,1,6,4,3,0.0,1.0,3,1,1,1,2,5,0,0,0,0,1,0,0,0,0,0,0,0,0,0,0,1,0,1,1,0,1,0,0,0,1,0,0,1,1,0,0,0,1,0,0,0,0,0,383486.625,380000.0
5116,0,3,0,1,0.0,0.0,2,1,1,1,0,0,0,0,0,0,0,0,0,1,0,0,0,0,1,0,1,0,0,0,1,0,0,0,0,0,0,0,0,0,1,0,0,1,1,0,0,0,0,0,752.4002685546875,360.0
455,1,4,2,1,0.0,2.0,2,1,1,2,1,2,0,0,0,0,0,0,0,1,0,0,0,0,0,0,0,0,0,0,0,0,0,1,0,0,0,0,0,0,0,0,0,0,1,0,0,0,0,1,494056.5,500000.0
5160,1,2,3,3,0.0,1.0,3,1,1,1,0,1,0,0,0,1,0,0,1,0,0,1,0,0,1,0,0,0,0,1,1,0,0,0,1,0,0,0,0,1,1,0,0,0,1,0,0,0,0,0,383897.34375,475000.0
5159,1,4,3,3,0.0,1.0,3,1,1,1,0,1,0,0,0,1,1,0,1,0,0,0,0,0,1,0,0,1,0,1,0,0,0,0,1,0,0,0,0,1,0,0,0,1,1,0,0,0,0,0,496919.4375,500000.0
1238,1,2,4,1,0.0,0.0,3,1,1,2,1,0,0,0,0,1,1,0,1,0,0,0,0,0,1,0,0,0,0,1,1,0,0,0,1,0,0,0,0,1,1,0,0,0,1,0,0,0,0,0,702232.625,685000.0
2878,1,4,3,1,0.0,0.0,3,1,1,2,1,5,1,0,0,1,0,0,1,0,0,0,0,0,1,0,0,1,0,0,1,0,0,0,1,0,0,0,0,0,1,0,0,1,1,0,0,0,0,0,306577.5,325000.0
3944,1,4,3,4,0.0,8.0,5,1,2,2,1,2,0,0,0,0,0,0,0,1,0,0,0,0,1,0,0,1,0,0,0,0,0,0,1,0,0,0,0,1,0,0,0,0,0,0,0,0,0,0,732285.25,725000.0
3945,1,4,2,1,0.0,2.0,2,1,1,1,1,1,0,0,0,0,0,0,0,1,0,0,0,0,0,1,0,0,0,1,1,0,0,0,1,0,0,0,0,1,1,0,0,0,0,0,0,0,0,0,399472.1875,400000.0
3970,1,6,1,1,0.0,0.0,1,1,1,1,1,0,0,0,0,0,0,0,0,1,0,0,0,0,0,0,0,0,0,0,0,0,0,0,1,0,0,0,0,0,1,0,0,0,1,0,0,0,0,0,262926.96875,250000.0
3955,1,6,3,1,0.0,0.0,4,1,2,2,1,1,0,0,0,0,0,0,0,1,0,0,0,0,1,0,0,0,0,0,0,0,0,0,0,0,0,0,0,1,1,0,0,0,0,0,0,0,0,0,632299.625,625000.0
3956,1,4,2,1,0.0,3.0,4,1,1,3,1,1,0,0,0,0,0,0,0,1,0,0,0,0,1,0,0,1,0,0,0,0,1,0,0,0,0,0,0,0,1,0,0,0,1,0,0,0,0,0,734882.375,725000.0
3952,1,4,2,1,0.0,1.0,2,1,1,1,0,0,0,0,0,0,0,0,0,1,0,0,0,0,0,0,0,0,0,0,0,0,0,0,0,0,0,0,0,0,0,0,0,0,1,0,0,0,0,0,397169.4375,400000.0
3949,1,1,2,1,0.0,0.0,2,1,1,1,1,1,0,0,0,0,0,0,0,1,0,0,0,0,0,0,0,0,0,0,0,0,0,0,1,0,0,0,0,1,0,0,0,0,0,0,0,0,0,0,495561.59375,500000.0
3952,1,4,2,1,0.0,1.0,2,1,1,1,0,0,0,0,0,0,0,0,0,1,0,0,0,0,0,0,0,0,0,0,0,0,0,0,0,0,0,0,0,0,0,0,0,0,1,0,0,0,0,0,397169.4375,390000.0
3948,1,2,2,1,0.0,0.0,2,1,1,1,0,2,1,0,0,0,0,0,0,0,0,0,0,0,0,0,0,0,0,0,0,1,0,1,0,0,0,0,0,1,1,0,0,0,0,0,0,0,0,0,212678.28125,425000.0
3951,1,2,3,1,0.0,1.0,2,1,1,1,0,1,0,0,0,0,0,0,0,0,0,0,0,0,0,0,0,0,1,0,0,0,1,1,0,0,0,0,0,1,1,0,0,0,0,0,0,0,0,0,346752.875,430000.0
3947,1,2,3,1,0.0,0.0,3,1,1,2,1,1,0,0,0,0,0,0,0,0,0,0,0,0,1,0,0,0,0,1,0,0,0,0,0,0,0,0,0,0,1,0,0,0,1,0,0,0,0,0,509480.625,550000.0
3944,1,6,3,4,0.0,0.0,5,1,2,2,1,2,0,0,0,0,0,0,0,1,0,0,0,0,1,0,0,1,0,0,0,0,0,0,1,0,0,0,0,1,0,0,0,0,0,0,0,0,0,0,724725.3125,725000.0
3971,1,1,2,1,0.0,1.0,1,1,1,1,0,0,0,0,0,0,1,0,0,0,0,1,0,0,0,1,0,1,0,0,0,0,0,0,1,0,0,0,0,1,1,0,0,0,0,0,0,0,0,0,274037.4375,275000.0
4741,1,4,3,1,0.0,3.0,4,1,1,2,0,2,0,0,0,0,0,0,0,1,0,0,0,0,1,0,0,1,0,0,0,0,1,0,0,0,0,0,0,1,1,0,0,0,0,0,0,0,0,0,596973.25,600000.0
3953,0,3,2,1,0.0,8.0,2,1,1,1,1,1,0,0,0,0,0,0,0,0,0,0,0,0,0,0,0,0,0,0,0,0,0,0,0,0,0,0,0,0,0,0,0,0,1,0,0,0,0,0,680.6502685546875,1400.0
5166,1,2,2,1,0.0,0.0,0,0,1,0,1,1,1,0,0,0,0,0,1,0,0,0,0,0,0,1,0,0,0,0,0,0,0,0,1,0,0,0,0,0,0,0,0,0,1,0,0,0,0,0,371377.5,380000.0
5166,0,3,2,1,0.0,10.0,0,0,1,1,1,1,1,0,1,0,0,0,1,0,0,0,0,0,0,1,1,0,0,0,0,0,0,0,1,0,0,0,0,0,0,0,0,0,1,0,0,0,0,0,1141.8787841796875,1300.0
2382,1,2,3,1,0.0,0.0,4,1,0,1,1,5,0,0,0,1,0,0,1,0,0,1,0,0,1,0,0,1,0,1,0,0,1,0,0,0,0,0,0,0,1,0,1,0,0,0,0,0,0,0,378023.125,385000.0
2388,1,2,1,1,0.0,1.0,2,1,1,0,1,0,0,0,0,1,0,0,1,0,0,0,0,0,1,0,1,0,0,1,0,0,0,0,0,0,0,0,0,0,1,0,0,1,1,0,0,0,0,0,238606.40625,240000.0
2396,1,2,1,1,0.0,0.0,2,1,1,1,1,0,0,0,0,1,0,0,1,0,0,1,0,0,0,0,1,0,0,1,0,0,0,0,0,0,0,0,0,0,1,0,0,0,0,0,0,0,0,1,283379.53125,280000.0
2389,1,4,4,1,0.0,1.0,4,1,0,0,1,4,0,0,0,1,1,0,1,0,0,0,0,0,1,0,0,1,0,1,0,0,0,0,0,0,0,0,0,0,1,0,0,0,1,0,0,0,0,0,422333.375,420000.0
2380,1,4,3,1,0.0,2.0,4,1,0,1,1,3,0,0,0,1,1,0,1,0,0,0,0,0,1,0,1,1,0,0,0,0,0,0,0,0,0,0,0,0,1,0,0,0,1,0,0,0,0,0,279493.0,400000.0
2384,1,4,1,1,0.0,1.0,3,1,1,1,1,3,0,0,0,0,0,0,0,1,0,0,0,0,1,0,0,1,0,1,0,0,1,0,0,0,0,0,0,1,1,0,0,1,0,0,0,0,0,0,222193.734375,225000.0
2391,1,2,4,1,0.0,1.0,3,1,0,1,1,3,0,0,0,1,1,0,1,0,0,0,0,0,1,0,1,0,0,0,1,0,0,0,0,0,0,0,0,0,1,0,0,0,1,0,0,0,0,0,416122.40625,415000.0
558,1,2,2,1,0.0,1.0,2,1,1,1,1,3,0,0,0,1,1,0,1,0,0,0,0,0,1,0,1,0,0,0,1,0,1,0,0,0,0,0,0,0,1,0,0,0,1,0,0,0,0,0,292243.75,290000.0
2392,1,4,3,1,0.0,1.0,3,1,1,1,1,3,0,0,0,1,1,0,1,0,0,0,0,0,1,0,0,0,0,1,1,0,0,0,0,0,0,0,0,0,1,0,0,0,1,0,0,0,0,0,367283.90625,370000.0
2450,1,4,3,1,0.0,2.0,4,1,1,2,1,2,0,0,0,1,0,0,1,0,0,0,0,0,1,0,1,0,0,0,1,0,0,0,0,0,0,0,0,0,1,0,0,0,1,0,0,0,0,0,353540.375,350000.0
2393,1,0,5,1,0.0,1.0,5,1,0,0,1,2,0,0,0,1,1,0,1,0,0,0,0,0,0,0,1,1,0,0,1,0,0,0,0,0,0,0,0,0,1,0,0,0,1,0,0,0,0,0,670004.0,445000.0
2387,1,4,2,1,0.0,0.0,4,1,0,1,1,1,0,0,0,1,1,1,0,0,0,0,0,0,0,0,1,0,0,1,1,0,0,0,0,0,0,0,0,0,1,0,0,0,1,0,0,0,0,0,217908.453125,335000.0
2415,1,2,2,1,0.0,1.0,3,1,0,1,1,4,0,0,1,1,0,0,1,0,0,0,0,0,0,0,0,0,1,1,1,0,0,0,0,0,0,0,0,0,1,0,0,0,1,0,0,0,0,0,290022.84375,290000.0
2446,1,4,1,1,0.0,1.0,3,1,0,1,1,1,0,0,0,1,1,0,1,0,0,0,0,0,1,0,1,0,0,0,1,0,0,0,0,0,0,0,0,0,1,0,0,0,1,0,0,0,0,0,281892.8125,285000.0
2380,1,2,4,1,0.0,1.0,4,1,0,1,2,4,0,0,0,1,1,0,1,0,0,0,0,0,1,0,1,1,0,0,0,0,0,0,0,0,0,0,0,0,1,0,0,0,1,0,0,0,0,0,414127.0625,425000.0
2394,1,4,5,1,0.0,1.0,5,1,0,1,1,2,0,0,0,1,1,0,1,0,0,0,0,0,1,0,1,1,0,0,0,0,0,0,0,0,0,0,0,0,1,0,0,0,0,0,1,0,0,0,491623.5,500000.0
2389,1,2,4,3,0.0,2.0,4,1,1,3,1,7,0,0,0,1,1,0,1,0,0,0,0,0,1,0,0,0,1,0,1,0,0,0,0,0,0,0,0,0,1,0,0,0,1,0,0,0,0,0,484520.6875,480000.0
2377,1,2,1,1,0.0,0.0,2,1,1,1,1,0,0,0,0,0,0,0,0,1,0,0,0,0,1,0,0,0,1,1,0,0,1,0,0,0,0,0,0,0,1,0,0,0,1,0,0,0,0,0,223001.484375,220000.0
2378,1,4,2,1,0.0,1.0,3,1,1,0,1,5,0,0,0,1,1,0,1,0,0,0,0,0,1,0,1,0,0,1,0,0,0,0,0,0,0,0,0,0,1,0,0,0,1,0,0,0,0,0,237437.0625,240000.0
2383,1,7,1,1,0.0,0.0,3,1,1,1,1,0,0,0,0,1,1,0,1,0,0,0,0,0,1,0,1,0,0,0,1,0,0,0,0,0,0,0,0,0,1,0,0,0,1,0,0,0,0,0,206951.984375,240000.0
2380,1,4,5,1,0.0,1.0,4,1,0,1,0,6,0,0,0,1,1,0,1,0,0,0,0,0,1,0,1,0,0,0,1,0,0,0,0,0,0,0,0,0,1,0,0,0,1,0,0,0,0,0,615475.8125,450000.0
598,1,4,2,1,0.0,1.0,2,1,1,2,1,1,1,0,0,0,0,0,1,0,0,0,0,0,1,0,1,0,0,0,1,0,0,0,0,0,0,0,0,0,1,0,0,0,1,0,0,0,0,0,242219.890625,245000.0
2385,1,2,2,4,0.0,1.0,3,1,0,1,1,2,0,0,0,1,1,0,1,0,0,0,0,0,1,0,0,1,0,1,0,0,0,0,0,0,0,0,0,0,0,0,1,0,0,1,0,0,0,0,251829.703125,250000.0
2389,1,2,4,1,0.0,1.0,4,1,0,2,1,6,0,0,0,1,1,0,1,0,0,0,0,0,1,0,0,1,0,1,0,0,0,0,0,0,0,0,0,0,1,0,0,1,1,0,0,0,0,0,473849.34375,475000.0
611,1,2,1,1,0.0,1.0,3,1,2,2,1,0,0,0,0,1,0,0,1,0,0,0,0,0,1,0,0,0,0,1,1,0,0,0,0,0,0,0,0,0,1,0,0,0,1,0,0,0,0,0,250105.84375,240000.0
2447,1,4,2,1,0.0,1.0,3,1,1,1,1,3,0,0,0,1,1,0,1,0,0,0,0,0,0,0,1,1,0,0,1,0,0,0,0,0,0,0,0,0,1,0,0,0,1,0,0,0,0,0,265604.59375,270000.0
4090,1,7,2,1,0.0,0.0,2,1,1,1,1,3,0,0,0,0,0,0,0,1,0,0,0,0,1,0,0,0,0,1,1,0,0,0,0,0,0,0,0,1,1,0,0,1,0,0,0,0,0,0,426179.5,425000.0
1489,1,0,4,1,0.0,0.0,4,1,0,2,1,3,0,0,0,1,1,0,1,0,0,0,0,0,0,0,1,1,0,0,1,0,0,0,1,0,0,0,0,1,1,0,0,0,1,0,0,0,0,0,480527.53125,475000.0
1481,1,4,3,1,0.0,3.0,3,1,1,2,1,1,0,0,0,0,1,0,1,0,0,1,0,0,1,0,1,0,0,1,0,0,0,0,1,0,0,0,0,1,1,0,0,0,1,0,0,0,0,0,353133.09375,350000.0
3379,0,3,1,1,0.0,5.0,2,1,1,1,1,2,1,0,0,0,0,0,1,0,0,0,0,0,0,0,0,0,0,0,0,0,0,0,1,0,0,0,0,1,1,0,0,0,0,0,0,0,0,0,805.8631591796875,750.0
3562,0,3,2,1,0.0,2.0,2,1,1,1,1,2,1,0,0,0,0,0,0,0,0,0,0,0,0,0,0,0,0,0,0,0,0,0,1,0,0,0,0,0,0,0,0,1,1,0,0,0,0,0,813.8924560546875,1050.0
3565,0,3,1,1,0.0,1.0,1,1,1,1,1,0,1,0,0,0,0,0,0,0,0,0,0,0,0,0,0,0,0,0,0,0,0,0,1,0,0,0,0,0,0,0,0,1,1,0,0,0,0,0,845.3221435546875,775.0
3380,0,3,1,1,0.0,7.0,2,1,1,1,1,3,1,0,0,0,0,0,0,0,0,0,0,0,1,0,0,0,0,0,1,0,0,0,1,0,0,0,0,1,1,0,0,0,0,0,0,0,0,0,784.5740966796875,850.0
5115,0,3,0,1,0.0,4.0,1,1,1,1,0,0,0,0,0,0,0,0,0,1,1,0,0,1,0,0,0,0,0,0,0,0,0,0,0,0,0,0,0,0,1,0,0,1,1,0,0,0,0,0,988.5662841796875,450.0
812,0,3,1,1,0.0,1.0,3,1,0,0,1,2,0,0,0,1,1,0,1,0,0,0,0,0,1,0,1,0,0,0,0,0,0,0,1,0,0,0,0,1,1,0,0,0,1,0,0,0,0,0,775.7830810546875,825.0
5128,0,3,0,1,0.0,0.0,3,1,0,1,1,2,0,0,0,0,0,0,0,1,0,0,0,0,0,0,0,0,0,0,1,0,0,0,0,0,0,0,0,0,0,0,0,0,0,0,0,0,0,0,0.0,600.0
810,0,3,2,1,0.0,1.0,2,1,0,1,1,1,0,0,0,0,1,0,0,1,0,0,0,0,0,0,0,1,1,0,1,0,0,0,0,0,0,0,0,0,1,0,0,0,1,0,0,0,0,0,637.4705810546875,750.0
5128,0,3,0,1,0.0,1.0,3,1,0,1,1,2,0,0,0,0,0,0,0,1,0,0,0,0,0,0,0,0,0,0,1,0,0,0,0,0,0,0,0,0,0,0,0,0,0,0,0,0,0,0,0.0,550.0
814,0,3,0,1,0.0,4.0,2,1,0,1,0,2,0,0,0,0,0,0,0,1,0,0,0,0,1,0,0,0,0,1,0,1,0,0,1,0,0,0,0,1,1,0,0,0,1,0,0,0,0,0,402.1854553222656,525.0
811,0,3,0,1,0.0,2.0,2,1,0,1,1,1,0,0,0,0,0,0,0,1,0,0,0,0,0,0,0,0,0,0,1,1,1,0,0,0,0,0,0,0,1,0,0,1,1,0,0,0,0,0,849.9666748046875,550.0
5120,0,3,0,1,0.0,1.0,1,0,0,0,0,0,0,0,0,0,0,0,0,1,0,0,0,1,0,0,0,0,1,0,1,0,0,0,1,0,0,0,0,0,1,0,0,1,1,0,0,0,0,0,744.8768310546875,1070.0
5120,0,3,0,1,0.0,1.0,1,0,0,0,0,0,0,0,0,0,0,0,0,1,0,0,0,1,0,0,0,0,1,0,1,0,0,0,1,0,0,0,0,0,1,0,0,1,1,0,0,0,0,0,744.8768310546875,350.0
5120,0,3,0,1,0.0,2.0,1,0,0,0,0,0,0,0,0,0,0,0,0,1,0,0,0,1,0,0,0,0,1,0,1,0,0,0,1,0,0,0,0,0,1,0,0,1,1,0,0,0,0,0,748.6932373046875,350.0
1508,1,2,5,1,0.0,2.0,4,1,1,2,1,5,0,0,0,1,1,0,1,0,0,0,0,0,1,0,0,1,0,0,1,0,1,0,0,0,0,0,0,0,0,0,1,0,0,0,0,0,0,0,815519.9375,825000.0
1504,1,2,5,1,0.0,4.0,3,1,0,2,1,8,0,0,0,1,0,0,1,0,0,1,0,0,1,0,0,0,0,1,1,0,1,0,0,0,0,0,0,1,1,0,0,0,1,0,0,0,0,0,786562.5,775000.0
1503,1,2,1,1,0.0,1.0,0,1,0,1,0,2,0,0,0,0,0,0,1,0,0,1,0,1,0,0,0,0,0,0,0,0,0,1,0,0,0,1,0,0,0,0,1,0,0,0,0,0,0,0,112526.1328125,200000.0
1514,1,2,3,1,0.0,0.0,2,1,0,1,1,2,1,0,0,0,0,0,1,0,0,0,0,1,0,1,1,0,1,0,0,0,1,0,0,0,0,1,0,0,0,0,1,0,0,1,0,0,0,0,358043.15625,350000.0
5185,1,2,3,1,0.0,0.0,2,0,0,1,1,4,1,0,0,0,0,0,0,0,0,1,0,1,0,1,0,0,0,0,0,1,1,1,0,0,0,1,0,0,0,0,1,0,0,0,0,0,0,1,340491.90625,290000.0
1924,1,4,3,1,0.0,2.0,5,1,0,1,2,7,0,0,0,0,0,0,0,1,0,0,0,0,0,0,1,1,0,0,1,0,0,0,0,0,0,0,0,0,1,0,0,0,1,0,0,0,0,0,326764.15625,325000.0
2028,1,4,0,1,0.0,2.0,4,1,0,1,1,3,0,0,0,0,0,0,1,0,0,0,0,0,1,0,0,0,0,0,0,0,0,0,0,0,0,0,0,0,1,0,0,0,1,0,0,0,0,0,158940.953125,160000.0
2035,1,4,0,3,0.0,2.0,2,1,0,1,0,3,0,0,0,0,0,0,1,0,0,0,0,0,0,0,1,1,1,0,0,0,0,0,0,0,0,0,0,0,0,0,0,0,1,0,0,0,0,0,126632.0546875,125000.0
2060,1,7,3,1,0.0,1.0,2,1,0,1,1,5,0,0,0,0,0,0,1,0,0,0,0,0,0,0,0,1,1,0,0,0,0,0,0,0,0,0,0,0,1,0,0,0,1,0,0,0,0,0,353936.15625,350000.0
1928,1,4,1,1,0.0,1.0,2,1,0,1,0,5,0,0,0,0,0,0,1,0,0,0,0,0,1,0,1,0,1,0,0,0,0,0,0,0,0,0,0,0,1,0,0,0,1,0,0,0,0,0,250893.296875,250000.0
2075,1,4,0,1,0.0,2.0,2,2,1,1,0,2,0,0,0,0,0,0,0,1,0,0,0,0,0,0,0,0,0,0,0,0,0,0,0,0,0,0,0,0,1,0,0,0,1,0,0,0,0,0,146288.421875,150000.0
2063,0,3,0,1,0.0,0.0,2,1,0,1,1,4,0,0,0,0,0,0,0,0,0,0,0,0,0,0,0,0,0,0,0,0,0,0,0,0,0,0,0,0,1,0,0,0,1,0,0,0,0,0,611.4862060546875,775.0
2066,1,4,3,1,0.0,1.0,2,1,1,1,1,8,0,0,0,0,0,0,0,1,0,0,0,0,1,0,1,0,1,0,0,0,0,0,0,0,0,0,0,0,0,0,0,0,1,0,0,0,0,0,330992.34375,325000.0
1930,0,3,0,1,0.0,12.0,2,1,0,1,0,2,1,0,0,0,0,0,1,0,0,0,0,0,1,0,1,0,1,0,0,0,0,0,0,0,0,0,0,0,1,0,0,0,1,0,0,0,0,0,867.3963623046875,750.0
2051,1,4,1,1,0.0,1.0,4,1,0,2,1,7,0,0,0,0,0,0,0,1,0,0,0,0,1,0,0,0,1,1,0,0,0,0,0,0,0,0,0,0,1,0,0,0,1,0,0,0,0,0,257730.8125,250000.0
2099,1,4,5,1,0.0,1.0,4,1,1,2,1,6,1,0,0,0,0,0,1,0,0,1,0,0,0,0,1,1,1,0,0,0,0,0,0,0,0,0,0,0,1,0,0,0,1,0,0,0,0,0,445131.9375,460000.0
2079,1,4,0,1,0.0,2.0,2,1,0,1,1,7,0,0,0,0,0,0,1,0,0,0,0,0,0,0,0,1,1,0,0,0,0,0,0,0,0,0,0,0,1,0,0,0,1,0,0,0,0,0,202991.53125,280000.0
2054,1,4,6,1,0.0,3.0,5,1,0,1,1,5,0,0,0,1,1,0,1,0,0,0,0,0,0,0,0,0,1,0,1,0,0,0,0,0,0,0,0,0,1,0,0,0,1,0,0,0,0,0,542877.9375,550000.0
2091,1,4,0,1,0.0,1.0,2,1,1,1,1,5,0,0,0,0,0,0,0,0,0,0,0,0,0,0,0,0,0,0,0,0,0,0,0,0,0,0,0,0,1,0,0,0,1,0,0,0,0,0,141352.703125,280000.0
1917,1,4,2,1,0.0,3.0,3,1,0,1,1,3,0,0,0,0,0,0,0,1,0,0,0,0,0,0,1,0,0,0,0,0,0,0,0,0,0,0,0,0,1,0,0,0,0,0,0,0,0,0,195040.390625,280000.0
3467,0,3,0,1,0.0,3.0,2,1,0,1,0,4,0,0,0,0,0,0,0,1,0,0,0,0,0,0,0,0,0,0,0,0,0,0,0,0,0,0,0,0,1,0,0,0,1,0,0,0,0,0,681.1102294921875,625.0
1932,1,4,2,1,0.0,2.0,2,1,0,1,1,4,0,0,1,1,0,0,1,0,0,0,0,0,0,0,1,1,1,0,0,0,0,0,0,0,0,0,0,1,1,0,0,0,0,0,0,0,0,1,286527.5,375000.0
1921,1,4,1,1,0.0,2.0,3,1,0,1,1,5,0,0,0,1,1,0,1,0,0,0,0,0,1,0,0,1,1,0,0,0,0,0,0,0,0,0,0,0,1,0,0,0,1,0,0,0,0,0,205258.390625,150000.0
2051,1,4,1,1,0.0,3.0,3,1,0,1,0,3,0,0,0,0,0,0,0,1,0,0,0,0,1,0,0,0,0,0,0,0,0,0,0,0,0,0,0,0,1,0,0,0,1,0,0,0,0,0,235032.484375,240000.0
2067,1,4,0,1,0.0,4.0,3,1,0,1,1,6,0,0,0,0,0,0,0,1,0,0,0,0,0,0,0,1,0,0,1,0,0,0,0,0,0,0,0,0,1,0,0,0,1,0,0,0,0,0,183923.640625,180000.0
2072,1,4,3,1,0.0,2.0,5,1,0,1,2,8,0,0,0,0,1,0,0,0,0,0,0,0,1,0,0,1,1,0,0,0,0,0,0,0,0,0,0,0,0,0,0,0,1,0,0,0,0,0,582243.75,595000.0
2036,1,7,0,1,0.0,4.0,3,1,0,2,0,4,0,0,0,0,0,0,0,1,0,0,0,0,0,0,0,1,1,0,0,0,0,0,0,0,0,0,0,0,1,0,0,0,1,0,0,0,0,0,103365.015625,100000.0
1925,1,4,5,1,0.0,0.0,5,1,0,1,2,11,0,0,0,0,1,0,1,0,0,0,0,0,0,0,0,0,1,1,1,0,0,0,0,0,0,0,0,0,1,0,0,0,1,0,0,0,0,0,732885.625,585000.0
1279,0,3,1,1,0.0,2.0,2,1,1,1,0,2,0,0,0,0,0,0,0,1,0,0,0,0,1,0,0,1,1,0,0,0,0,0,1,0,0,0,0,1,1,0,0,0,0,0,0,0,0,0,739.0526123046875,695.0
1280,1,7,3,1,0.0,2.0,3,1,1,3,1,2,0,0,0,1,1,0,1,0,0,0,0,0,1,0,1,0,0,1,0,0,1,0,0,0,0,0,0,0,1,0,0,0,1,0,0,0,0,0,404001.0625,400000.0
107,0,3,1,1,0.0,8.0,2,1,1,1,0,3,1,0,0,0,0,0,0,0,0,0,0,0,1,0,0,0,0,0,0,0,1,0,0,0,0,0,0,0,1,0,0,0,1,0,0,0,0,0,984.3416748046875,700.0
128,0,3,0,1,0.0,18.0,3,1,1,0,0,2,0,0,0,0,0,0,0,1,0,0,0,0,0,1,0,0,0,0,0,0,0,0,0,0,0,0,0,0,0,0,0,0,1,0,0,0,0,0,1041.2752685546875,650.0
113,0,3,2,1,0.0,7.0,3,1,1,2,1,4,1,0,0,0,1,0,1,0,0,0,0,0,1,0,0,0,0,0,0,0,0,0,1,0,0,0,0,0,1,0,0,0,1,0,0,0,0,0,1023.5877685546875,950.0
4455,1,6,3,1,0.0,3.0,4,1,1,3,1,6,0,0,0,1,0,1,1,0,0,0,0,0,1,0,0,1,1,0,0,0,0,0,0,0,0,0,0,0,1,1,0,0,0,0,0,0,0,1,612748.625,600000.0
559,0,3,3,1,0.0,4.0,3,1,0,2,1,6,1,0,0,0,0,0,1,0,0,0,0,0,0,1,0,0,1,0,1,0,0,0,0,0,0,0,0,0,1,0,0,0,1,0,0,0,0,0,1337.1190185546875,1325.0
4470,0,3,1,1,0.0,1.0,3,1,0,2,1,2,0,1,0,0,0,0,0,0,0,0,0,0,0,0,0,0,0,0,0,0,0,0,0,0,0,0,0,0,1,0,0,0,1,0,0,0,0,0,0.0,975.0
4339,0,3,2,1,0.0,9.0,3,1,1,1,1,3,0,0,0,1,0,0,1,0,0,0,0,0,1,0,0,0,0,1,0,0,0,0,0,0,0,0,0,0,0,0,0,0,1,0,0,0,0,0,1014.3006591796875,1350.0
4459,1,6,1,1,0.0,2.0,3,1,1,1,0,5,0,0,0,1,0,0,1,0,0,1,0,0,1,0,0,0,1,1,0,0,0,0,0,0,0,0,0,0,1,0,0,0,1,0,0,0,0,0,305506.6875,390000.0
4294,0,3,1,1,0.0,4.0,2,1,1,1,0,2,0,0,0,0,0,0,0,1,0,0,0,0,1,0,0,0,0,1,0,0,0,0,0,0,0,0,0,0,1,0,0,0,1,0,0,0,0,0,837.6346435546875,1050.0
5129,1,4,2,1,0.0,0.0,1,1,1,1,1,1,1,0,0,0,0,0,1,0,0,0,0,0,0,0,0,0,0,0,0,0,0,0,0,0,0,0,0,0,0,0,1,0,0,0,0,0,0,0,297711.46875,300000.0
5130,1,4,3,1,0.0,0.0,2,0,1,1,0,2,0,0,0,0,0,0,0,1,0,0,0,0,1,0,0,0,0,1,1,0,0,0,1,0,0,0,0,0,0,0,1,0,0,0,0,0,0,1,426725.4375,425000.0
5129,0,3,2,1,0.0,4.0,1,1,1,1,1,1,1,0,0,0,0,0,1,0,0,0,0,0,0,0,0,0,0,0,0,0,0,0,0,0,0,0,0,0,0,0,1,0,0,0,0,0,0,0,815.8885498046875,1280.0
5145,0,3,2,1,0.0,4.0,2,1,1,1,0,1,0,0,0,1,1,0,1,0,0,0,0,0,0,1,0,0,0,0,0,0,0,0,1,0,0,0,0,0,1,0,0,1,1,0,0,0,0,0,797.8846435546875,1350.0
5136,1,4,4,1,0.0,6.0,3,1,2,1,0,6,0,0,0,1,0,0,1,0,0,1,0,0,1,0,0,0,0,1,1,0,0,0,1,0,0,0,0,1,0,0,0,1,1,0,0,0,0,0,553766.875,700000.0
5137,1,4,4,1,0.0,0.0,3,1,0,1,1,3,0,0,0,1,0,0,1,0,0,1,0,0,1,0,0,0,0,1,1,0,0,0,0,0,0,0,0,1,0,0,0,1,1,0,0,0,0,0,602741.125,600000.0
5139,0,3,2,1,0.0,5.0,1,1,1,1,0,1,0,0,0,0,0,0,0,1,0,0,0,0,0,1,0,0,0,0,0,0,0,0,1,0,0,0,0,0,0,0,0,1,1,0,0,0,0,0,367.9002990722656,1000.0
5137,1,4,4,1,0.0,1.0,3,1,0,1,1,3,0,0,0,1,0,0,1,0,0,1,0,0,1,0,0,0,0,1,1,0,0,0,0,0,0,0,0,1,0,0,0,1,1,0,0,0,0,0,599075.875,600000.0
5143,1,4,3,1,0.0,1.0,3,1,1,2,1,3,0,0,0,1,1,0,1,0,0,0,0,0,0,0,1,0,0,1,1,0,0,0,0,0,0,0,0,0,1,0,0,1,1,0,0,0,0,0,495525.8125,500000.0
5147,0,3,3,1,0.0,5.0,2,1,1,1,1,6,0,0,0,0,0,0,1,1,0,0,0,0,1,0,1,0,0,1,0,0,0,0,0,0,0,0,0,0,1,0,0,0,1,0,0,0,0,0,1413.2244873046875,1750.0
2582,1,6,1,1,16.0,4.0,4,1,0,1,1,4,0,0,0,0,1,0,1,0,0,0,0,0,1,0,0,1,1,0,0,0,0,0,1,0,0,0,0,0,0,0,0,0,1,0,0,0,0,0,276450.6875,270000.0
3046,1,0,0,1,0.0,0.0,2,1,1,1,0,0,0,0,0,0,0,0,1,0,0,0,0,0,1,0,0,0,0,0,0,0,1,0,0,0,0,0,0,0,0,0,0,0,1,0,0,0,0,0,119084.296875,120000.0
671,1,4,2,1,10.0,4.0,2,1,1,1,1,3,0,0,1,0,1,0,0,0,0,0,0,0,0,1,0,0,0,0,0,0,0,0,1,0,0,0,0,0,0,0,1,0,0,0,0,0,0,0,279377.6875,275000.0
1182,0,3,2,1,4.0,1.0,2,1,1,1,1,3,0,0,0,1,0,0,1,0,0,1,0,0,1,0,1,0,0,1,0,0,0,0,1,0,0,0,0,1,1,0,0,1,0,0,0,0,0,0,1065.5604248046875,1100.0
1170,1,4,1,1,2.0,0.0,3,1,1,1,1,4,0,0,0,0,0,0,0,1,0,0,0,0,1,0,1,0,0,0,0,0,0,0,1,0,0,0,0,1,0,0,0,1,0,0,0,0,0,0,245528.265625,315000.0
1194,1,8,5,1,1.0,2.0,4,1,1,1,1,6,0,0,0,1,1,0,0,0,0,0,0,0,1,0,1,1,0,0,0,0,1,0,0,0,0,0,0,1,1,0,0,1,0,0,0,0,0,0,618447.25,625000.0
1190,1,4,6,1,16.0,8.0,5,1,1,1,1,6,0,0,0,1,1,0,1,0,0,0,0,0,1,0,0,1,1,0,0,0,1,0,0,0,0,0,0,1,1,0,0,1,0,0,0,0,0,0,949550.0,950000.0
1191,1,4,2,1,8.0,5.0,3,1,1,1,1,4,0,0,0,0,0,0,0,1,0,0,0,0,1,0,1,0,0,0,0,0,0,0,1,0,0,0,0,0,1,0,0,1,0,0,0,0,0,0,321304.5625,325000.0
1187,1,4,6,1,13.0,3.0,4,1,2,1,1,8,0,0,0,1,1,0,0,0,0,0,0,0,1,0,1,0,0,0,0,0,1,0,0,0,0,0,0,0,1,0,0,0,1,0,0,0,0,1,859071.375,875000.0
3300,1,2,3,4,13.0,4.0,3,1,1,2,1,2,0,0,0,1,1,0,0,0,0,0,0,0,0,0,0,1,1,0,1,0,0,0,0,0,0,0,0,0,0,0,0,0,1,0,0,0,0,0,325285.09375,325000.0
3304,1,6,0,1,20.0,0.0,4,1,1,1,1,1,0,0,0,0,0,0,0,1,0,0,0,0,1,0,0,1,0,0,0,0,0,0,0,0,0,0,0,1,0,0,0,0,0,0,0,0,0,0,163417.828125,191000.0
3096,1,4,0,1,7.0,3.0,2,1,1,1,1,1,0,0,0,0,0,0,0,1,0,0,0,0,1,0,0,1,0,0,0,0,0,0,0,1,0,0,0,0,1,0,0,1,0,0,0,0,0,0,147443.921875,150000.0
3095,1,6,3,1,1.0,1.0,3,1,1,2,1,3,0,0,0,1,0,0,0,0,0,0,0,0,1,0,0,0,0,0,0,0,0,0,0,0,0,1,0,0,1,0,0,1,0,0,0,0,0,0,660544.875,305000.0
4149,1,4,4,1,6.0,4.0,3,1,1,0,1,4,0,0,0,1,1,0,1,0,0,0,0,0,1,0,0,0,0,1,1,0,0,0,0,0,0,0,0,1,1,0,0,0,1,0,0,0,0,0,524395.625,535000.0
4154,1,7,2,1,5.0,3.0,2,1,1,1,0,2,0,0,0,0,0,0,1,0,0,1,1,0,1,0,0,0,0,1,1,0,0,0,0,0,0,0,0,0,1,0,0,1,1,0,0,0,0,0,287085.3125,280000.0
4109,1,7,3,1,2.0,1.0,2,1,1,1,0,4,0,0,0,1,1,0,1,0,0,0,0,0,1,0,0,0,0,1,1,0,1,0,0,0,0,0,0,0,1,0,0,0,1,0,0,0,0,0,420849.1875,425000.0
4116,1,2,3,1,15.0,10.0,3,1,1,1,1,4,0,1,0,0,0,0,0,1,0,0,0,0,1,0,0,0,0,1,1,0,0,0,0,0,0,0,0,1,0,0,0,1,1,0,0,0,0,0,412246.15625,475000.0
4126,1,4,2,1,26.0,4.0,2,1,1,1,1,2,0,0,0,0,0,0,1,0,1,1,0,0,1,0,0,0,0,1,1,0,0,0,0,0,0,0,0,1,1,0,0,0,1,0,0,0,0,0,283017.34375,325000.0
4070,1,4,5,1,10.0,2.0,4,1,1,1,1,6,0,0,0,0,1,0,1,0,0,0,1,0,1,0,0,0,0,1,1,0,0,0,0,0,0,0,0,0,1,0,0,1,1,0,0,0,0,0,609171.125,600000.0
4148,1,4,3,1,2.0,3.0,2,1,1,1,1,1,1,0,0,0,0,0,0,0,0,0,0,0,0,1,0,0,0,0,1,0,1,0,0,0,0,0,0,0,1,0,0,0,1,0,0,0,0,0,327148.5,325000.0
4105,1,4,3,1,10.0,2.0,3,1,1,1,1,2,0,0,0,0,0,0,0,1,0,0,0,0,1,0,0,0,0,1,1,0,0,0,0,0,0,0,0,1,1,0,0,1,0,0,0,0,0,0,484913.4375,475000.0
4118,1,4,4,3,6.0,6.0,3,1,1,1,1,1,0,0,0,1,0,0,1,0,0,1,0,0,1,0,0,0,0,1,1,0,0,0,0,0,0,0,0,0,0,0,1,0,0,0,0,0,0,0,461526.3125,475000.0
4106,1,7,4,1,4.0,1.0,4,1,1,0,1,3,0,0,0,1,0,0,1,0,0,1,0,0,1,0,0,0,0,1,1,0,0,0,0,0,0,0,0,1,1,0,0,0,0,0,0,0,0,1,665671.5,675000.0
4161,1,4,2,1,6.0,3.0,2,1,1,1,1,1,0,0,0,0,0,0,0,1,0,0,0,0,1,0,0,0,0,1,1,0,0,0,0,0,0,0,0,0,0,0,0,0,0,0,0,0,0,0,355107.15625,385000.0
4119,1,4,2,1,5.0,3.0,2,1,1,1,0,2,0,0,0,0,0,0,1,0,0,1,0,0,0,0,0,1,0,1,0,0,0,0,0,0,0,0,0,1,1,0,0,0,1,0,0,0,0,0,247594.390625,375000.0
4072,1,4,5,1,3.0,1.0,4,1,1,1,1,4,0,0,0,1,0,0,1,0,0,1,0,0,1,0,0,0,0,1,1,0,0,0,0,0,0,0,0,0,0,0,0,0,0,0,1,0,0,0,691063.5,700000.0
4087,1,4,3,1,9.0,3.0,3,1,1,1,1,2,1,0,0,0,1,0,1,0,0,0,0,0,1,0,0,1,0,1,0,0,0,0,0,0,0,0,0,0,1,0,0,1,1,0,0,0,0,0,349250.34375,350000.0
4085,1,4,4,1,20.0,5.0,3,1,1,1,1,4,0,0,0,0,1,0,1,0,0,1,0,0,1,0,0,0,0,1,1,0,0,0,0,0,0,0,0,0,1,0,0,1,1,0,0,0,0,0,418604.53125,375000.0
13,1,0,4,1,18.0,0.0,3,1,1,1,1,5,0,0,0,1,1,0,1,0,0,0,0,0,1,0,1,0,1,0,0,0,0,0,1,0,0,0,0,0,1,0,0,0,1,0,0,0,0,1,499217.375,245000.0
12,1,6,4,1,11.0,0.0,3,1,1,1,1,5,0,0,0,1,0,0,0,0,0,0,0,0,1,0,1,1,0,0,0,0,0,0,1,0,0,0,0,0,1,0,0,0,1,0,0,0,0,0,240044.796875,230000.0
5034,1,2,2,1,7.0,4.0,3,1,1,0,1,0,1,0,0,1,0,0,0,0,0,0,0,0,1,0,1,0,0,0,0,0,1,0,0,0,0,0,0,0,1,0,0,0,1,0,0,0,0,0,282697.03125,245000.0
5008,0,3,1,1,4.0,6.0,3,1,1,0,1,0,0,0,0,0,0,0,0,1,1,0,0,0,1,0,1,0,0,0,0,0,1,0,0,0,0,0,0,0,1,0,0,0,1,0,0,0,0,0,968.8065185546875,835.0
5063,1,2,1,1,25.0,3.0,2,1,2,0,1,0,0,0,0,0,0,0,0,1,0,0,0,0,1,0,1,1,0,0,0,0,0,0,0,0,0,0,0,0,1,0,0,0,1,0,0,0,0,0,190355.265625,190000.0
5024,1,2,4,1,7.0,3.0,4,1,1,0,1,2,0,0,0,1,1,0,0,0,0,0,0,0,1,0,1,1,0,0,0,0,0,0,0,0,0,0,0,0,1,0,0,0,1,0,0,0,0,0,391984.0,385000.0
5012,1,2,3,1,5.0,2.0,4,1,1,0,1,1,0,0,0,1,0,0,0,0,0,0,0,0,1,0,0,1,0,0,0,0,0,0,0,0,0,0,0,0,1,0,0,0,1,0,0,0,0,0,432372.625,365000.0
5015,1,4,1,1,27.0,3.0,2,1,1,0,1,0,1,0,0,1,0,0,0,0,0,0,0,0,0,0,1,1,0,0,0,0,0,0,0,0,0,0,0,0,1,0,0,0,1,0,0,0,0,0,235321.15625,170000.0
5023,1,2,6,1,9.0,3.0,4,1,1,0,1,2,0,0,0,1,1,0,0,0,0,0,0,0,0,0,1,1,0,1,0,0,0,0,0,0,0,0,0,0,1,0,0,0,1,0,0,0,0,0,691980.875,595000.0
5040,1,2,2,1,4.0,2.0,3,1,1,0,1,0,0,0,0,1,0,0,0,0,0,0,0,0,1,0,1,0,0,0,0,0,0,0,0,0,0,0,0,0,1,0,0,0,1,0,0,0,0,0,200628.234375,200000.0
5065,1,4,2,1,11.0,5.0,3,1,1,0,1,1,0,0,0,1,1,0,0,0,0,0,0,0,1,0,0,0,0,0,0,0,0,0,0,0,0,0,0,0,1,0,0,0,1,0,0,0,0,0,273422.375,270000.0
5009,1,4,1,1,9.0,1.0,3,1,1,0,1,1,0,0,0,1,0,0,1,0,0,0,0,0,1,0,1,0,0,0,0,0,0,0,0,0,0,0,0,0,1,0,0,0,1,0,0,0,0,0,190987.140625,200000.0
5035,1,4,2,1,0.0,7.0,3,1,1,2,1,0,0,0,0,1,1,0,0,0,0,0,0,0,1,0,1,1,0,0,0,0,0,0,0,0,0,0,0,0,1,0,0,0,1,0,0,0,0,0,301230.8125,300000.0
5053,1,2,1,1,8.0,6.0,2,1,1,1,1,0,0,0,0,1,1,0,0,0,0,0,0,0,1,0,1,0,0,0,0,0,0,0,0,0,0,0,0,1,1,0,0,1,0,0,0,0,0,0,208451.25,210000.0
5017,1,2,1,1,0.0,0.0,2,1,1,1,1,1,0,0,0,1,1,0,0,0,0,0,0,0,1,0,1,0,0,0,0,0,0,0,0,0,0,0,0,0,1,0,0,0,1,0,0,0,0,0,156836.46875,185000.0
5056,0,3,1,1,6.0,4.0,5,1,1,2,1,2,0,0,0,1,0,0,0,0,0,0,0,0,0,0,1,0,0,0,0,0,0,0,0,0,0,0,0,0,1,0,0,0,1,0,0,0,0,0,1285.1209716796875,1500.0
5011,1,2,1,1,11.0,3.0,3,1,1,1,1,1,1,0,0,1,1,0,0,0,0,0,0,0,0,0,1,0,0,0,0,0,0,0,0,0,0,0,0,0,1,0,0,0,1,0,0,0,0,0,267500.53125,235000.0
5064,1,4,4,1,1.0,1.0,5,1,1,1,1,2,1,0,0,0,1,0,0,0,0,0,0,0,1,0,1,0,0,0,0,0,0,0,0,0,0,0,0,0,1,0,0,0,1,0,0,0,0,0,300743.0625,300000.0
5052,1,4,4,1,12.0,4.0,4,1,1,0,1,4,0,0,0,1,1,0,0,0,0,0,0,0,1,0,1,0,0,0,0,0,0,0,0,0,0,0,0,0,1,0,0,0,1,0,0,0,0,0,402708.34375,400000.0
5031,1,2,2,1,15.0,3.0,4,1,1,0,1,3,0,0,0,1,1,0,0,0,0,0,0,0,0,0,1,0,0,0,0,0,0,0,0,0,0,0,0,0,1,0,0,0,1,0,0,0,0,0,397269.59375,420000.0
5024,1,4,4,1,4.0,1.0,4,1,1,1,1,2,0,0,0,1,0,0,0,0,0,0,0,0,1,0,1,1,0,0,0,0,0,0,0,0,0,0,0,0,1,0,0,1,0,0,0,0,0,0,386420.5,385000.0
5032,1,2,4,1,8.0,7.0,4,1,1,1,1,3,0,0,0,1,1,0,0,0,0,0,0,0,0,0,0,1,0,0,1,0,0,0,0,0,0,0,0,0,1,0,0,0,1,0,0,0,0,0,495302.9375,525000.0
5029,1,4,2,1,11.0,5.0,3,1,1,2,1,3,0,0,0,1,1,0,0,0,0,0,0,0,0,0,1,0,0,0,0,0,0,0,0,0,0,0,0,0,1,0,0,0,1,0,0,0,0,0,324783.4375,325000.0
5013,1,2,2,1,15.0,3.0,3,1,1,1,1,1,0,0,0,1,0,0,0,0,0,0,0,0,1,0,0,0,0,0,0,0,0,0,0,0,0,0,0,0,1,0,0,0,1,0,0,0,0,0,237385.40625,235000.0
5054,1,2,1,1,1.0,3.0,3,1,1,1,1,0,0,0,0,1,1,0,0,0,0,0,0,0,0,0,0,1,0,0,1,0,0,0,0,0,0,0,0,0,1,0,0,0,1,0,0,0,0,0,273777.4375,275000.0
5019,1,2,1,1,8.0,2.0,3,1,1,1,1,1,0,0,1,1,0,0,0,0,0,0,0,0,0,0,0,1,0,0,1,0,0,0,0,0,0,0,0,0,1,0,0,0,1,0,0,0,0,0,236203.953125,235000.0
5044,1,2,0,1,4.0,1.0,2,1,1,1,1,1,0,0,0,0,1,0,0,0,0,0,0,1,0,1,0,0,0,0,0,0,0,0,0,0,0,0,0,0,1,0,1,0,0,0,0,0,0,0,136780.40625,135000.0
5047,1,2,1,3,7.0,2.0,2,0,1,1,1,0,1,1,0,0,0,0,0,0,0,0,0,0,0,1,0,0,0,0,0,0,0,1,0,0,0,0,0,0,0,0,1,0,0,0,0,0,0,0,151328.265625,156000.0
5018,1,2,2,4,6.0,2.0,3,1,1,0,1,1,0,0,0,1,1,0,0,0,0,0,0,0,1,0,0,1,0,1,0,0,0,0,0,0,0,0,0,0,1,0,0,0,1,0,0,0,0,0,297625.34375,300000.0
2168,1,6,0,1,12.0,2.0,3,1,1,1,1,1,0,0,0,0,0,0,1,0,0,0,0,0,0,0,0,0,1,0,0,0,0,0,1,0,0,0,0,0,0,0,0,0,1,0,0,0,0,0,111788.3671875,110000.0
4039,0,3,3,1,17.0,4.0,2,1,0,1,1,1,0,0,0,1,0,0,0,0,0,0,0,0,1,0,0,0,0,0,0,0,0,0,1,0,0,0,0,0,0,0,0,0,1,0,0,0,0,0,1066.0916748046875,1250.0
4018,0,3,1,1,14.0,10.0,1,1,0,1,0,1,0,0,0,0,0,0,1,0,0,0,0,0,0,0,0,1,0,0,0,0,0,0,1,0,0,0,0,0,1,0,0,0,1,0,0,0,0,0,434.0799865722656,595.0
4032,0,3,3,1,21.0,3.0,2,1,1,1,1,4,0,0,0,1,0,0,0,0,0,0,0,0,0,1,0,0,0,0,1,0,0,0,1,0,0,0,0,0,0,0,0,0,1,0,0,0,0,0,1048.8260498046875,975.0
1683,1,7,0,4,2.0,4.0,2,1,1,1,0,3,0,0,0,0,0,0,0,0,0,0,0,0,0,0,0,1,0,0,1,0,0,0,0,0,0,0,0,0,0,0,0,0,1,0,0,0,0,0,72252.390625,70000.0
824,1,7,0,1,18.0,13.0,3,1,1,2,0,1,0,0,0,0,0,0,1,0,0,0,0,0,0,0,0,1,0,0,1,0,0,0,0,0,0,0,0,0,0,1,1,0,0,0,0,0,0,0,177802.5,175000.0
881,1,7,0,1,3.0,4.0,3,1,1,1,1,3,0,0,0,0,0,0,1,0,0,0,0,0,0,0,1,0,1,0,0,0,0,0,0,0,0,0,0,0,1,0,0,0,1,0,0,0,0,0,97002.5234375,100000.0
903,1,2,4,1,0.0,1.0,4,1,1,1,0,5,0,0,0,1,1,0,1,0,0,0,0,0,1,0,1,1,0,0,0,0,1,0,0,0,0,0,0,0,1,0,0,0,1,0,0,0,0,0,390102.0,460000.0
3541,1,4,1,1,1.0,1.0,3,1,0,1,1,4,0,0,0,1,1,0,0,0,0,0,0,0,0,0,1,0,0,1,1,0,0,0,0,0,0,0,0,1,0,0,0,0,1,0,0,0,0,0,191146.984375,190000.0
3115,1,7,4,1,0.0,1.0,2,1,1,0,0,0,0,0,0,0,1,1,0,0,0,0,0,0,0,1,0,0,0,0,0,0,1,0,0,0,0,0,0,0,0,0,0,1,1,0,0,0,0,0,302504.1875,300000.0
2437,0,3,5,1,4.0,2.0,5,1,0,2,0,5,0,0,0,1,1,0,1,0,0,0,0,0,1,0,1,1,0,0,0,0,0,0,0,0,0,0,0,0,1,0,0,0,1,0,0,0,0,0,0.0,2400.0
5038,0,3,1,1,0.0,1.0,2,1,1,2,1,4,1,0,0,0,0,0,1,0,0,0,0,1,0,0,0,0,0,0,0,0,0,0,1,0,0,0,0,0,0,0,0,0,1,0,0,0,0,0,758.5174560546875,695.0
2655,1,7,1,3,37.0,1.0,3,1,1,2,0,4,0,0,0,1,0,0,0,0,0,0,0,0,1,0,0,0,0,0,0,0,1,0,0,0,0,0,0,0,0,0,0,0,1,0,0,0,0,0,250747.703125,250000.0
3987,0,3,1,1,16.0,8.0,1,1,0,1,0,1,0,1,0,0,0,0,0,1,0,0,0,0,0,1,1,0,0,0,1,0,0,0,0,0,0,0,0,1,1,0,0,0,1,0,0,0,0,0,36.830474853515625,700.0
2614,1,4,5,1,17.0,5.0,4,1,0,2,1,7,0,0,0,0,1,0,1,0,0,0,1,0,0,0,1,0,1,1,0,0,0,0,0,0,0,0,0,0,1,0,0,1,1,0,0,0,0,0,482935.90625,550000.0
2611,1,4,2,1,21.0,10.0,3,1,0,2,1,3,0,0,0,1,1,0,1,0,0,0,0,0,0,0,1,0,0,1,1,0,0,0,0,0,0,0,0,0,0,0,0,0,0,0,0,0,0,0,332992.75,325000.0
2596,1,2,4,3,5.0,1.0,4,1,0,0,1,2,0,0,0,0,0,0,1,1,0,0,0,0,1,0,1,0,0,1,0,0,0,0,0,0,0,0,0,0,1,0,0,1,1,0,0,0,0,0,422741.75,425000.0
2615,1,7,3,1,10.0,1.0,4,1,0,1,1,5,0,0,0,1,0,0,1,0,0,0,0,0,0,0,1,0,0,1,0,1,0,0,0,0,0,0,0,0,0,1,0,0,1,0,0,0,0,1,570220.5,550000.0
4002,0,3,1,1,6.0,4.0,1,0,0,1,1,0,1,0,0,0,0,0,0,0,0,0,0,0,0,0,0,1,0,0,0,0,0,0,0,0,0,0,0,0,1,0,0,1,1,0,0,0,0,0,835.5115966796875,825.0
2612,0,3,2,1,16.0,10.0,4,1,1,1,1,4,0,0,0,1,1,0,1,0,0,0,0,0,0,0,1,0,0,1,0,1,0,0,0,0,0,0,0,1,1,0,0,0,1,0,0,0,0,0,1345.2088623046875,1600.0
2616,1,2,3,3,23.0,11.0,3,1,0,1,2,2,0,0,0,1,1,0,0,1,0,0,0,0,0,0,1,0,0,1,1,0,0,0,0,0,0,0,0,0,1,0,0,1,1,0,0,0,0,0,422219.375,425000.0
2617,1,2,4,3,27.0,6.0,4,1,0,0,1,3,0,0,0,1,1,0,0,1,0,0,0,0,0,0,1,0,1,1,0,0,0,0,0,0,0,0,0,1,0,0,0,1,1,0,0,0,0,0,489613.4375,485000.0
2611,1,4,2,1,58.0,3.0,4,1,0,2,1,2,0,0,0,0,0,0,1,0,0,0,0,0,0,0,0,0,1,1,1,0,0,0,0,0,0,0,0,1,0,0,0,1,1,0,0,0,0,0,471984.625,325000.0
2646,1,7,3,1,24.0,11.0,4,1,0,2,1,2,0,0,0,1,1,0,1,0,0,0,0,0,1,0,0,0,0,0,0,0,0,0,0,0,0,0,0,0,1,0,0,1,1,0,0,0,0,0,352256.75,400000.0
4751,0,3,1,1,32.0,17.0,2,1,1,1,0,3,0,1,0,1,0,0,0,0,0,0,0,0,1,0,1,0,0,0,0,0,0,0,0,0,0,0,0,0,1,0,0,0,1,0,0,0,0,0,1074.1834716796875,630.0
4985,1,4,2,1,2.0,4.0,3,1,1,1,1,3,0,0,0,1,0,0,1,0,0,0,0,0,1,0,1,0,0,1,0,0,0,0,0,0,0,0,0,0,1,0,0,0,1,0,0,0,0,0,183496.90625,185000.0
4934,1,7,2,1,3.0,2.0,3,1,1,2,1,3,0,0,0,1,1,0,1,0,0,0,0,0,1,0,0,0,1,1,0,0,0,0,0,0,0,0,0,0,1,0,0,1,0,0,0,0,0,0,294463.21875,295000.0
4917,1,7,3,1,8.0,2.0,2,1,1,1,1,4,1,0,0,0,1,0,1,0,0,0,0,0,0,1,0,0,0,0,0,0,0,0,0,0,0,0,0,0,1,0,1,0,0,0,0,0,0,0,196437.140625,200000.0
4952,1,7,1,1,9.0,5.0,3,1,1,1,1,4,0,0,0,1,0,0,1,0,0,0,0,0,1,0,1,0,1,0,0,0,0,0,0,0,0,0,0,0,1,0,0,1,0,0,0,0,0,0,170684.296875,175000.0
4973,1,7,3,1,7.0,1.0,4,1,1,2,1,5,0,0,0,1,1,0,0,0,0,0,0,0,1,0,0,1,0,0,0,0,0,0,0,0,0,0,0,0,1,0,0,0,1,0,0,0,0,0,294808.125,290000.0
4857,1,4,0,1,12.0,5.0,2,1,1,0,1,4,0,0,0,0,0,0,0,1,0,0,0,0,1,0,1,0,0,1,0,0,0,0,0,0,0,0,0,0,0,0,0,1,0,0,0,0,0,0,243201.578125,140000.0
4954,1,4,1,1,15.0,7.0,2,1,1,2,1,6,0,0,0,1,1,0,1,0,0,0,0,0,1,0,1,0,1,0,0,0,0,0,0,0,0,0,0,0,1,0,0,0,0,0,1,0,0,0,146925.984375,150000.0
5004,1,7,2,1,18.0,3.0,3,1,1,2,1,6,0,0,0,1,1,0,1,0,0,0,0,0,1,0,1,0,1,0,0,0,0,0,0,0,0,0,0,0,1,0,0,1,0,0,0,0,0,0,204393.65625,200000.0
4950,1,7,1,1,17.0,5.0,4,1,1,2,1,6,0,0,0,1,0,0,1,0,0,0,0,0,1,0,0,0,1,1,0,0,0,0,0,0,0,0,0,0,1,0,0,0,1,0,0,0,0,0,207267.203125,210000.0
4912,1,7,1,1,6.0,1.0,2,1,1,1,1,3,0,0,0,1,0,0,1,0,0,0,0,0,1,0,1,0,1,0,0,0,0,0,0,0,0,0,0,0,0,0,0,0,1,0,0,0,0,0,182979.921875,185000.0
4888,1,7,0,1,11.0,2.0,1,1,1,0,0,1,1,0,0,0,0,0,1,0,0,0,0,0,1,0,1,0,0,0,0,0,0,0,0,0,0,0,0,0,1,0,0,1,0,0,0,0,0,0,111621.5390625,115000.0
4913,1,7,4,1,8.0,2.0,4,1,1,2,1,5,0,0,0,1,1,0,1,0,0,0,0,0,1,0,1,0,1,0,0,0,0,0,0,0,0,0,0,0,1,0,0,0,1,0,0,0,0,0,333067.9375,335000.0
4893,1,7,1,1,8.0,4.0,2,2,2,2,1,1,1,0,0,0,0,0,1,0,0,0,0,0,1,0,0,0,0,0,0,0,0,0,0,0,0,0,0,0,0,0,1,0,0,0,0,0,0,0,189145.03125,150000.0
4755,1,7,1,1,13.0,1.0,2,1,1,2,1,5,0,0,0,0,0,0,0,1,0,0,0,0,1,0,1,0,1,0,0,0,0,0,0,0,0,0,0,0,0,0,0,1,1,0,0,0,0,0,216942.046875,215000.0
4745,1,7,2,1,9.0,4.0,2,1,1,1,1,2,1,0,0,0,0,0,0,0,0,0,0,0,0,0,0,0,0,0,0,0,0,1,0,0,0,0,0,0,0,0,0,1,0,0,0,0,0,1,201006.328125,210000.0
4768,1,7,3,1,6.0,2.0,4,1,1,2,1,5,0,0,0,1,1,0,1,0,0,0,0,0,1,0,1,0,1,0,0,0,0,0,0,0,0,0,0,0,1,0,0,1,0,0,0,0,0,0,263693.3125,270000.0
4954,1,7,2,1,12.0,4.0,4,1,1,1,1,5,0,0,0,1,0,0,1,0,0,0,0,0,1,0,1,0,1,0,0,0,0,0,0,0,0,0,0,0,0,0,0,0,0,0,1,0,0,0,219644.375,250000.0
4988,1,7,0,1,12.0,1.0,1,1,1,1,1,1,1,0,0,0,0,0,0,0,0,0,0,0,0,1,0,0,0,0,0,0,0,0,0,0,0,0,0,0,1,0,1,0,0,0,0,0,0,0,89308.7109375,89500.0
4769,1,7,2,1,1.0,1.0,4,1,1,1,1,5,0,0,0,1,1,0,1,0,0,0,0,0,1,0,1,0,0,0,0,0,0,0,0,0,0,0,0,0,1,0,0,0,1,0,0,0,0,0,256496.921875,260000.0
4891,0,3,1,1,26.0,10.0,3,1,0,1,1,2,1,0,0,0,0,0,1,0,0,0,0,0,1,0,1,0,0,0,0,0,0,0,0,0,0,0,0,0,1,0,0,0,1,0,0,0,0,0,745.2518310546875,660.0
4921,1,7,2,1,17.0,6.0,3,1,1,1,1,4,0,0,0,1,1,0,0,0,0,0,0,0,0,0,1,0,0,1,1,0,0,0,0,0,0,0,0,0,0,0,0,0,1,0,0,0,0,0,357334.78125,350000.0
4998,1,7,2,1,13.0,1.0,2,1,2,0,0,3,0,0,0,1,0,0,1,0,0,0,0,0,1,0,1,0,1,0,0,0,0,0,0,0,0,0,0,0,1,0,0,0,0,0,1,0,0,0,204568.359375,210000.0
4776,1,7,2,1,9.0,2.0,3,1,1,1,1,6,0,0,0,1,1,0,1,0,0,0,0,0,1,0,1,0,1,0,0,0,0,0,0,0,0,0,0,0,1,0,0,1,0,0,0,0,0,0,179255.390625,200000.0
4782,1,7,1,1,0.0,6.0,2,1,1,1,1,2,1,0,0,0,0,0,1,0,0,0,0,0,1,0,0,0,1,1,0,0,0,0,0,0,0,0,0,0,1,0,0,0,1,0,0,0,0,0,197924.75,185000.0
4993,1,7,3,1,33.0,3.0,3,1,1,0,1,3,0,0,0,1,1,0,1,0,0,0,0,0,0,0,1,0,1,1,0,0,0,0,0,0,0,0,0,1,1,0,0,0,0,0,1,0,0,0,274329.25,290000.0
4961,0,3,1,1,15.0,7.0,2,1,1,2,0,3,0,0,0,1,0,0,1,0,0,0,0,0,1,0,1,0,1,0,0,0,0,0,0,0,0,0,0,0,1,0,0,0,1,0,0,0,0,0,935.8807373046875,725.0
4806,1,7,1,1,4.0,2.0,2,1,1,1,1,2,1,0,0,1,0,0,1,0,0,0,0,0,1,0,0,0,1,0,1,0,0,0,0,0,0,0,0,0,1,0,0,0,1,0,0,0,0,0,158494.015625,160000.0
5006,1,2,3,1,26.0,9.0,4,1,1,1,1,13,0,0,0,1,1,0,1,0,0,0,0,0,1,0,0,0,1,1,0,0,0,0,0,0,0,0,0,0,1,0,0,0,0,0,1,0,0,0,526253.5625,525000.0
4763,1,7,1,1,5.0,2.0,2,1,1,1,1,2,1,1,0,0,0,0,1,0,0,0,0,0,0,1,0,0,0,0,0,0,0,0,0,0,0,0,0,0,1,0,1,0,0,0,0,0,0,0,133205.03125,137500.0
4895,1,7,2,1,13.0,3.0,2,1,1,1,1,2,1,0,0,0,0,0,1,0,0,0,0,0,0,1,0,0,0,0,0,0,0,0,0,0,0,0,0,0,1,0,0,0,1,0,0,0,0,0,179033.484375,225000.0
4801,1,7,1,1,16.0,2.0,3,1,1,1,1,3,0,0,0,1,0,0,1,0,0,0,0,0,1,0,1,0,1,0,0,0,0,0,0,0,0,0,0,0,1,0,0,0,1,0,0,0,0,0,259350.234375,180000.0
4922,1,7,2,1,24.0,1.0,3,1,1,1,1,5,0,0,0,1,0,0,1,0,0,0,0,0,1,0,1,0,1,0,0,0,0,0,0,0,0,0,0,0,1,0,0,0,1,0,0,0,0,0,318667.53125,325000.0
4996,0,3,2,1,25.0,9.0,3,1,0,1,1,6,0,0,0,1,1,0,1,0,0,0,0,0,1,0,1,0,0,0,1,0,0,0,0,0,0,0,0,0,1,0,0,0,1,0,0,0,0,0,667.6112060546875,935.0
4874,1,7,1,1,18.0,3.0,3,1,1,1,1,3,0,0,0,1,1,0,0,0,0,0,0,0,1,0,1,0,0,0,1,0,0,0,0,0,0,0,0,0,0,0,0,0,1,0,0,0,0,0,217554.171875,230000.0
4841,0,3,2,1,21.0,4.0,3,1,1,1,1,6,0,0,0,1,1,0,1,0,0,0,0,0,1,0,1,0,1,0,0,0,0,0,0,0,0,0,0,0,1,0,0,0,1,0,0,0,0,0,794.7030029296875,775.0
4997,1,7,4,1,9.0,1.0,4,1,1,1,2,10,0,0,0,1,1,0,0,0,0,0,0,0,1,0,0,0,0,1,0,0,0,0,0,0,0,0,0,0,0,0,0,0,1,0,0,0,0,0,455289.90625,450000.0
4880,0,3,2,1,21.0,7.0,3,1,1,1,1,3,0,0,0,1,0,0,1,0,0,0,0,0,0,0,0,0,0,0,1,0,0,0,0,0,0,0,0,0,1,0,0,0,1,0,0,0,0,0,799.4862060546875,900.0
959,1,7,4,1,2.0,3.0,5,1,0,1,1,10,0,0,0,1,1,0,0,0,0,0,0,0,1,0,0,0,0,0,0,0,0,0,0,0,0,0,0,0,0,0,0,0,1,0,0,0,0,0,401867.9375,395000.0
888,1,7,3,1,1.0,1.0,4,1,1,1,1,6,0,0,0,1,1,0,0,0,0,0,0,0,0,0,0,1,1,0,1,0,0,0,0,0,0,0,0,0,0,0,0,0,1,0,0,0,0,0,235192.734375,240000.0
875,1,7,1,1,0.0,0.0,3,1,1,1,1,5,1,0,0,0,1,0,0,0,0,0,0,0,0,0,0,1,0,0,0,1,0,0,0,0,0,0,0,1,0,0,1,0,0,0,0,0,0,0,190723.734375,195000.0
4034,0,3,2,3,2.0,7.0,3,1,1,1,1,0,0,0,0,1,0,0,1,0,0,0,0,0,1,0,1,0,0,0,0,0,0,0,0,0,0,0,0,0,1,0,0,0,1,0,0,0,0,0,841.1580810546875,995.0
62,0,3,2,1,18.0,6.0,3,1,1,1,1,8,1,0,0,0,1,0,1,0,0,0,0,0,1,0,1,0,0,1,0,0,0,0,0,0,0,0,0,1,1,0,0,0,1,0,0,0,0,0,1401.3612060546875,925.0
97,0,3,1,1,17.0,6.0,2,1,1,1,1,4,1,0,0,0,0,0,1,0,0,1,0,0,1,0,1,0,0,1,0,0,0,0,0,0,0,0,0,0,1,0,1,0,0,1,0,0,0,0,1023.0018310546875,750.0
84,1,4,4,1,16.0,4.0,4,1,2,1,1,10,0,0,0,1,1,0,1,0,0,0,0,0,1,0,1,1,0,0,0,0,0,0,0,0,0,0,0,0,1,0,0,1,1,0,0,0,0,0,436866.6875,350000.0
100,1,4,3,1,44.0,10.0,3,1,0,1,0,13,0,0,0,1,0,1,0,0,0,1,0,0,1,0,1,0,0,1,0,0,0,0,0,0,0,0,0,1,0,0,0,0,1,0,0,0,0,1,606073.0,600000.0
96,1,7,3,1,6.0,3.0,4,2,1,1,1,9,0,0,0,1,1,0,0,0,0,1,0,0,0,0,1,0,1,1,0,0,0,0,0,0,0,0,0,0,1,0,0,1,1,0,0,0,0,0,311026.78125,325000.0
93,0,3,3,1,13.0,4.0,4,1,1,1,0,7,0,0,0,1,0,1,1,0,0,0,0,0,1,0,1,0,0,1,0,0,0,0,0,0,0,0,0,1,1,0,0,0,1,0,0,0,0,0,1682.7479248046875,1000.0
87,0,3,2,1,16.0,5.0,3,1,1,1,0,7,1,0,0,0,1,0,1,0,0,0,0,0,0,0,0,0,0,0,0,0,0,0,1,0,0,1,0,0,1,0,0,1,1,0,0,0,0,0,641.7362060546875,1000.0
99,0,3,2,1,0.0,0.0,3,1,0,1,1,7,1,0,0,0,0,0,1,0,0,1,0,0,0,0,0,0,0,0,0,0,0,0,0,0,0,0,0,0,0,0,0,1,1,0,0,0,0,1,1185.9471435546875,1100.0
99,0,3,2,1,0.0,0.0,3,1,0,1,1,7,1,0,0,0,0,0,1,0,0,1,0,0,0,0,0,0,0,0,0,0,0,0,0,0,0,0,0,0,0,0,0,1,1,0,0,0,0,1,1185.9471435546875,1100.0
187,0,3,0,1,0.0,0.0,2,1,1,0,0,4,1,0,0,0,0,0,1,0,0,0,0,0,0,0,0,0,0,0,0,0,0,0,1,0,0,0,0,0,1,0,0,0,1,0,0,0,0,0,510.3495178222656,550.0
151,1,6,5,1,7.0,2.0,6,1,2,3,2,18,0,0,0,1,1,0,0,0,0,0,0,0,1,0,1,0,0,0,0,1,0,0,1,0,0,0,0,0,1,0,0,0,1,0,0,0,0,0,803092.5,600000.0
154,0,3,0,1,5.0,7.0,2,1,0,0,1,6,0,0,0,0,0,0,0,1,0,0,0,0,0,0,0,1,0,0,0,0,0,0,1,0,0,0,0,0,1,0,0,0,1,0,0,0,0,0,604.3807373046875,600.0
153,0,3,1,1,3.0,1.0,2,1,0,1,1,4,0,0,0,0,0,0,0,1,0,0,0,0,0,0,0,0,0,0,0,1,0,0,1,0,0,0,0,0,1,0,0,0,1,0,0,0,0,0,576.4783935546875,750.0
3573,1,2,6,1,9.0,2.0,4,1,1,1,2,12,0,0,0,1,1,0,1,0,0,0,0,0,1,0,0,1,1,0,0,0,1,0,0,0,0,0,0,1,0,0,0,1,1,0,0,0,0,0,802631.125,800000.0
2738,1,4,1,1,7.0,1.0,2,1,1,1,1,2,0,0,0,0,0,0,0,1,0,0,0,0,1,0,0,0,0,1,1,0,0,0,1,0,0,0,0,0,1,0,0,1,1,0,0,0,0,0,293316.75,230000.0
2875,1,7,1,1,5.0,2.0,2,1,0,1,1,2,1,0,0,0,0,0,1,0,0,0,0,1,0,0,0,0,0,0,0,0,1,0,0,0,0,1,0,1,1,0,1,0,0,0,0,0,0,0,185225.484375,185000.0
2864,1,4,3,1,28.0,8.0,3,1,0,2,1,5,0,0,0,1,1,0,1,0,0,0,0,0,1,0,0,0,0,1,1,0,0,0,1,0,0,0,0,1,1,0,0,0,1,0,0,0,0,0,312388.46875,280000.0
2788,1,4,3,1,2.0,1.0,4,1,1,1,1,7,0,0,0,1,1,0,1,0,0,0,0,0,1,0,0,0,0,1,1,0,1,0,0,0,0,0,0,1,1,0,0,0,1,0,0,0,0,0,365786.53125,325000.0
2812,1,4,2,1,17.0,1.0,3,1,1,1,1,6,0,0,0,1,1,0,1,0,0,0,0,0,1,0,0,0,0,1,1,0,0,0,1,0,0,0,0,1,1,0,0,0,1,0,0,0,0,0,296453.75,290000.0
2749,1,4,0,1,3.0,2.0,2,1,1,2,1,2,0,0,0,0,0,0,0,0,0,0,0,0,0,0,0,0,0,0,0,0,0,0,1,0,0,0,0,1,1,0,1,0,0,0,0,0,0,0,239584.171875,240000.0
2908,1,4,3,1,25.0,15.0,4,1,1,1,1,6,0,0,0,1,1,0,1,0,0,0,0,0,1,0,0,0,0,1,1,0,0,0,1,0,0,0,0,0,1,0,0,1,1,0,0,0,0,0,348933.59375,340000.0
2869,1,4,3,1,42.0,12.0,3,1,1,1,1,5,0,0,0,1,0,0,1,0,0,0,0,0,1,0,0,1,0,1,0,0,0,0,1,0,0,0,0,0,1,0,0,1,1,0,0,0,0,0,368880.84375,350000.0
2714,1,4,2,1,18.0,5.0,2,1,1,1,1,3,0,0,0,1,0,0,1,0,0,0,0,0,1,0,0,0,0,1,1,0,0,0,0,0,0,0,0,0,1,0,0,1,1,0,0,0,0,0,339550.375,260000.0
2713,1,4,2,1,11.0,3.0,3,1,2,1,0,3,0,0,0,0,0,0,0,1,0,0,0,0,0,0,0,1,0,1,1,0,0,0,1,0,0,0,0,0,0,0,0,1,1,0,0,0,0,0,322005.15625,310000.0
3016,1,4,1,1,19.0,4.0,3,1,2,1,1,3,1,0,0,1,0,0,1,0,0,0,0,0,0,0,0,0,1,1,1,0,0,0,1,0,0,0,0,1,1,0,0,0,1,0,0,0,0,0,319260.125,325000.0
2783,1,4,1,1,10.0,3.0,2,1,0,1,1,4,1,0,0,0,0,0,1,0,0,0,0,1,0,1,0,0,0,0,0,0,1,0,0,0,0,1,0,0,1,0,0,1,1,0,0,0,0,0,186738.296875,180000.0
2873,1,4,2,1,14.0,7.0,3,1,0,1,1,6,1,0,0,1,1,0,0,0,0,0,0,0,0,0,0,1,0,1,1,0,0,0,1,0,0,0,0,0,1,0,0,1,1,0,0,0,0,0,269067.34375,270000.0
2883,1,4,2,1,14.0,4.0,2,1,0,0,1,7,1,0,0,1,0,0,1,0,0,0,0,0,0,0,0,1,0,1,1,0,0,0,1,0,0,0,0,0,1,0,0,1,1,0,0,0,0,0,264154.1875,265000.0
2712,1,4,2,1,11.0,0.0,2,1,1,1,0,1,0,0,0,0,0,0,0,1,0,0,0,0,0,0,1,0,0,1,1,0,0,0,1,0,0,0,0,1,1,0,0,1,0,0,0,0,0,0,237833.796875,240000.0
2783,1,2,1,1,2.0,2.0,2,1,0,1,1,4,1,0,0,0,0,1,1,0,0,0,0,0,0,1,0,0,0,0,0,0,0,0,1,0,0,0,0,1,1,0,0,1,0,0,0,0,0,0,191523.859375,190000.0
2708,1,4,2,1,15.0,3.0,3,1,1,1,1,9,0,0,0,1,1,0,1,0,0,0,0,0,1,0,0,1,0,1,0,0,0,0,1,0,0,0,0,0,1,0,0,1,1,0,0,0,0,0,388810.40625,380000.0
2813,1,4,2,2,12.0,5.0,3,1,1,1,1,4,0,0,0,1,0,0,1,0,0,0,0,0,1,0,0,1,0,0,1,0,0,0,1,0,0,0,0,0,1,0,0,1,1,0,0,0,0,0,323216.6875,325000.0
2707,1,4,2,1,3.0,2.0,2,1,0,0,1,5,0,0,0,0,0,1,1,0,0,0,0,1,0,1,0,0,0,0,0,0,1,0,0,0,0,1,0,0,1,0,0,1,1,0,0,0,0,0,297698.28125,240000.0
2802,1,2,1,1,16.0,3.0,3,1,1,1,1,3,0,0,0,0,0,0,0,1,0,0,0,0,1,0,0,0,0,1,1,0,0,0,1,0,0,0,0,0,1,0,0,1,1,0,0,0,0,0,324049.25,325000.0
2755,1,2,2,1,9.0,5.0,3,1,1,1,2,6,0,0,0,1,0,0,1,0,0,1,0,0,1,0,0,1,1,0,0,0,0,0,1,0,0,0,0,0,1,0,0,1,1,0,0,0,0,0,454445.34375,375000.0
2820,1,4,0,1,8.0,1.0,1,1,0,1,1,2,1,0,0,0,1,0,0,1,0,0,0,0,0,0,0,0,0,0,0,0,0,0,0,0,0,0,0,0,1,0,0,1,1,0,0,0,0,0,134127.796875,170000.0
2889,1,4,1,1,3.0,3.0,2,1,0,1,1,3,1,0,0,0,0,0,1,0,0,0,0,1,0,1,0,0,0,0,0,0,0,0,1,0,0,0,0,1,1,0,1,0,0,0,0,0,0,0,169546.671875,170000.0
2772,1,2,2,1,20.0,5.0,3,1,1,1,1,7,0,0,0,1,1,0,1,0,0,0,0,0,1,0,1,1,0,0,0,0,0,0,1,0,0,0,0,1,1,0,0,1,0,0,0,0,0,0,360967.4375,350000.0
2914,1,4,2,1,10.0,3.0,3,1,0,2,1,5,0,0,0,1,0,0,1,0,0,1,0,0,1,0,0,0,0,1,1,0,0,0,0,0,0,0,0,1,1,0,0,0,1,0,0,0,0,0,327604.375,320000.0
5355,0,3,1,1,13.0,1.0,2,1,0,1,1,2,1,0,0,0,0,0,1,0,0,1,0,0,0,1,0,0,0,0,0,0,0,0,1,0,0,0,0,0,0,1,1,0,0,0,0,0,0,0,551.4871826171875,795.0
5374,1,6,3,1,5.0,1.0,3,1,0,1,1,4,0,0,0,1,1,0,0,0,0,0,0,0,1,0,0,0,0,1,1,0,0,0,1,0,0,0,0,0,0,0,0,0,1,0,0,0,0,0,363661.625,340000.0
5356,0,3,2,1,0.0,0.0,4,1,1,0,1,0,0,0,0,0,0,0,0,1,1,0,0,0,0,0,0,0,0,0,0,0,0,0,1,0,0,0,0,1,0,0,0,1,1,0,0,0,0,0,2330.55859375,1300.0
5356,0,3,2,1,1.0,1.0,4,1,1,0,1,0,0,0,0,0,0,0,0,1,1,0,0,0,0,0,0,0,0,0,0,0,0,0,1,0,0,0,0,1,0,0,0,1,1,0,0,0,0,0,1631.3201904296875,1640.0
5361,0,3,1,1,0.0,1.0,4,1,1,1,0,1,0,0,0,0,0,0,0,1,0,0,0,0,1,0,1,0,0,0,0,0,0,0,1,0,0,0,0,1,0,0,0,1,0,0,0,0,0,0,389.4393615722656,1552.0
5350,0,3,0,1,15.0,1.0,2,1,0,1,0,2,0,0,0,0,0,0,0,1,0,0,0,0,0,0,0,0,0,0,0,0,1,0,0,0,0,0,0,0,1,0,0,0,1,0,0,0,0,0,626.7147216796875,750.0
5458,1,6,0,1,7.0,2.0,1,1,1,1,1,0,1,0,0,0,0,0,0,0,0,0,0,0,0,0,0,0,0,0,0,0,0,0,0,0,0,0,0,0,0,0,1,0,0,0,0,0,0,0,135031.28125,140000.0
5376,1,2,2,1,6.0,2.0,3,1,1,1,1,5,0,0,0,1,1,0,1,0,0,0,0,0,1,0,0,1,0,1,0,0,0,0,1,0,0,0,0,1,0,0,0,0,1,0,0,0,0,0,277840.5625,270000.0
2805,1,4,2,1,10.0,1.0,3,1,1,1,1,7,0,0,0,1,1,0,1,0,0,0,0,0,1,0,0,1,0,0,1,0,0,0,1,0,0,0,0,0,1,0,0,1,1,0,0,0,0,0,305230.21875,295000.0
2864,0,3,3,1,0.0,0.0,3,1,0,2,1,5,0,0,0,1,1,0,1,0,0,0,0,0,1,0,0,0,0,1,1,0,0,0,1,0,0,0,0,1,1,0,0,0,1,0,0,0,0,0,835.9627685546875,1000.0
2745,0,3,2,1,1.0,1.0,2,1,1,1,1,2,1,0,1,0,0,0,0,0,0,1,0,0,0,0,0,0,0,0,0,0,0,1,0,1,0,1,0,0,1,0,1,0,0,0,0,0,0,0,0.0,875.0
2745,1,4,2,1,23.0,0.0,2,1,1,1,1,4,1,0,0,0,0,0,1,0,0,0,0,1,0,1,0,0,0,0,0,0,1,1,0,0,0,1,0,1,1,0,1,0,0,0,0,0,0,0,185559.421875,180000.0
4497,0,3,0,1,7.0,2.0,1,1,1,1,1,0,0,0,0,0,0,0,0,0,0,0,0,0,0,0,0,0,0,0,0,0,0,0,1,0,0,0,0,0,1,0,1,0,0,0,0,0,0,0,511.6502990722656,395.0
4492,0,3,0,1,21.0,11.0,2,1,1,1,1,4,0,0,0,1,0,0,1,0,0,1,0,0,0,0,0,1,1,0,1,0,0,0,1,0,0,0,0,0,1,0,0,1,1,0,0,0,0,0,636.7454833984375,570.0
4486,0,3,1,1,9.0,6.0,2,1,1,1,1,3,1,0,0,0,0,0,1,0,0,0,0,1,0,0,0,0,0,0,0,0,0,1,1,0,0,0,0,0,1,0,0,0,1,0,0,0,0,0,513.5252685546875,600.0
4643,0,3,0,1,7.0,2.0,3,1,1,1,1,1,0,0,0,0,0,0,0,0,0,0,0,0,1,0,0,0,1,0,1,0,1,0,0,0,0,0,0,0,1,0,0,0,1,0,0,0,0,0,643.1229248046875,475.0
4647,0,3,0,1,6.0,4.0,2,1,1,1,1,2,0,0,0,0,0,0,0,1,0,0,0,0,1,0,0,0,1,0,1,0,0,0,1,0,0,0,0,0,1,0,0,0,1,0,0,0,0,0,636.3963623046875,475.0
4545,1,4,2,1,20.0,1.0,4,1,1,1,1,5,0,0,0,1,1,0,1,0,0,0,0,0,1,0,0,1,0,0,1,0,0,0,1,0,0,0,0,0,1,0,0,0,1,0,0,0,0,0,208400.53125,200000.0
4684,1,7,2,1,0.0,0.0,2,1,1,1,1,4,0,0,0,1,1,0,1,0,0,0,0,0,1,0,1,0,0,0,1,0,1,0,1,0,0,0,0,0,1,0,0,0,1,0,0,0,0,0,224330.828125,224950.0
4684,0,3,2,1,6.0,3.0,2,1,1,1,1,4,0,0,0,1,1,0,1,0,0,0,0,0,1,0,1,0,0,0,1,0,1,0,1,0,0,0,0,0,1,0,0,0,1,0,0,0,0,0,373.4940490722656,725.0
4711,0,3,1,1,6.0,1.0,2,1,1,1,1,3,0,0,0,1,0,0,1,0,0,1,0,0,1,0,0,0,1,0,1,0,1,0,1,0,0,0,0,0,1,0,0,0,1,0,0,0,0,0,529.9197998046875,550.0
4695,0,3,0,1,6.0,2.0,2,1,1,1,1,2,0,0,0,0,0,0,0,1,0,0,0,0,1,0,0,0,1,0,1,0,1,0,1,0,0,0,0,0,1,0,0,0,1,0,0,0,0,0,580.1639404296875,475.0
4508,0,3,0,1,5.0,2.0,2,1,1,1,1,3,0,0,0,0,0,0,0,1,0,0,0,0,1,0,0,0,1,0,1,0,0,0,1,0,0,0,0,0,0,0,0,0,1,0,0,0,0,0,596.6873779296875,460.0
4500,0,3,0,1,6.0,3.0,3,1,1,2,1,3,0,0,0,0,0,0,0,1,0,0,0,0,1,0,0,0,1,0,1,0,0,0,1,0,0,0,0,0,1,0,0,0,1,0,0,0,0,0,244.71865844726562,530.0
4678,0,3,0,1,0.0,1.0,2,1,1,1,1,1,0,0,0,0,0,0,0,1,0,0,0,0,1,0,1,0,1,0,0,0,1,0,1,0,0,0,0,0,0,0,0,0,1,0,0,0,0,0,464.6385803222656,425.0
635,1,7,2,1,8.0,4.0,3,1,1,2,1,6,0,0,0,1,0,0,1,0,0,1,0,0,1,0,1,1,0,0,0,0,1,0,1,0,0,0,0,0,1,0,0,0,1,0,0,0,0,0,202446.578125,200000.0
4509,0,3,2,1,13.0,6.0,3,1,0,2,1,5,0,0,0,1,1,0,1,0,0,0,0,0,1,0,0,0,1,0,1,0,1,0,1,0,0,0,0,0,1,0,0,0,1,0,0,0,0,0,698.1053466796875,795.0
4622,1,7,0,1,13.0,5.0,2,1,1,1,1,3,0,0,0,0,0,0,1,0,0,0,0,0,0,0,1,0,1,0,1,0,1,0,1,0,0,0,0,0,1,0,0,0,1,0,0,0,0,0,80241.7421875,80000.0
4666,0,3,1,1,7.0,5.0,2,1,0,2,1,4,0,0,0,1,0,0,1,0,0,1,0,0,1,0,0,1,1,0,0,0,1,0,1,0,0,0,0,0,0,0,0,0,1,0,0,0,0,0,745.1571044921875,525.0
4556,0,3,1,1,3.0,3.0,1,1,0,1,1,1,1,0,0,0,0,0,1,0,0,0,0,1,0,0,0,0,0,0,0,0,0,0,1,0,0,0,0,0,1,0,0,0,1,0,0,0,0,0,484.6620178222656,475.0
4706,0,3,0,1,4.0,4.0,1,1,0,0,1,4,0,0,0,1,0,0,1,0,0,0,0,0,1,0,0,1,0,0,1,0,1,0,0,0,0,0,0,0,1,0,0,0,1,0,0,0,0,0,506.6942443847656,525.0
4526,1,4,0,1,9.0,6.0,1,1,0,1,1,1,0,0,0,0,0,0,0,1,0,0,0,0,1,0,0,0,1,0,0,0,0,0,1,0,0,0,0,0,0,0,0,0,1,0,0,0,0,0,72609.375,70000.0
4671,0,3,0,1,3.0,2.0,2,1,0,1,1,1,0,0,0,0,0,0,0,1,0,0,0,0,1,0,1,0,1,0,0,0,0,0,1,0,0,0,0,0,1,0,0,0,1,0,0,0,0,0,485.0067443847656,460.0
4481,0,3,0,1,5.0,2.0,1,1,0,1,1,1,0,0,0,0,0,0,0,1,0,0,0,0,0,0,0,0,1,0,1,0,1,0,1,0,0,0,0,0,1,0,0,0,1,0,0,0,0,0,470.3426818847656,460.0
4562,1,4,1,1,11.0,6.0,4,1,1,1,1,2,0,0,0,0,0,0,0,1,0,0,0,0,1,0,1,0,1,0,0,0,1,0,0,0,0,0,0,0,1,0,0,0,1,0,0,0,0,0,153005.359375,150000.0
4550,1,4,1,4,24.0,1.0,3,1,0,1,1,2,0,0,0,1,0,0,1,0,0,1,0,0,1,0,1,0,1,0,0,0,1,0,1,0,0,0,0,0,1,0,0,0,1,0,0,0,0,0,178670.078125,180000.0
4725,1,4,1,1,16.0,8.0,2,1,1,1,1,4,0,0,0,1,0,0,1,0,0,1,0,0,1,0,1,0,0,0,1,0,0,0,1,0,0,0,0,0,1,0,0,0,1,0,0,0,0,0,118767.375,150000.0
4724,0,3,2,1,0.0,0.0,3,1,0,1,1,3,0,0,0,1,0,0,1,1,0,0,0,0,1,0,0,1,1,0,0,0,0,0,1,0,0,0,0,0,1,0,0,0,1,0,0,0,0,0,563.5174560546875,645.0
4533,1,4,1,1,16.0,1.0,3,1,0,1,1,3,0,0,0,1,1,0,1,0,0,0,0,0,1,0,0,0,1,0,1,0,1,0,0,0,1,0,0,0,1,0,0,0,1,0,0,0,0,0,196949.640625,160000.0
4669,1,7,2,4,36.0,7.0,4,1,1,2,1,4,0,0,0,1,1,0,1,0,0,0,0,0,1,0,0,1,1,0,0,0,1,0,1,0,0,0,0,0,1,0,0,0,1,0,0,0,0,0,200283.015625,200000.0
4491,0,3,0,1,7.0,1.0,1,1,0,1,1,0,0,0,0,0,0,0,0,1,1,0,0,0,0,0,0,0,0,0,0,0,0,0,1,0,0,0,0,0,1,0,0,0,1,0,0,0,0,0,461.6376037597656,425.0
4695,0,3,0,1,0.0,0.0,2,1,1,1,1,2,0,0,0,0,0,0,0,1,0,0,0,0,1,0,0,0,1,0,1,0,1,0,1,0,0,0,0,0,1,0,0,0,1,0,0,0,0,0,523.2030029296875,475.0
4534,1,4,3,1,14.0,2.0,4,1,1,2,2,4,0,0,0,1,0,0,1,0,0,1,0,0,1,0,1,1,0,0,0,0,0,0,1,0,0,0,0,0,1,0,0,0,1,0,0,0,0,0,230542.109375,230000.0
4546,1,4,1,1,15.0,3.0,3,1,0,1,1,2,0,0,0,1,0,0,1,0,0,0,0,0,1,0,1,0,0,0,1,0,0,0,1,0,0,0,0,0,1,0,0,0,1,0,0,0,0,0,131244.203125,130000.0
4547,1,4,1,1,17.0,4.0,3,1,1,1,1,4,0,0,0,1,0,0,1,0,0,1,0,0,1,0,1,0,0,0,1,0,1,0,1,0,0,0,0,0,0,0,0,0,1,0,0,0,0,0,157633.953125,130000.0
4505,0,3,0,1,21.0,6.0,1,1,0,0,1,2,0,0,0,0,0,0,0,1,0,0,0,0,0,0,0,0,0,0,0,0,0,0,1,0,0,0,0,0,1,0,0,0,1,0,0,0,0,0,724.9959716796875,425.0
4549,1,4,1,1,19.0,5.0,2,1,1,1,1,4,0,0,0,0,0,0,0,1,0,0,0,0,1,0,0,0,1,0,1,0,0,0,1,0,0,0,0,0,0,0,0,0,1,0,0,0,0,0,185313.109375,180000.0
626,1,7,2,1,8.0,2.0,3,1,1,1,1,2,0,0,0,0,0,0,0,1,0,0,0,0,1,0,0,1,0,0,0,0,0,0,1,0,0,0,0,0,1,0,0,0,1,0,0,0,0,0,187186.265625,190000.0
4497,0,3,0,1,9.0,7.0,1,1,0,0,1,1,0,0,0,0,0,0,0,0,0,0,0,0,0,1,0,0,1,0,1,0,0,0,1,0,0,0,0,0,1,0,0,0,1,0,0,0,0,0,705.6483154296875,425.0
4497,0,3,0,1,6.0,2.0,0,0,1,1,0,0,0,0,0,0,0,0,0,1,0,0,0,0,0,0,0,0,0,0,0,0,0,0,1,0,0,0,0,0,1,0,1,0,0,0,0,0,0,0,478.4706115722656,325.0
4588,0,3,0,1,10.0,4.0,1,1,0,0,1,1,0,0,0,1,0,0,1,0,0,0,1,0,0,0,0,0,0,0,0,0,0,0,1,0,0,0,0,0,1,0,1,0,0,0,0,0,0,0,434.2381896972656,445.0
4497,0,3,0,1,0.0,0.0,1,0,1,0,0,1,0,0,0,0,0,0,0,0,0,0,0,0,0,0,0,0,0,0,0,0,0,0,1,0,0,0,0,0,1,0,0,0,1,0,0,0,0,0,552.5155029296875,425.0
4634,0,3,3,1,13.0,8.0,4,1,1,2,1,5,0,0,0,1,1,0,1,0,0,0,0,0,1,0,0,0,0,1,1,0,1,0,1,0,0,0,0,0,1,0,0,0,1,0,0,0,0,0,1074.8143310546875,885.0
4487,1,4,2,1,4.0,2.0,3,1,1,1,1,2,1,0,0,0,0,0,0,1,0,0,0,0,1,0,1,0,1,0,0,0,0,0,1,0,0,0,0,0,1,0,0,0,1,0,0,0,0,0,183991.828125,140000.0
4497,0,3,0,1,0.0,2.0,1,0,1,0,0,1,0,0,0,0,0,0,0,0,0,0,0,0,0,0,0,0,0,0,0,0,0,0,1,0,0,0,0,0,1,0,0,0,1,0,0,0,0,0,620.4158935546875,425.0
4572,0,3,1,1,7.0,7.0,2,1,1,1,1,2,1,0,0,0,0,0,1,0,0,0,0,1,0,0,0,0,0,0,0,0,0,0,1,0,0,0,0,0,1,0,0,0,1,0,0,0,0,0,660.2606201171875,495.0
4731,1,2,2,2,59.0,0.0,3,1,1,2,1,3,0,0,0,1,1,0,1,0,0,0,0,0,1,0,0,1,0,1,0,0,0,0,1,0,0,0,0,0,1,0,0,0,0,0,0,0,0,0,224515.28125,210000.0
4642,0,3,1,1,16.0,5.0,2,1,0,2,1,3,0,0,0,0,0,0,1,0,0,1,1,0,1,0,1,0,0,0,0,0,1,0,0,0,0,0,0,0,1,0,0,0,1,0,0,0,0,0,947.5574951171875,615.0
4668,0,3,0,1,0.0,0.0,3,1,0,1,1,3,0,0,0,1,1,0,0,0,0,0,0,0,1,0,1,0,1,0,0,0,1,0,0,0,0,0,0,0,0,0,0,0,1,0,0,0,0,0,665.0194091796875,595.0
4703,0,3,0,1,1.0,2.0,1,1,0,1,1,0,0,0,0,0,0,0,0,1,0,0,0,0,0,0,0,0,0,0,0,0,1,0,0,0,0,0,0,0,1,0,1,0,0,0,0,0,0,0,235.73037719726562,395.0
5284,1,6,1,1,6.0,1.0,3,1,1,1,0,3,0,0,0,0,0,0,0,1,0,0,0,0,0,0,1,1,0,0,1,0,0,0,1,0,0,0,0,0,1,0,0,0,1,0,0,0,0,0,136789.453125,150000.0
5194,1,2,2,1,8.0,1.0,3,2,1,1,1,4,0,0,0,1,1,0,1,0,0,0,0,0,1,0,1,1,0,0,0,0,0,0,1,0,0,0,0,0,1,0,0,0,1,0,0,0,0,0,249906.984375,250000.0
5277,1,2,2,1,7.0,1.0,3,1,1,1,1,5,0,0,0,1,1,0,0,0,0,0,0,0,0,0,1,1,0,0,1,0,1,0,1,0,0,0,0,0,1,0,0,0,1,0,0,0,0,0,181353.859375,200000.0
5312,1,2,2,1,12.0,1.0,3,1,1,2,1,2,0,0,0,1,0,0,1,0,0,0,0,0,0,0,1,1,0,0,1,0,1,0,1,0,0,0,0,0,1,0,0,0,1,0,0,0,0,0,200457.46875,200000.0
5303,1,2,4,1,9.0,1.0,4,1,1,2,1,6,0,0,0,1,1,0,0,1,0,0,0,0,0,0,0,1,0,1,1,0,1,0,1,0,0,0,0,0,1,0,0,0,1,0,0,0,0,0,432883.40625,360000.0
5299,1,2,4,1,8.0,2.0,4,1,2,3,1,6,0,0,0,1,1,0,1,0,0,0,0,0,1,0,0,1,1,0,0,0,1,0,1,0,0,0,0,0,0,0,0,0,1,0,0,0,0,0,502448.125,360000.0
5270,1,2,0,3,8.0,3.0,2,1,1,1,0,2,1,0,0,0,0,0,0,1,0,0,0,0,1,0,0,0,0,0,0,0,1,0,1,0,0,0,0,0,1,0,0,0,1,0,0,0,0,0,113423.6328125,115000.0
5292,1,2,1,1,13.0,2.0,3,1,1,1,1,2,1,0,0,1,0,0,0,0,0,0,0,0,1,0,1,1,0,0,0,0,0,0,1,0,0,0,0,0,1,0,0,0,1,0,0,0,0,0,192507.078125,190000.0
5273,1,2,0,3,13.0,1.0,3,1,1,1,1,4,0,0,0,0,0,0,0,1,0,0,0,0,0,0,1,1,0,0,1,0,0,0,1,0,0,0,0,0,1,0,0,0,1,0,0,0,0,0,132319.296875,135000.0
5276,1,6,3,1,12.0,1.0,5,1,1,2,1,6,0,0,0,1,1,0,0,0,0,0,0,0,0,0,0,1,0,0,1,0,0,0,1,0,0,0,0,0,1,0,0,0,1,0,0,0,0,0,307777.1875,305000.0
5310,1,6,2,1,14.0,1.0,4,1,1,2,1,4,0,0,0,1,1,0,0,0,0,0,0,0,0,0,0,1,0,0,1,0,0,0,0,1,1,0,0,0,0,0,0,0,1,0,0,0,0,0,242687.265625,250000.0
723,1,4,1,1,4.0,1.0,2,1,0,1,0,5,0,0,0,1,0,0,1,0,0,0,0,0,1,0,1,0,0,1,0,0,1,0,0,0,0,0,0,0,0,0,0,0,0,0,0,0,0,0,173382.875,300000.0
743,1,4,3,1,8.0,2.0,4,1,0,1,2,6,0,0,0,1,0,0,1,0,0,1,0,0,1,0,1,0,0,0,0,0,1,0,1,0,0,0,0,1,1,0,0,0,1,0,0,0,0,0,477413.71875,575000.0
711,0,3,1,1,4.0,4.0,2,1,0,1,0,4,1,0,0,0,0,0,0,0,0,0,0,0,0,0,0,0,0,0,1,0,0,0,0,0,0,0,0,0,1,0,0,0,1,0,0,0,0,0,1096.3572998046875,1200.0
641,0,3,1,1,0.0,0.0,1,1,0,1,0,2,0,0,0,0,0,0,0,0,0,0,0,0,0,0,0,0,0,0,0,0,0,0,0,0,0,0,0,0,1,0,1,0,0,0,0,0,0,0,1046.4197998046875,850.0
705,1,4,2,1,4.0,0.0,1,1,1,1,0,1,1,0,0,0,0,0,1,0,0,0,0,0,0,1,0,0,0,0,0,0,0,0,1,0,0,0,0,0,1,0,1,0,0,0,0,0,0,0,228844.859375,230000.0
719,0,3,2,1,27.0,4.0,2,1,0,1,0,2,0,0,0,0,0,0,0,0,0,0,0,0,1,0,0,0,0,1,1,0,0,0,0,0,0,0,0,0,1,0,0,0,1,0,0,0,0,0,593.3338623046875,1150.0
709,0,3,1,1,13.0,3.0,2,1,0,1,0,2,0,0,0,1,0,0,0,0,0,0,0,0,0,0,0,1,0,0,1,0,0,0,0,0,0,0,0,1,0,0,0,0,1,0,0,0,0,0,1202.4549560546875,1250.0
720,1,2,2,1,28.0,16.0,3,1,0,2,1,3,0,1,0,0,0,0,0,0,0,0,0,0,0,0,1,0,0,1,1,0,1,0,1,0,0,0,0,1,1,0,0,0,1,0,0,0,0,0,370084.96875,375000.0
638,0,3,2,1,20.0,7.0,3,1,0,1,1,5,0,0,0,1,0,0,1,0,0,0,0,0,1,0,0,0,0,1,1,0,1,0,0,0,0,0,0,1,1,0,0,0,1,0,0,0,0,0,942.2205810546875,1400.0
3744,1,2,2,1,2.0,0.0,2,1,1,1,0,0,1,0,0,0,0,0,1,0,0,0,0,0,0,0,0,0,0,0,0,0,0,0,1,0,0,0,0,0,1,0,0,1,1,0,0,0,0,0,251021.546875,250000.0
3670,1,2,3,1,36.0,13.0,4,1,1,0,1,1,0,0,0,1,0,0,1,0,0,0,0,0,1,0,1,0,0,0,1,0,0,0,0,0,0,0,0,0,1,0,0,0,1,0,0,0,0,1,500801.65625,500000.0
3671,1,2,2,1,2.0,1.0,2,1,1,0,1,0,1,0,0,0,0,0,1,0,0,0,0,0,0,1,0,0,0,0,0,0,0,0,1,0,0,0,0,0,1,0,0,1,1,0,0,0,0,0,253806.921875,225000.0
3673,1,2,2,1,2.0,1.0,2,1,1,0,1,0,0,1,0,0,0,0,0,1,0,0,0,0,1,0,1,0,0,0,1,0,0,0,0,0,0,0,0,1,1,0,0,0,1,0,0,0,0,0,294197.0,295000.0
3665,1,2,3,1,1.0,1.0,3,1,1,0,1,1,0,0,0,1,1,0,1,0,0,0,0,0,1,0,1,0,0,0,1,0,0,0,0,0,0,0,0,0,1,0,0,1,1,0,0,0,0,0,398220.875,395000.0
3663,1,2,3,2,10.0,3.0,4,1,1,0,1,2,0,0,0,1,1,0,1,0,0,0,0,0,1,0,1,0,0,0,1,0,0,0,0,0,0,0,0,0,1,0,0,1,1,0,0,0,0,0,349160.0,350000.0
3667,1,2,4,1,12.0,1.0,4,1,1,0,1,2,0,0,0,1,1,0,1,0,0,0,0,0,1,0,0,0,0,1,1,0,0,0,0,0,0,0,0,0,1,0,0,1,1,0,0,0,0,0,496743.3125,500000.0
3991,0,3,2,1,9.0,2.0,1,1,1,1,0,1,1,0,0,0,0,0,0,0,0,0,0,0,0,1,0,0,0,0,0,0,0,1,0,0,0,0,0,0,0,0,0,0,1,0,0,0,0,0,993.9705810546875,950.0
3993,1,4,3,1,13.0,1.0,3,1,1,1,1,0,0,0,0,0,1,0,0,0,0,0,0,0,1,0,0,1,0,0,0,0,0,0,0,0,0,0,0,0,0,0,0,0,1,0,0,0,0,0,437700.1875,435000.0
3992,1,4,2,1,5.0,1.0,1,1,1,1,0,0,1,0,0,0,0,0,1,0,0,0,0,0,0,1,0,0,0,0,0,0,0,0,0,0,0,0,0,0,1,0,0,0,1,0,0,0,0,0,295696.75,300000.0
1146,0,3,1,1,1.0,1.0,2,1,1,1,1,1,0,0,0,1,1,0,0,0,0,1,0,0,0,0,0,0,0,0,0,0,0,0,0,0,0,0,0,1,1,0,0,1,0,0,0,0,0,0,941.4822998046875,895.0
1163,0,3,1,1,12.0,2.0,2,1,1,1,1,2,1,0,0,0,0,0,1,0,0,1,0,0,1,0,1,0,1,0,0,0,0,0,1,0,0,0,0,1,1,0,0,1,0,0,0,0,0,0,483.3846740722656,900.0
1094,0,3,0,1,0.0,1.0,0,1,0,0,0,2,0,0,0,0,0,0,0,1,1,0,0,0,0,0,0,0,0,0,0,0,0,0,1,0,0,0,0,1,0,0,0,1,1,0,0,0,0,0,977.7576904296875,525.0
1136,0,3,1,1,11.0,6.0,4,1,2,1,0,3,0,0,0,0,0,0,0,1,0,0,0,0,1,0,1,0,1,0,0,0,0,0,1,0,0,0,0,0,1,0,0,1,1,0,0,0,0,0,1178.4588623046875,895.0
1095,0,3,0,1,0.0,1.0,1,1,1,1,0,0,1,0,0,1,0,0,0,0,0,1,0,0,1,1,1,0,0,0,0,0,0,0,1,0,0,0,0,1,0,0,0,1,1,0,0,0,0,0,974.1522216796875,725.0
1103,0,3,1,1,11.0,5.0,2,1,1,0,1,2,0,0,0,0,0,0,0,0,1,0,0,0,1,0,0,0,1,1,0,0,0,0,1,0,0,0,0,1,1,0,0,1,0,0,0,0,0,0,1189.5174560546875,825.0
1152,0,3,2,1,8.0,4.0,2,1,1,1,2,2,1,0,0,0,0,0,1,0,0,1,0,0,1,0,1,0,1,0,0,0,0,0,1,0,0,0,0,1,1,0,0,1,0,0,0,0,0,0,63.224517822265625,875.0
1140,0,3,5,1,10.0,1.0,5,1,1,2,1,7,0,0,0,1,1,0,0,0,0,1,0,0,1,0,1,0,1,0,0,0,0,0,1,0,0,0,0,1,1,0,0,1,0,0,0,0,0,0,1172.0487060546875,1600.0
1147,0,3,0,1,13.0,2.0,1,1,1,1,2,2,0,0,0,0,0,0,0,1,0,0,0,0,1,0,0,1,1,0,0,0,1,0,0,0,0,0,0,1,1,0,0,1,0,0,0,0,0,0,0.0,695.0
1096,0,3,0,3,10.0,1.0,1,1,1,0,1,3,1,0,0,0,0,0,1,0,0,0,0,1,0,0,0,0,0,0,0,0,0,0,1,0,0,0,0,0,1,0,1,0,0,0,0,0,0,0,531.4705810546875,695.0
1135,0,3,0,1,6.0,2.0,1,1,0,1,1,0,0,1,0,0,0,0,0,1,0,0,0,0,0,1,0,0,0,0,0,0,1,0,0,0,0,1,0,1,1,0,0,1,0,0,0,0,0,0,937.6180419921875,645.0
1092,0,3,0,1,13.0,3.0,1,1,1,1,1,0,0,0,0,0,0,0,0,1,1,0,0,0,0,0,0,0,1,0,0,0,1,0,0,0,0,0,0,1,0,0,0,1,1,0,0,0,0,0,340.5858459472656,625.0
1153,0,3,0,1,6.0,2.0,1,1,1,0,0,2,0,0,0,0,0,0,0,1,1,0,0,0,0,0,1,0,1,0,0,0,0,0,1,0,0,0,0,1,0,0,0,1,1,0,0,0,0,0,1105.7420654296875,625.0
1140,0,3,3,1,6.0,1.0,2,1,1,1,1,1,0,1,0,0,0,0,0,0,0,0,0,0,0,0,0,0,0,0,0,0,0,0,1,0,0,0,0,0,1,0,1,0,0,0,0,0,0,0,760.2401123046875,825.0
1165,0,3,1,1,8.0,2.0,2,1,0,1,0,1,1,0,0,0,0,0,1,0,0,0,0,0,0,1,0,1,0,0,0,0,0,0,0,0,0,0,0,0,0,0,0,0,1,0,0,0,0,0,838.6229248046875,875.0
1097,0,3,0,1,11.0,4.0,1,1,1,1,1,2,0,0,0,0,0,0,0,1,1,0,0,0,0,0,0,0,1,0,0,1,0,0,1,0,0,0,0,1,1,0,0,1,0,0,0,0,0,0,1217.6248779296875,650.0
1142,1,1,0,1,6.0,7.0,0,1,0,0,0,2,0,0,0,0,0,0,0,0,0,0,0,0,0,0,0,0,0,0,0,0,0,0,1,0,0,0,0,0,1,0,1,0,0,0,0,0,0,0,101967.625,117500.0
1133,0,3,2,1,12.0,4.0,3,1,1,0,0,4,0,0,0,1,0,0,1,0,0,1,0,0,0,0,1,0,0,1,1,0,0,0,1,0,0,0,0,1,0,0,0,0,1,0,0,0,0,0,1122.9783935546875,950.0
1125,1,2,1,3,6.0,2.0,4,1,1,3,1,1,0,0,0,1,0,0,1,0,0,1,0,0,1,0,1,1,0,0,0,0,0,0,1,0,0,0,0,1,1,0,0,1,0,0,0,0,0,0,248420.484375,250000.0
1127,0,3,1,1,11.0,4.0,1,1,1,1,1,1,0,0,0,0,0,0,0,1,1,0,0,1,0,0,0,0,0,0,0,0,0,0,1,0,0,0,0,1,1,0,0,1,0,0,0,0,0,0,832.9139404296875,695.0
5362,0,3,0,1,33.0,15.0,2,1,0,1,1,1,0,0,0,0,0,0,0,1,0,0,0,0,0,0,1,0,0,0,0,0,0,0,1,0,0,0,0,1,0,0,0,0,0,0,0,0,0,0,738.9979248046875,600.0
4676,0,3,1,1,6.0,4.0,2,1,1,1,1,2,0,0,0,0,0,0,0,0,0,0,0,0,0,0,0,0,0,0,0,0,0,0,1,0,0,0,0,0,1,0,0,0,1,0,0,0,0,0,537.0408935546875,550.0
3564,0,3,0,1,6.0,2.0,1,1,1,0,0,1,1,0,0,0,0,0,1,0,0,1,0,0,0,0,0,0,0,0,0,0,0,0,1,0,0,0,0,0,0,0,1,0,0,0,0,0,0,0,602.0916748046875,475.0
3575,0,3,3,1,16.0,7.0,3,1,0,1,1,8,0,0,0,1,0,0,1,0,0,0,0,0,1,0,1,1,0,0,0,0,1,0,0,0,0,0,0,0,0,0,0,0,0,0,1,0,0,0,602.0975341796875,1250.0
3560,0,3,1,1,26.0,4.0,2,1,1,1,1,3,1,0,0,0,0,0,1,0,0,0,0,0,1,0,1,0,1,0,0,0,0,0,1,0,0,0,0,1,0,0,0,1,1,0,0,0,0,0,686.6502685546875,695.0
3563,0,3,1,1,7.0,2.0,2,1,1,1,0,1,0,0,0,0,0,0,0,0,0,0,0,0,0,0,0,0,0,0,0,0,0,0,1,0,0,0,0,0,0,0,1,0,0,0,0,0,0,0,350.1151428222656,725.0
3570,0,3,4,1,1.0,1.0,2,1,1,2,1,3,0,0,0,0,0,1,1,0,0,0,0,0,0,0,0,0,0,0,0,0,0,0,1,0,0,0,0,1,1,0,0,0,0,0,0,0,0,0,0.0,1150.0
3566,0,3,5,3,1.0,1.0,5,1,1,1,1,8,0,0,0,1,1,0,1,0,0,0,0,0,1,0,1,0,1,0,0,0,0,0,0,0,0,0,0,1,0,0,0,0,1,0,0,0,0,0,0.0,1000.0
3378,0,3,0,1,8.0,1.0,3,1,0,1,1,5,0,0,0,0,0,0,0,1,0,0,0,0,0,0,0,0,0,0,0,0,0,0,1,0,0,0,0,0,0,0,0,0,0,0,0,0,0,0,318.4706115722656,800.0
3557,0,3,2,1,0.0,0.0,4,1,1,1,1,5,0,0,0,0,0,0,1,0,0,0,0,0,1,0,0,1,1,0,0,0,0,0,1,0,0,0,0,1,1,0,0,0,0,0,0,0,0,0,1480.4490966796875,1600.0
3482,0,3,0,1,2.0,0.0,0,1,0,1,0,2,0,0,0,0,0,0,0,1,0,0,0,0,0,0,0,0,0,0,0,0,0,0,1,0,0,0,0,0,0,0,1,0,0,0,0,0,0,0,454.8612365722656,525.0
3572,0,3,4,1,10.0,3.0,2,1,0,2,1,3,0,0,0,0,1,0,1,0,0,0,0,0,1,0,0,0,0,0,0,0,0,0,1,0,0,0,0,0,0,0,0,0,0,0,1,0,0,0,1141.3846435546875,850.0
3569,0,3,0,1,0.0,0.0,1,1,1,1,1,2,0,0,0,0,0,0,0,0,0,0,0,0,0,0,0,0,0,0,0,0,0,0,1,0,0,0,0,0,0,0,1,0,0,0,0,0,0,0,559.2479248046875,950.0
4121,1,4,5,1,9.0,2.0,2,1,1,1,1,4,0,0,0,1,1,0,1,0,0,0,0,0,1,0,0,0,0,1,1,0,0,0,0,0,0,0,0,1,1,0,0,0,1,0,0,0,0,0,526349.0,525000.0
4101,1,4,4,1,12.0,8.0,3,1,2,0,1,3,0,0,0,1,0,0,1,0,0,1,0,0,1,0,0,0,0,1,1,0,0,0,0,0,0,0,0,1,1,0,0,0,1,0,0,0,0,0,599181.0625,475000.0
4065,1,4,4,1,6.0,1.0,3,1,1,1,1,5,0,0,0,1,1,0,1,0,0,0,0,0,1,0,0,0,0,1,1,0,0,0,0,0,0,0,0,1,1,0,0,1,0,0,0,0,0,0,544160.25,550000.0
4157,0,3,6,1,6.0,2.0,5,1,1,1,1,5,0,0,0,1,1,0,1,0,0,0,0,0,1,0,0,0,0,1,0,1,0,0,0,0,0,0,0,1,1,0,0,0,1,0,0,0,0,0,0.0,3550.0
4076,1,4,3,3,4.0,1.0,3,1,1,0,1,4,0,0,0,0,1,0,1,0,0,0,1,0,1,0,0,0,0,1,1,0,0,0,0,0,0,0,0,1,1,0,0,0,1,0,0,0,0,0,377085.21875,375000.0
4140,1,4,2,1,9.0,5.0,1,1,1,1,0,1,1,0,0,0,0,0,1,0,0,1,0,0,0,1,0,0,0,0,0,0,0,0,0,0,0,0,0,1,1,0,0,0,1,0,0,0,0,0,208441.703125,210000.0
4079,1,7,2,1,2.0,3.0,2,1,1,1,1,3,0,0,0,0,1,0,1,0,0,0,0,0,1,0,0,0,0,1,1,0,1,0,0,0,0,0,0,1,1,0,0,1,0,0,0,0,0,0,283381.5,290000.0
4123,0,3,2,1,5.0,1.0,2,1,1,1,0,0,0,0,0,0,0,0,1,0,0,1,1,0,0,0,0,0,0,0,0,0,0,0,0,0,0,0,0,1,1,0,0,0,1,0,0,0,0,0,966.1932373046875,1000.0
4147,1,4,2,1,7.0,4.0,1,1,1,0,1,1,0,1,0,0,0,0,1,0,0,0,0,1,0,0,0,1,0,0,0,0,0,0,0,0,0,0,0,1,1,0,0,0,1,0,0,0,0,0,174098.203125,210000.0
4055,0,3,2,1,4.0,2.0,2,1,1,1,1,2,1,0,0,0,0,0,1,0,0,1,0,0,0,1,0,0,0,0,0,0,0,1,0,0,0,0,0,1,1,0,0,0,1,0,0,0,0,0,2122.884765625,1400.0
4071,1,4,4,3,15.0,2.0,3,1,1,2,0,6,0,0,0,1,0,0,1,0,0,1,0,0,1,0,0,0,0,1,1,0,0,0,0,0,0,0,0,1,1,0,0,0,1,0,0,0,0,0,527263.875,525000.0
4064,1,4,3,1,12.0,2.0,3,1,1,2,1,1,0,0,0,0,0,0,0,1,0,0,0,0,1,0,0,0,0,1,1,0,0,0,0,0,0,0,0,0,1,0,0,1,1,0,0,0,0,0,570442.125,425000.0
4052,0,3,2,1,3.0,1.0,2,1,1,1,1,2,0,0,0,0,0,0,1,1,0,0,1,0,1,0,0,0,0,1,1,0,0,0,0,0,0,0,0,0,1,0,0,1,1,0,0,0,0,0,1059.1600341796875,1400.0
4077,1,7,3,1,7.0,2.0,4,1,1,1,0,5,0,0,0,1,0,0,1,0,0,1,0,0,1,0,0,0,0,1,1,0,0,0,0,0,0,0,0,1,1,0,0,1,0,0,0,0,0,0,655350.6875,650000.0
4131,1,4,3,1,6.0,5.0,2,1,1,1,0,1,0,0,0,0,0,0,0,1,0,0,0,0,1,0,0,0,0,1,1,0,0,0,0,0,0,0,0,0,1,0,0,0,1,0,0,0,0,0,375656.3125,375000.0
4124,1,4,4,1,15.0,2.0,3,1,1,1,1,3,0,0,0,1,0,0,1,0,0,1,0,0,1,0,0,0,0,1,1,0,0,0,0,0,0,0,0,1,1,0,0,1,0,0,0,0,0,0,689042.3125,700000.0
4067,1,4,5,1,8.0,2.0,3,1,1,2,1,6,0,0,0,1,1,0,1,0,0,0,0,0,1,0,0,1,0,1,0,0,0,0,0,0,0,0,0,1,1,0,0,1,0,0,0,0,0,0,577021.125,580000.0
2135,0,3,4,1,0.0,1.0,3,1,1,1,0,2,0,0,0,0,0,0,1,0,0,0,0,0,1,0,0,1,0,0,0,0,0,0,1,0,0,0,0,0,1,0,0,0,1,0,0,0,0,0,1325.6190185546875,1500.0
2116,1,4,5,1,3.0,0.0,5,1,2,2,1,5,0,0,0,1,1,0,1,0,0,0,0,0,1,0,0,1,1,0,0,0,0,0,1,0,0,0,0,0,1,0,0,0,1,0,0,0,0,0,751577.5,749500.0
1253,1,7,0,1,15.0,2.0,3,1,0,1,1,2,0,0,0,0,0,0,0,1,1,0,0,0,1,0,0,0,1,0,0,0,0,0,0,0,0,0,0,1,1,0,0,0,1,0,0,0,0,0,181029.953125,170000.0
1287,1,7,2,1,22.0,2.0,4,1,0,2,2,7,0,0,0,1,1,0,1,0,0,0,0,0,1,0,1,0,1,0,0,0,0,0,0,0,0,0,0,1,1,0,0,0,1,0,0,0,0,0,370420.15625,375000.0
1250,1,7,2,1,9.0,1.0,3,1,0,1,1,2,0,0,0,1,0,0,1,0,0,0,0,0,1,0,1,1,0,0,0,0,0,0,0,0,0,0,0,1,1,0,0,0,1,0,0,0,0,0,226552.78125,300000.0
1294,1,7,5,1,5.0,1.0,5,1,0,1,1,7,0,0,0,1,1,0,1,0,0,0,0,0,1,0,1,0,1,0,0,0,0,0,0,0,0,0,0,1,1,0,0,0,1,0,0,0,0,0,548127.3125,550000.0
1313,1,6,2,1,24.0,1.0,3,1,0,1,1,2,0,0,0,1,1,0,1,0,0,0,0,0,0,0,0,1,1,0,1,0,0,0,0,0,0,0,0,0,0,0,0,1,0,0,0,0,0,0,302137.8125,300000.0
1308,1,7,2,1,21.0,10.0,2,1,0,1,1,1,0,0,0,0,0,0,0,1,0,0,0,0,0,0,0,0,1,0,0,1,0,0,0,0,0,0,0,1,1,0,0,0,1,0,0,0,0,0,164074.03125,160000.0
1315,1,7,3,1,13.0,1.0,4,1,0,1,1,3,0,0,0,0,1,0,1,0,0,0,0,0,0,0,0,0,1,0,1,1,0,0,0,0,0,0,0,0,0,0,0,0,1,0,0,0,0,1,398323.46875,400000.0
1324,1,7,2,1,12.0,3.0,3,1,0,1,1,5,0,0,0,0,0,0,1,1,0,0,0,0,0,0,0,0,0,0,0,0,0,0,0,0,0,0,0,0,1,0,0,0,1,0,0,0,0,0,156070.765625,200000.0
371,1,6,2,1,12.0,1.0,4,1,0,2,1,7,0,0,0,1,0,0,0,0,0,0,0,0,1,0,1,0,0,1,0,0,1,0,0,0,0,0,0,0,1,0,0,0,1,0,0,0,0,0,273265.5,300000.0
373,1,6,3,1,7.0,1.0,5,2,1,1,0,9,0,0,0,1,1,0,0,0,0,0,0,0,0,0,1,0,0,0,1,0,1,0,0,0,0,0,0,0,1,0,0,0,1,0,0,1,0,0,264989.9375,265000.0
5083,0,3,1,1,0.0,1.0,2,1,1,1,0,0,0,0,0,1,0,0,0,0,0,0,0,0,1,0,0,1,0,0,0,0,1,0,0,0,0,0,0,0,0,0,0,0,1,0,0,0,0,0,741.7908935546875,750.0
5108,0,3,0,1,0.0,0.0,1,1,1,1,0,0,0,0,0,0,0,0,0,0,0,0,0,0,0,0,0,0,0,0,0,0,0,0,1,0,0,0,0,0,0,0,1,0,0,0,0,0,0,0,663.1658935546875,525.0
5087,0,3,0,1,3.0,3.0,2,1,1,1,1,1,0,0,0,0,0,0,1,0,0,0,0,0,0,1,0,0,0,0,0,0,0,0,1,0,0,0,0,0,0,0,1,0,0,0,0,0,0,0,853.1229248046875,750.0
2512,0,3,3,1,13.0,8.0,2,1,1,1,0,3,0,1,0,0,1,0,1,0,0,0,0,0,0,1,0,0,0,0,0,0,0,0,0,0,0,0,0,0,1,0,0,0,1,0,0,0,0,0,0.0,795.0
2575,0,3,1,1,29.0,14.0,3,1,1,2,1,5,0,0,0,0,0,0,0,1,0,0,0,0,0,0,0,0,0,0,0,1,0,0,0,0,0,0,0,0,1,0,0,1,0,0,0,0,0,0,328.3807678222656,900.0
2495,1,4,0,3,56.0,12.0,2,1,1,0,0,6,0,0,0,0,0,0,0,1,0,0,0,0,1,0,1,0,0,1,0,0,0,0,1,0,0,0,0,0,1,0,0,0,1,0,0,0,0,0,158172.53125,110000.0
4743,0,3,1,1,0.0,0.0,2,1,1,1,0,1,0,0,0,0,0,0,0,1,1,0,0,0,0,1,0,0,0,0,0,0,0,0,1,0,0,0,0,0,0,0,0,0,1,0,0,0,0,0,1383.1893310546875,1500.0
3960,0,3,2,1,2.0,1.0,2,1,2,1,0,2,0,0,0,0,0,0,0,1,1,0,0,0,0,0,0,0,0,0,0,1,0,1,0,0,0,0,0,0,1,0,1,0,0,0,0,0,0,0,807.7635498046875,838.0
4743,0,3,1,1,0.0,0.0,2,1,1,1,0,1,0,0,0,0,0,0,0,1,1,0,0,0,0,1,0,0,0,0,0,0,0,0,1,0,0,0,0,0,0,0,0,0,1,0,0,0,0,0,1383.1893310546875,1500.0
2356,1,6,1,1,12.0,4.0,2,1,1,1,1,0,1,0,0,0,0,0,0,0,0,0,0,0,0,1,0,0,0,0,0,0,0,0,0,0,0,0,0,0,0,0,1,0,0,0,0,0,0,0,105103.25,105000.0
203,1,7,2,1,0.0,5.0,3,1,0,1,1,5,0,0,0,1,1,0,1,0,0,0,0,0,1,0,1,0,0,1,0,0,0,0,1,0,0,0,0,0,1,0,0,1,1,0,0,0,0,0,217681.15625,220000.0
287,1,4,4,1,7.0,4.0,4,1,2,1,1,10,0,0,0,1,0,0,1,0,0,0,0,0,1,0,0,1,0,0,1,0,0,0,1,0,0,0,0,0,1,0,0,1,1,0,0,0,0,0,263800.625,260000.0
3083,1,7,2,1,14.0,2.0,3,1,1,1,1,7,0,0,0,1,1,0,1,0,0,0,0,0,0,0,0,1,0,1,1,0,1,0,0,0,0,0,0,0,1,0,0,0,1,0,0,0,0,0,254897.421875,255000.0
3332,1,2,1,1,21.0,2.0,2,1,0,1,0,3,0,0,0,0,0,0,0,1,0,0,0,0,1,0,1,0,0,1,0,0,0,0,1,0,0,0,0,0,1,0,0,1,1,0,0,0,0,0,181516.890625,180000.0
2420,0,3,0,1,24.0,10.0,2,1,0,1,1,1,0,0,0,0,0,0,0,1,0,0,0,0,1,0,0,0,0,0,0,0,0,0,1,0,0,0,0,0,0,0,1,0,0,0,0,0,0,0,641.5408935546875,650.0
2405,0,3,0,1,14.0,10.0,2,1,0,1,0,2,0,0,0,0,0,0,0,0,0,0,0,0,1,0,0,0,0,0,1,0,0,0,1,0,0,0,0,0,1,0,0,0,1,0,0,0,0,0,711.6180419921875,650.0
2404,0,3,2,1,17.0,6.0,3,1,1,1,0,5,0,0,0,0,1,0,1,0,0,0,0,0,0,0,0,0,0,0,1,0,0,0,1,0,0,0,0,0,1,0,0,0,1,0,0,0,0,0,893.3612060546875,900.0
3979,1,2,3,1,6.0,1.0,3,1,1,2,1,1,0,0,0,1,0,0,1,0,0,0,0,0,1,0,0,0,0,0,1,0,0,0,0,0,0,0,0,0,0,0,0,0,1,0,0,0,0,0,420790.6875,450000.0
641,0,3,1,1,3.0,1.0,1,1,0,1,0,2,0,0,0,0,0,0,0,0,0,0,0,0,0,0,0,0,0,0,0,0,0,0,0,0,0,0,0,0,1,0,1,0,0,0,0,0,0,0,1043.6268310546875,900.0
673,1,2,3,3,38.0,10.0,3,1,0,2,1,4,0,0,0,1,1,0,1,0,0,0,0,0,1,0,0,1,0,0,0,0,0,0,0,0,0,0,0,1,0,0,0,1,0,0,0,0,0,0,315881.84375,400000.0
641,1,2,1,1,6.0,2.0,1,1,0,1,0,3,0,0,0,0,1,0,0,0,0,0,0,0,0,1,0,0,0,0,0,0,0,0,0,0,0,0,0,0,1,0,1,0,0,0,0,0,0,0,148461.265625,150000.0
656,1,2,3,1,25.0,4.0,3,1,0,1,1,3,0,0,0,1,0,0,0,0,0,0,0,0,1,0,0,0,0,0,0,0,0,0,0,0,0,0,0,1,1,0,0,0,0,0,0,0,0,0,502640.25,500000.0
659,1,2,2,1,14.0,5.0,3,1,1,1,1,3,0,0,0,1,0,0,0,0,0,0,1,0,1,0,0,1,0,0,0,0,0,0,0,0,0,0,0,0,0,0,0,0,1,0,0,0,0,0,314538.5625,350000.0
658,1,2,2,1,18.0,2.0,2,1,0,1,1,2,0,0,0,0,0,0,0,1,0,0,0,0,1,0,0,0,0,0,0,0,0,0,0,0,0,0,0,0,0,0,0,0,1,0,0,0,0,0,273289.5,270000.0
1475,0,3,3,1,6.0,2.0,3,1,1,1,1,3,0,0,0,1,0,0,0,0,0,0,0,0,1,0,0,1,0,0,0,0,0,0,1,0,0,0,0,1,1,0,0,0,0,0,0,0,0,0,934.9041748046875,1450.0
1483,1,4,2,1,6.0,2.0,2,1,1,1,1,0,1,0,0,0,0,0,0,0,0,0,0,0,0,0,0,0,0,0,0,0,0,0,0,0,0,0,0,0,1,0,0,0,1,0,0,0,0,0,171759.359375,170000.0
1489,1,4,2,1,20.0,0.0,3,1,1,0,1,0,0,0,0,1,1,0,0,0,0,0,0,0,1,0,0,0,0,0,0,0,0,0,0,0,0,0,0,0,0,0,0,0,1,0,0,0,0,0,350727.5,340000.0
1492,1,4,1,1,37.0,19.0,1,1,1,1,1,0,0,0,0,1,0,0,1,0,0,1,0,0,1,0,1,0,0,1,0,0,0,0,1,0,0,0,0,1,1,0,0,0,1,0,0,0,0,0,319830.5,225000.0
3470,1,6,0,1,12.0,1.0,1,1,1,2,0,1,0,0,0,0,0,0,0,0,0,0,0,0,0,0,0,0,0,0,0,0,0,0,0,0,0,0,0,0,1,0,0,0,1,0,0,0,0,0,107238.6484375,110000.0
3443,1,6,2,1,5.0,1.0,5,1,0,1,1,5,0,0,0,0,1,0,1,0,0,0,0,0,0,0,1,0,1,0,1,0,0,0,0,0,0,0,0,0,1,0,0,0,1,0,0,0,0,0,248473.859375,250000.0
3471,1,4,0,1,12.0,1.0,2,1,1,1,0,1,0,0,0,0,0,0,0,1,0,0,0,0,0,0,0,0,0,0,0,0,0,0,0,0,0,0,0,0,1,0,0,0,1,0,0,0,0,0,81352.4921875,80000.0
3464,1,6,1,1,15.0,1.0,3,1,1,1,1,1,0,0,0,0,0,0,0,1,0,0,0,0,0,0,1,1,1,0,0,0,0,0,0,0,0,0,0,0,1,0,0,0,1,0,0,0,0,0,210145.390625,180000.0
3468,1,6,0,1,19.0,4.0,3,1,1,1,0,2,0,0,0,0,0,0,0,1,0,0,0,0,1,0,0,0,1,0,0,0,0,0,0,0,0,0,0,0,1,0,0,0,1,0,0,0,0,0,157803.484375,160000.0
3434,1,6,0,1,12.0,1.0,2,1,1,1,0,1,0,0,0,0,0,0,0,1,0,0,0,0,0,0,0,0,0,0,0,0,0,0,0,0,0,0,0,0,1,0,0,0,1,0,0,0,0,0,76343.0234375,80000.0
3453,1,6,0,1,11.0,1.0,3,1,1,1,1,0,0,0,0,0,0,0,0,1,0,0,0,0,0,0,1,0,1,0,0,0,0,0,0,0,0,0,0,0,1,0,0,0,1,0,0,0,0,0,125241.6015625,125000.0
3455,0,3,0,1,17.0,3.0,3,1,1,1,0,1,0,0,0,0,0,0,0,1,0,0,0,0,0,0,0,0,1,0,0,0,0,0,0,0,0,0,0,0,1,0,0,0,1,0,0,0,0,0,745.5643310546875,750.0
3463,1,6,0,1,11.0,1.0,2,1,1,1,1,1,0,0,0,0,0,0,1,1,0,0,0,0,0,0,0,1,1,0,0,0,0,0,0,0,0,0,0,0,1,0,0,0,1,0,0,0,0,0,162072.5,165000.0
3460,1,6,0,2,16.0,2.0,3,1,1,1,0,0,0,0,0,0,0,0,0,1,0,0,0,0,1,0,0,0,0,0,0,0,0,0,0,0,0,0,0,0,0,0,0,0,0,0,0,0,0,0,47033.6875,45000.0
3469,1,6,5,1,12.0,1.0,6,1,1,2,1,5,0,0,0,1,1,0,0,0,0,1,0,0,0,0,1,1,0,0,1,0,0,0,0,0,0,0,0,0,1,1,0,0,0,0,0,1,0,0,460366.3125,450000.0
3439,1,6,0,1,9.0,1.0,2,1,1,1,1,0,0,0,0,0,0,0,0,1,0,0,0,0,0,0,0,1,0,0,1,0,0,0,0,0,0,0,0,0,1,0,0,0,1,0,0,0,0,0,134178.9375,135000.0
3440,0,3,0,1,13.0,5.0,2,1,1,1,1,2,0,0,0,0,0,0,0,1,0,0,0,0,1,0,0,1,0,0,0,0,0,0,0,0,0,0,0,0,0,0,0,0,1,0,0,0,0,0,650.7811279296875,595.0
3459,1,6,2,1,43.0,9.0,3,1,1,1,1,1,0,0,0,1,0,0,0,0,0,0,0,0,1,0,0,0,1,0,0,0,0,0,0,0,0,0,0,0,1,0,0,0,1,0,0,0,0,0,266583.375,280000.0
5369,0,3,1,1,3.0,3.0,2,1,1,1,0,1,0,0,0,0,0,0,0,1,1,0,0,0,1,0,0,0,1,0,0,0,0,0,1,0,0,0,0,1,0,0,0,0,1,0,0,0,0,0,1112.8065185546875,975.0
5379,0,3,1,1,4.0,1.0,2,1,1,1,0,3,1,0,0,1,0,0,0,0,0,0,0,0,1,0,0,0,0,1,0,0,0,0,1,0,0,0,0,1,0,0,0,0,1,0,0,0,0,0,932.4725341796875,825.0
5395,0,3,0,1,4.0,9.0,1,1,1,1,0,1,0,0,0,1,0,0,1,0,0,0,0,0,1,0,0,0,1,0,0,0,0,0,1,0,0,0,0,1,0,0,0,1,1,0,0,0,0,0,452.2206115722656,700.0
5466,0,3,1,1,1.0,3.0,2,1,0,1,1,3,0,0,0,0,0,0,0,1,0,0,0,1,0,0,0,0,1,0,0,0,0,0,0,0,0,0,0,0,0,0,0,1,1,0,0,0,0,0,573.5330810546875,950.0
5355,0,3,1,1,7.0,7.0,2,1,0,1,1,2,1,0,0,0,0,0,1,0,0,1,0,0,0,1,0,0,0,0,0,0,0,0,1,0,0,0,0,0,0,1,1,0,0,0,0,0,0,0,546.0838623046875,795.0
3123,1,2,0,1,11.0,4.0,2,2,2,0,2,5,0,1,0,0,0,0,0,0,0,0,0,0,0,0,0,0,0,0,0,1,0,0,0,0,0,0,0,0,1,0,1,0,0,0,0,0,0,0,125119.609375,130000.0
2151,1,4,0,1,15.0,1.0,3,1,0,1,1,3,0,0,0,1,0,0,0,0,0,0,0,0,1,0,0,0,0,0,0,0,0,0,0,0,0,0,0,1,0,0,0,0,0,0,0,0,0,0,202275.34375,200000.0
5090,1,7,1,1,8.0,6.0,3,1,1,1,1,3,0,0,0,1,0,1,1,0,0,0,0,0,1,0,1,1,0,0,0,0,1,0,1,0,0,0,0,0,0,0,0,0,0,1,0,0,0,0,205972.703125,200000.0
5086,0,3,0,1,6.0,2.0,1,1,1,0,0,1,0,0,0,0,0,0,0,1,0,0,0,0,0,0,0,0,0,0,0,0,0,0,1,0,0,0,0,0,0,0,1,0,0,0,0,0,0,0,393.0370178222656,550.0
5092,1,0,1,1,7.0,7.0,2,1,0,2,1,1,0,0,0,1,0,0,1,0,0,0,0,0,1,0,1,0,0,0,0,0,1,0,0,0,0,0,0,0,1,0,0,0,1,0,0,0,0,0,118948.6484375,122475.0
5103,0,3,1,1,3.0,3.0,2,1,2,1,1,1,0,0,0,0,0,0,0,1,0,0,0,0,0,0,1,0,0,1,0,0,0,0,1,0,0,0,0,0,0,0,0,0,0,0,1,0,0,0,451.2049865722656,750.0
5110,1,2,2,1,5.0,2.0,3,1,1,1,1,3,0,0,0,1,1,0,1,0,0,0,0,0,1,0,0,1,0,1,0,0,0,0,0,0,0,0,0,0,0,1,1,0,0,0,0,0,0,0,328932.3125,315000.0
5104,1,7,1,1,11.0,6.0,3,1,1,1,0,0,0,0,0,1,1,0,0,0,0,0,0,0,1,0,1,1,0,0,0,0,1,0,0,0,0,0,0,1,1,0,0,0,0,0,1,0,0,0,281707.8125,280000.0
5074,1,4,0,1,3.0,3.0,1,1,1,1,1,0,0,0,0,0,0,0,0,0,0,0,0,0,0,0,0,0,0,0,0,0,0,0,1,0,0,0,0,0,0,0,0,0,1,0,0,0,0,0,81780.8046875,80000.0
5114,1,7,0,1,9.0,2.0,1,1,1,0,0,1,1,0,0,0,0,0,1,0,0,0,0,0,0,0,0,0,0,0,0,0,0,0,1,0,0,0,0,1,0,0,0,0,1,0,0,0,0,0,122417.2578125,150000.0
5108,0,3,0,1,14.0,6.0,1,1,1,1,0,0,0,0,0,0,0,0,0,0,0,0,0,0,0,0,0,0,0,0,0,0,0,0,1,0,0,0,0,0,0,0,1,0,0,0,0,0,0,0,553.4920654296875,525.0
5078,0,3,0,1,0.0,1.0,2,1,0,1,0,1,0,0,0,0,0,0,1,0,0,0,0,0,0,0,0,0,0,0,0,0,0,0,1,0,0,0,0,0,0,0,1,0,0,0,0,0,0,0,498.4901428222656,675.0
2142,0,3,3,1,3.0,3.0,3,1,0,1,1,5,0,0,0,1,0,0,1,0,0,0,0,0,1,0,0,1,0,0,0,0,0,0,0,0,0,0,0,0,1,0,0,0,1,0,0,0,0,0,1127.2987060546875,1800.0
3759,1,2,5,1,4.0,0.0,4,1,1,2,1,7,0,0,0,0,1,0,1,0,0,0,0,0,1,0,0,1,0,1,0,0,0,0,0,0,0,0,0,0,0,0,0,0,1,0,0,0,0,0,589698.0,585000.0
560,0,3,3,1,9.0,2.0,2,1,1,1,0,3,0,0,0,0,0,0,1,0,0,0,0,0,1,0,0,0,0,0,0,0,0,0,0,0,0,0,0,0,0,0,0,0,1,0,0,0,0,0,1062.2987060546875,1375.0
4748,1,4,3,1,9.0,1.0,4,1,1,1,1,6,0,0,0,0,0,0,0,0,0,0,0,0,1,0,1,0,0,0,0,0,0,0,0,0,0,0,0,0,0,0,0,0,1,0,0,0,0,0,205989.59375,200000.0
2454,0,3,1,1,23.0,11.0,2,1,0,1,1,4,0,0,0,0,0,0,1,1,0,0,0,0,0,0,0,0,0,1,1,0,0,0,1,0,0,0,0,0,1,0,0,0,1,0,0,0,0,0,367.9627990722656,775.0
2212,1,6,1,1,10.0,3.0,3,1,0,1,1,6,0,0,0,1,1,0,1,0,0,0,0,0,0,0,0,1,0,0,1,0,0,0,1,0,0,0,0,0,1,0,0,0,1,0,0,1,0,0,220824.578125,215000.0
2211,1,6,2,1,6.0,1.0,3,1,0,1,1,6,0,0,0,1,1,0,1,0,0,0,0,0,0,0,0,0,0,0,1,0,0,0,0,0,0,1,0,0,1,0,0,0,1,0,0,0,0,0,226278.046875,220000.0
2210,1,6,2,1,20.0,4.0,3,1,0,1,1,5,0,0,0,1,1,0,1,0,0,0,0,0,0,0,0,0,0,0,1,0,0,0,1,0,0,0,0,0,1,0,0,0,1,0,0,0,0,0,188042.90625,220000.0
2229,1,2,2,1,17.0,3.0,3,1,0,1,1,5,0,0,0,1,1,0,1,0,0,0,0,0,0,0,0,0,1,1,1,0,1,0,0,0,0,0,0,0,1,0,0,0,1,0,0,0,0,0,301286.71875,300000.0
2452,1,6,0,1,6.0,2.0,2,1,0,1,1,1,0,0,0,0,0,0,0,1,0,0,0,0,0,0,0,0,1,0,1,0,0,0,1,0,0,0,0,0,1,0,0,0,1,0,0,0,0,0,130387.2578125,180000.0
2251,1,6,4,1,19.0,2.0,4,1,0,1,1,10,0,0,0,1,1,0,1,0,0,0,0,0,0,0,0,0,0,1,1,0,1,0,0,0,0,0,0,0,1,0,0,0,1,0,0,0,0,0,453048.34375,450000.0
2208,1,6,2,1,5.0,2.0,3,1,0,1,1,7,0,0,0,1,1,0,0,0,0,0,0,0,0,0,0,0,0,1,1,0,0,0,0,0,0,1,0,0,1,0,0,0,1,0,0,0,0,0,233449.328125,225000.0
2201,1,6,1,1,16.0,6.0,2,1,0,1,1,5,0,0,0,1,0,0,1,0,0,0,0,0,0,0,0,0,0,0,1,0,1,0,0,0,0,1,0,0,1,0,0,0,1,0,0,0,0,0,181631.953125,180000.0
2258,1,6,3,1,10.0,3.0,3,1,0,1,1,8,0,0,0,1,1,0,1,0,0,0,0,0,0,0,1,0,0,1,1,0,1,0,0,0,0,0,0,0,1,0,0,0,1,0,0,0,0,0,300838.03125,300000.0
2217,1,6,1,1,15.0,4.0,3,1,0,1,1,5,0,0,0,1,0,0,1,0,0,0,0,0,0,0,0,0,0,1,1,0,0,0,1,0,0,0,0,0,1,0,0,0,1,0,0,0,0,0,145715.640625,230000.0
2224,1,2,2,1,41.0,12.0,3,1,0,1,1,8,0,0,0,1,0,0,0,0,0,0,0,0,0,0,0,1,1,0,1,0,1,0,0,0,0,0,0,0,1,0,0,0,1,0,0,0,0,0,264196.71875,260000.0
2242,1,2,3,1,9.0,3.0,4,1,0,1,1,12,0,0,0,1,1,0,1,0,0,0,0,0,0,0,0,0,0,1,1,1,1,0,0,0,0,1,0,0,1,0,0,0,1,0,0,1,0,0,548932.375,535000.0
2240,1,6,1,1,34.0,7.0,2,1,0,1,0,5,0,0,0,1,1,0,1,0,0,0,0,0,0,0,1,0,1,0,1,0,0,0,1,0,0,0,0,0,1,0,0,0,1,0,0,0,0,0,204546.171875,200000.0
2462,1,6,2,1,14.0,6.0,3,1,0,1,1,7,0,0,0,0,0,0,0,1,0,0,0,0,0,0,1,0,0,1,1,0,1,0,0,0,0,1,0,0,1,0,0,0,1,0,0,0,0,0,222887.25,220000.0
2219,1,2,1,3,39.0,0.0,3,1,0,1,1,6,0,0,0,1,0,0,1,0,0,0,0,0,0,0,0,0,1,1,1,0,0,0,1,0,0,0,0,0,1,0,0,0,1,0,0,0,0,0,254853.78125,165000.0
3174,1,4,0,1,15.0,2.0,2,1,0,1,0,5,0,0,0,1,0,0,1,0,0,0,0,0,0,0,1,1,0,0,1,0,0,0,1,0,0,0,0,0,1,0,0,0,1,0,0,0,0,0,133611.9375,145000.0
3198,1,4,1,1,8.0,1.0,3,1,1,2,1,4,0,0,0,1,0,0,1,0,0,0,0,0,1,0,1,0,0,0,1,0,1,0,0,0,0,1,0,0,1,0,0,0,1,0,0,0,0,0,194870.796875,190000.0
3138,0,3,0,1,15.0,1.0,3,1,0,1,1,6,0,0,0,0,0,0,0,1,0,0,0,0,0,0,1,0,0,1,1,0,0,0,1,0,0,0,0,0,1,0,0,0,1,0,0,0,0,0,292.6932678222656,700.0
3135,1,4,3,3,10.0,1.0,3,1,1,1,1,10,0,0,0,1,1,0,1,0,0,0,0,0,0,0,0,1,0,1,1,0,0,0,1,0,0,0,0,0,1,0,0,0,1,0,0,0,0,0,382360.15625,375000.0
3271,1,4,2,1,3.0,1.0,2,1,0,1,1,5,0,0,0,1,1,0,1,0,0,0,0,0,0,0,1,0,0,1,1,0,0,0,0,0,0,0,0,1,1,0,0,0,0,0,0,0,0,0,224354.265625,225000.0
3160,1,4,3,1,5.0,1.0,4,1,0,1,1,9,0,0,0,1,1,0,1,0,0,0,0,0,0,0,1,0,0,1,1,0,0,0,1,0,0,0,0,0,1,0,0,0,1,0,0,0,0,0,396873.25,310000.0
3218,1,4,2,3,9.0,1.0,4,1,0,1,1,6,0,0,0,1,1,0,1,0,0,0,0,0,0,0,1,0,0,1,1,0,0,0,1,0,0,0,0,0,1,0,0,0,1,0,0,0,0,0,354871.5625,350000.0
3119,1,4,5,1,9.0,2.0,5,1,0,3,2,7,0,0,0,1,1,0,1,0,0,0,0,0,0,0,1,0,0,1,0,0,0,0,1,0,0,0,0,0,1,0,0,0,1,0,0,0,0,0,404510.5,400000.0
3190,1,4,1,1,5.0,5.0,2,1,0,1,0,4,0,0,0,1,1,0,1,0,0,0,0,0,0,0,1,0,0,1,1,0,0,0,1,0,0,0,0,0,1,0,0,0,1,0,0,0,0,0,180029.390625,180000.0
3224,1,4,1,1,1.0,0.0,3,1,0,1,1,7,0,0,0,0,1,0,0,0,0,0,0,0,0,0,1,0,0,1,1,0,0,0,1,0,0,0,0,0,1,0,0,0,1,0,0,1,0,0,163361.015625,160000.0
3238,1,4,2,4,7.0,3.0,3,1,0,1,1,8,0,0,0,1,1,0,1,0,0,0,0,0,0,0,1,0,0,1,1,0,0,0,1,0,0,0,0,0,1,0,0,0,1,0,0,0,0,0,321373.0,220000.0
3265,1,4,1,1,5.0,2.0,2,1,1,1,1,4,0,0,0,0,0,0,0,1,0,0,0,0,0,0,1,0,0,1,1,0,0,0,1,0,0,0,0,0,1,0,0,0,0,0,1,0,0,0,215805.921875,230000.0
3220,1,4,2,1,10.0,1.0,4,1,2,2,1,8,0,0,0,1,0,0,1,0,0,0,0,0,0,0,0,0,0,1,1,1,0,0,1,0,0,0,0,0,1,0,0,0,1,0,0,0,0,0,291638.25,290000.0
3260,1,4,2,1,10.0,3.0,4,1,1,1,1,5,0,0,0,1,1,0,1,0,0,0,0,0,0,0,0,1,1,1,0,0,0,0,1,0,0,0,0,0,1,0,0,0,0,0,1,0,0,0,313484.8125,300000.0
3187,1,4,2,1,7.0,3.0,2,1,0,0,1,8,0,0,0,1,1,0,1,0,0,0,0,0,0,0,1,1,0,0,1,0,0,0,1,0,0,0,0,0,1,0,0,0,1,0,0,0,0,0,255940.578125,240000.0
3139,0,3,0,1,19.0,10.0,3,1,0,1,0,6,0,0,0,0,0,0,0,1,0,0,0,0,0,0,1,0,0,1,1,0,0,0,1,0,0,0,0,0,1,0,0,0,1,0,0,0,0,0,203.69522094726562,600.0
3153,1,4,1,1,4.0,2.0,3,1,0,2,2,8,0,0,0,1,1,0,1,0,0,0,0,0,0,0,1,0,0,1,1,0,0,0,1,0,0,0,0,0,1,0,0,0,1,0,0,0,0,0,291933.6875,230000.0
3183,1,4,3,1,9.0,6.0,4,1,0,2,1,10,0,0,0,1,1,0,1,0,0,0,0,0,0,0,1,1,0,0,1,0,0,0,1,0,0,0,0,0,1,0,0,0,1,0,0,0,0,0,313719.375,325000.0
3252,1,2,2,1,8.0,2.0,3,1,0,2,1,15,0,0,0,1,1,0,1,0,0,0,0,0,0,0,1,0,0,1,1,0,0,0,1,0,0,0,0,0,1,0,0,0,0,0,1,0,0,0,416898.75,450000.0
3161,0,3,1,1,6.0,3.0,3,1,0,1,1,4,0,0,0,1,0,0,1,0,0,0,0,0,0,0,1,0,0,1,1,0,0,0,1,0,0,0,0,0,1,0,0,0,1,0,0,0,0,0,439.3456115722656,725.0
3228,1,4,3,1,10.0,3.0,3,1,0,2,1,9,0,0,0,1,1,0,1,0,0,0,0,0,0,0,1,0,0,0,1,1,0,0,1,0,0,0,0,0,1,0,0,0,0,0,1,0,0,0,352055.9375,350000.0
3229,1,4,4,1,7.0,2.0,4,1,1,2,1,8,0,0,0,1,1,0,1,0,0,0,0,0,0,0,1,0,0,1,1,0,1,0,0,0,0,0,0,0,1,0,0,0,1,0,0,0,0,0,421346.4375,410000.0
3187,1,4,3,1,5.0,1.0,4,1,1,2,1,5,0,0,0,1,1,0,1,0,0,0,0,0,0,0,1,0,1,0,1,0,0,0,1,0,0,0,0,0,1,0,0,0,1,0,0,0,0,0,286934.53125,290000.0
3139,1,2,0,1,9.0,5.0,3,1,0,1,0,7,0,0,0,0,0,0,0,1,0,0,0,0,0,0,1,0,1,0,1,0,0,0,1,0,0,0,0,0,1,0,0,0,1,0,0,0,0,0,130328.7890625,130000.0
3199,1,2,1,1,17.0,3.0,3,1,1,2,1,4,0,0,0,1,0,0,1,0,0,0,0,0,0,0,1,0,0,1,1,0,1,0,0,0,0,0,0,0,0,0,0,0,1,0,0,0,0,0,255150.453125,200000.0
3143,1,2,5,1,15.0,2.0,4,1,0,3,2,10,0,0,0,1,1,0,1,0,0,0,0,0,0,0,0,1,0,1,1,0,0,0,1,0,0,0,0,0,1,0,0,0,1,0,0,0,0,0,544454.3125,525000.0
3189,1,2,1,1,25.0,10.0,3,1,0,1,1,3,0,0,0,1,0,0,1,0,0,0,0,0,0,0,1,0,1,0,1,0,0,0,1,0,0,0,0,0,1,0,0,0,1,0,0,0,0,0,241694.0,190000.0
3214,1,2,2,1,38.0,7.0,3,1,0,2,1,6,0,0,0,1,1,0,1,0,0,0,0,0,0,0,1,0,1,0,1,0,1,0,0,1,0,0,0,0,1,0,0,0,1,0,0,0,0,0,234862.546875,240000.0
3146,1,2,5,1,21.0,4.0,5,1,0,3,1,9,0,0,0,1,1,0,1,0,0,0,0,0,0,0,1,0,0,1,1,0,0,0,1,0,0,0,0,0,1,0,0,0,1,0,0,0,0,0,466920.9375,430000.0
3193,0,3,1,1,21.0,15.0,3,1,1,2,1,4,0,0,0,1,0,0,1,0,0,0,0,0,0,0,1,0,1,0,1,0,1,0,0,0,0,0,0,0,1,0,0,0,1,0,0,0,0,0,913.2518310546875,750.0
3262,1,4,5,1,12.0,3.0,4,1,1,0,1,9,0,0,0,1,0,0,1,0,0,0,0,0,0,0,0,1,0,1,1,0,0,0,1,0,0,0,0,0,1,0,0,0,0,0,1,0,0,0,431478.0,425000.0
3162,1,4,3,3,19.0,7.0,4,1,0,2,1,6,0,0,0,1,1,0,1,0,0,0,0,0,0,0,1,0,0,1,1,0,0,0,1,0,0,0,0,0,1,0,0,0,1,0,0,0,0,0,247754.265625,250000.0
3192,1,2,3,1,5.0,2.0,3,1,0,1,1,7,0,0,0,1,1,0,1,0,0,0,0,0,0,0,1,0,0,1,1,0,0,0,1,0,0,0,0,0,1,0,0,0,1,0,0,0,0,0,298980.71875,300000.0
3220,1,4,2,1,14.0,5.0,3,1,0,1,1,8,0,0,0,1,1,0,1,0,0,0,0,0,0,0,1,0,0,1,1,0,0,0,1,0,0,0,0,0,1,0,0,0,1,0,0,0,0,0,228788.625,225000.0
1500,0,3,2,1,11.0,1.0,2,1,1,0,0,0,1,1,0,0,0,0,1,0,0,0,0,0,0,0,0,0,0,0,0,0,0,0,0,0,0,0,0,0,1,0,1,0,0,0,0,0,0,0,997.7733154296875,1225.0
2943,1,2,1,2,33.0,4.0,2,1,0,1,1,1,0,0,0,1,0,0,1,0,0,0,0,0,1,0,1,0,0,0,1,0,0,0,0,0,0,0,0,1,1,0,0,0,1,0,0,0,0,0,198637.171875,195000.0
2949,1,2,1,1,45.0,15.0,3,1,0,0,1,4,0,0,0,0,0,0,1,0,0,0,0,0,1,0,0,0,1,0,1,0,0,0,0,0,0,0,0,1,1,0,0,0,1,0,0,0,0,0,247205.671875,250000.0
2982,1,2,2,1,11.0,9.0,2,1,1,1,1,1,1,0,0,0,0,0,1,0,0,0,0,0,1,0,0,0,1,0,1,0,0,0,0,0,0,0,0,0,1,0,0,1,1,0,0,0,0,0,252502.65625,270000.0
2949,1,2,1,1,25.0,6.0,2,1,0,1,1,4,0,0,0,1,0,0,1,0,0,0,0,0,1,0,1,0,1,0,0,0,0,0,0,0,0,0,0,0,1,0,0,1,1,0,0,0,0,0,263662.6875,270000.0
2972,1,4,1,1,37.0,3.0,2,1,1,1,1,5,0,0,0,1,0,0,1,0,0,0,0,0,1,0,0,0,1,0,1,0,0,0,0,0,0,0,0,1,1,0,0,0,1,0,0,0,0,0,314058.6875,300000.0
2936,1,2,2,1,136.0,13.0,3,1,1,1,0,4,0,0,0,0,0,0,0,1,0,0,0,0,1,0,1,1,0,0,0,0,0,0,0,0,0,0,0,1,1,0,0,0,1,0,0,0,0,0,287396.0625,290000.0
2940,1,2,2,4,17.0,1.0,3,1,0,1,1,3,0,0,0,1,1,0,1,0,0,0,0,0,1,0,1,1,0,0,0,0,0,0,0,0,0,0,0,0,1,0,0,1,1,0,0,0,0,0,343705.09375,250000.0
2947,1,2,1,3,52.0,9.0,3,1,1,0,1,2,0,0,0,0,0,0,0,1,0,0,0,0,1,0,0,0,0,1,1,0,0,0,0,0,0,0,0,1,1,0,0,0,1,0,0,0,0,0,268056.75,215000.0
2939,1,2,2,1,33.0,7.0,2,1,1,1,1,3,0,0,0,1,1,0,1,0,0,0,0,0,1,0,0,1,1,0,0,0,0,0,0,0,0,0,0,1,1,0,0,0,1,0,0,0,0,0,297379.5625,270000.0
2970,1,2,2,1,9.0,3.0,2,1,1,1,0,3,1,0,0,0,0,0,1,0,0,0,0,0,1,0,0,0,1,0,1,0,0,0,0,0,0,0,0,1,1,0,0,0,1,0,0,0,0,0,263257.6875,260000.0
2934,1,2,1,1,14.0,3.0,1,1,1,1,1,1,1,0,0,0,0,0,1,0,0,0,0,0,0,0,0,0,0,0,0,0,0,0,0,0,0,0,0,1,1,0,0,0,1,0,0,0,0,0,160497.9375,162500.0
3701,1,2,2,1,2.0,1.0,3,1,1,0,1,1,0,0,0,1,1,0,1,0,0,0,0,0,1,0,1,0,0,1,0,0,0,0,0,0,0,0,0,1,1,0,0,1,0,0,0,0,0,0,339130.0,340000.0
3694,1,2,2,1,3.0,2.0,3,1,1,0,1,0,0,0,0,0,1,0,0,0,0,0,0,0,1,0,0,0,1,1,0,0,0,0,0,0,0,0,0,0,1,0,0,1,1,0,0,0,0,0,275696.5,275000.0
3714,1,2,3,3,3.0,2.0,3,1,0,0,1,1,0,0,0,1,1,0,1,0,0,0,0,0,1,0,1,0,0,1,0,0,0,0,0,0,0,0,0,0,1,0,0,1,1,0,0,0,0,0,327806.65625,330000.0
3722,1,2,1,1,3.0,2.0,3,1,1,0,1,3,0,0,0,1,1,0,1,0,0,0,0,0,1,0,1,0,0,1,0,0,0,0,0,0,0,0,0,0,1,0,0,1,1,0,0,0,0,0,372921.75,375000.0
3698,1,2,2,1,1.0,10.0,2,1,1,0,0,2,0,0,0,1,1,0,1,0,0,0,0,0,1,0,1,0,1,0,0,0,0,0,0,0,0,0,1,0,1,0,0,0,1,0,0,0,0,0,346148.9375,325000.0
647,1,2,2,1,18.0,4.0,3,1,0,1,1,2,0,0,0,0,0,0,0,1,0,0,0,0,1,0,0,0,0,1,1,0,0,0,1,0,0,0,0,1,1,0,0,0,1,0,0,0,0,0,344846.1875,300000.0
3053,1,2,2,1,28.0,5.0,3,1,0,2,1,6,0,0,0,1,0,0,1,0,0,0,0,0,1,0,1,0,0,0,0,0,0,0,0,0,0,0,0,0,1,0,0,0,1,0,0,0,0,0,211363.71875,230000.0
2161,1,4,2,1,47.0,28.0,4,1,2,1,1,5,0,0,0,0,0,0,0,1,0,0,0,0,0,0,1,0,0,0,0,0,0,0,1,0,0,0,0,0,0,0,0,0,1,0,0,0,0,0,351927.375,330000.0
2158,0,3,1,1,3.0,10.0,3,1,1,1,1,3,0,0,0,0,0,1,0,1,0,0,0,0,0,0,1,0,0,0,0,0,0,0,1,0,0,0,0,0,0,0,0,0,1,0,0,0,0,0,884.1971435546875,1100.0
2165,1,4,3,1,27.0,11.0,3,1,1,2,1,4,0,0,0,1,1,0,0,0,0,0,0,0,1,0,0,0,0,0,0,0,0,0,1,0,0,0,0,1,1,0,0,0,0,0,0,0,0,0,257740.078125,280000.0
1561,1,6,1,1,4.0,1.0,3,1,0,1,1,5,0,0,0,0,0,0,0,1,1,0,0,0,0,0,0,0,0,0,1,0,1,0,0,0,0,0,0,0,1,0,0,0,1,0,0,0,0,0,157395.3125,155000.0
1597,1,6,1,1,10.0,1.0,3,1,0,1,1,6,0,0,0,1,0,0,1,0,0,0,0,0,0,0,0,1,0,0,1,0,1,0,0,0,0,0,0,0,1,0,0,0,1,0,0,0,0,0,224919.703125,225000.0
1605,1,6,3,1,5.0,1.0,3,1,0,1,1,10,0,0,0,1,1,0,1,0,0,0,0,0,0,0,0,1,0,0,1,0,1,0,0,0,0,0,0,0,1,0,0,0,1,0,0,0,0,0,268432.40625,260000.0
1606,1,6,3,1,3.0,5.0,3,1,0,1,1,8,0,0,0,1,1,0,1,0,0,0,0,0,0,0,0,1,0,0,1,0,1,0,0,0,0,0,0,0,1,0,0,0,1,0,0,0,0,0,312441.6875,300000.0
1684,1,2,3,1,6.0,3.0,3,1,0,0,1,7,0,0,0,1,1,0,1,0,0,0,0,0,0,0,0,1,0,0,1,0,1,0,0,0,0,0,0,0,1,0,0,0,0,0,1,0,0,0,301037.9375,295000.0
1571,1,7,1,1,9.0,10.0,3,1,0,1,1,5,0,0,0,1,0,0,1,0,0,0,0,0,0,0,0,0,1,0,1,0,1,0,0,0,0,0,0,0,1,0,0,0,1,0,0,0,0,0,187845.703125,190000.0
1795,1,6,0,1,39.0,8.0,3,1,0,1,1,7,0,0,0,0,1,0,0,0,0,0,0,0,0,0,0,1,0,0,1,0,1,0,0,0,0,0,0,0,1,0,0,0,1,0,0,0,0,0,133175.390625,127000.0
1540,1,7,1,1,0.0,0.0,3,1,0,1,1,6,0,0,0,1,0,0,1,0,0,0,0,0,0,0,0,0,1,0,1,0,1,0,0,0,0,0,0,0,1,0,0,0,1,0,0,0,0,0,218897.765625,220000.0
1636,1,7,1,1,5.0,3.0,2,1,0,0,1,7,0,0,0,0,0,0,1,0,0,0,0,0,0,0,0,1,0,0,1,0,1,0,0,0,0,0,0,0,1,0,0,0,1,0,0,0,0,0,189522.046875,190000.0
1576,1,6,3,1,13.0,2.0,3,1,0,1,1,8,0,0,0,1,0,0,1,0,0,0,0,0,0,0,0,1,0,0,1,0,1,0,0,0,0,0,0,0,1,0,0,0,1,0,0,0,0,0,250615.4375,250000.0
1612,1,7,5,1,6.0,4.0,4,1,0,1,1,11,0,0,0,1,1,0,1,0,0,0,0,0,0,0,0,1,0,0,1,0,1,0,0,0,0,0,0,0,1,0,0,0,1,0,0,0,0,0,442722.3125,435000.0
1655,1,7,2,1,7.0,9.0,3,1,0,1,1,7,0,0,0,1,0,0,1,0,0,0,0,0,0,0,0,1,0,0,1,0,1,0,0,0,0,0,0,0,1,0,0,0,1,0,0,0,0,0,237472.765625,200000.0
1560,1,7,0,1,26.0,6.0,2,1,0,1,1,5,0,0,0,0,0,0,0,1,1,0,0,0,0,0,0,0,0,0,1,0,1,0,0,0,0,0,0,0,1,0,0,0,1,0,0,0,0,0,153960.25,150000.0
50,1,4,1,1,25.0,14.0,3,1,1,2,0,3,0,0,0,1,0,0,1,0,0,0,0,0,1,0,0,0,0,0,1,0,0,0,1,0,0,0,0,0,1,0,1,0,1,0,0,0,0,0,176135.828125,170000.0
44,1,7,3,1,20.0,4.0,4,1,2,2,1,5,0,0,0,1,1,0,0,0,0,0,0,0,1,0,0,0,1,0,0,0,1,0,0,0,0,0,0,1,1,0,0,0,0,0,0,0,0,0,299253.375,300000.0
971,0,3,4,3,10.0,7.0,2,1,1,1,0,3,0,0,0,1,1,0,1,0,0,0,0,0,1,0,0,1,0,0,1,0,0,0,0,0,0,0,0,0,1,0,0,0,1,0,0,0,0,0,1721.4569091796875,775.0
49,1,4,3,1,38.0,2.0,4,1,1,2,1,2,0,0,0,1,1,0,1,0,0,0,0,0,1,0,1,0,0,0,1,0,0,0,0,0,0,0,0,1,1,0,0,0,0,0,0,0,0,0,284039.125,280000.0
43,0,3,1,1,1.0,3.0,1,1,1,1,1,0,0,0,0,0,0,0,0,1,0,0,0,0,0,0,0,0,0,0,0,0,0,1,0,0,0,0,0,1,1,0,0,0,0,0,0,0,0,0,351.7909240722656,700.0
967,1,7,1,1,22.0,3.0,2,1,1,1,0,4,0,0,0,1,1,0,1,0,0,0,0,0,1,0,0,0,0,0,1,0,0,0,0,0,0,0,0,1,1,0,0,0,0,0,0,0,0,0,154289.703125,155000.0
47,1,7,1,1,11.0,4.0,3,1,1,0,1,2,0,0,0,1,0,0,1,0,0,0,0,0,1,0,1,0,1,0,0,0,0,0,0,0,0,0,0,1,1,0,1,0,0,0,0,0,0,0,217893.0625,220000.0
968,1,4,0,1,4.0,3.0,2,1,1,1,0,0,1,0,0,0,0,0,1,0,0,0,0,0,1,0,1,0,0,1,0,0,0,0,1,0,0,0,0,0,1,0,0,0,1,0,0,0,0,0,95210.9609375,95000.0
5345,1,7,3,1,17.0,8.0,4,1,0,1,0,1,0,0,0,1,1,0,1,0,0,0,0,0,1,0,1,0,0,1,0,0,0,0,1,0,0,0,0,0,1,0,0,0,1,0,0,0,0,0,202377.71875,200000.0
969,1,4,4,1,21.0,4.0,4,1,1,1,1,1,0,0,0,1,1,0,1,0,0,0,0,0,1,0,0,0,0,1,1,0,0,0,1,0,0,0,0,0,1,0,0,0,1,0,0,0,0,0,307222.84375,300000.0
5191,0,3,1,1,11.0,6.0,2,1,1,1,0,3,0,0,0,0,0,0,0,0,1,0,0,0,0,1,0,0,0,0,0,0,0,0,1,0,0,0,0,0,0,0,1,0,0,0,0,0,0,0,821.7674560546875,645.0
5305,0,3,2,1,0.0,6.0,3,1,1,1,1,0,0,0,0,1,0,0,0,0,0,0,0,0,0,0,1,0,0,0,0,0,0,0,0,0,0,0,0,0,0,0,0,0,1,0,0,0,0,0,990.5203857421875,850.0
1012,1,4,3,1,22.0,7.0,2,1,0,1,1,4,1,0,0,0,0,0,1,1,0,0,0,0,0,0,1,1,0,0,1,0,0,0,0,0,0,0,0,0,1,0,0,0,1,0,0,0,0,0,226725.890625,425000.0
3044,1,4,3,3,36.0,11.0,3,1,1,1,1,4,0,0,0,0,0,0,0,1,1,0,0,0,1,0,0,0,0,1,0,0,0,0,0,0,0,0,0,0,1,0,0,0,1,0,0,0,0,0,502829.625,500000.0
1007,1,4,5,1,9.0,2.0,4,1,0,1,2,7,0,0,0,1,0,0,1,0,0,0,0,0,1,0,0,1,0,0,1,0,0,0,0,0,0,0,0,0,1,0,0,0,1,0,0,0,0,1,795208.25,800000.0
1002,0,3,2,1,23.0,7.0,2,1,0,1,0,3,1,0,0,0,0,0,1,0,0,1,0,0,0,0,0,0,0,0,0,0,0,0,0,0,0,0,0,0,1,0,0,0,1,0,0,0,0,0,789.5291748046875,1250.0
1202,1,0,4,1,0.0,0.0,3,1,1,1,1,4,0,0,0,1,0,0,0,0,0,0,0,0,0,0,1,0,0,1,0,0,1,0,0,0,0,0,0,0,0,0,0,0,0,0,1,0,0,0,546691.875,550000.0
1174,0,3,0,1,2.0,1.0,1,1,1,0,0,1,0,0,0,0,0,0,0,0,0,0,0,0,0,0,1,0,0,0,0,0,0,0,0,0,0,0,0,0,0,0,1,0,0,0,0,0,0,0,566.3201904296875,750.0
1174,0,3,1,1,2.0,2.0,2,1,1,0,1,1,0,0,0,1,0,0,0,0,0,0,0,0,0,0,0,0,0,0,0,1,0,0,1,0,0,0,0,0,0,0,0,0,1,0,0,0,0,0,391.0409240722656,995.0
4218,0,3,3,1,7.0,4.0,3,1,1,1,1,5,0,0,0,0,1,0,1,0,0,0,0,0,1,0,0,0,0,0,1,0,0,0,0,0,0,0,0,0,1,0,0,0,1,0,0,0,0,0,1003.6346435546875,1250.0
1176,0,3,2,1,0.0,1.0,3,1,1,1,1,1,1,0,0,1,0,0,0,0,0,0,0,0,1,0,0,0,0,0,0,0,0,0,0,0,0,0,0,1,0,0,0,0,1,0,0,0,0,0,1226.9510498046875,1430.0
1172,0,3,3,1,6.0,1.0,4,1,0,0,1,5,0,0,0,1,1,0,0,0,0,0,0,0,1,0,1,0,1,0,0,0,1,0,0,0,0,0,0,1,1,0,0,1,0,0,0,0,0,0,1392.8416748046875,1700.0
1189,0,3,3,1,9.0,6.0,2,1,0,1,0,2,0,0,0,1,0,0,0,0,0,0,0,0,1,0,1,0,0,0,0,0,0,0,0,0,0,0,0,0,1,0,0,0,1,0,0,0,0,0,1227.9002685546875,1100.0
4253,0,3,2,1,8.0,4.0,2,1,1,0,0,2,1,0,0,0,0,1,0,0,0,0,0,0,0,0,0,0,0,0,0,0,0,0,0,0,0,0,0,0,0,0,1,0,0,0,0,0,0,0,920.4471435546875,950.0
1171,0,3,1,1,6.0,1.0,2,1,0,1,1,2,1,0,0,0,0,0,1,0,0,0,0,1,0,0,0,0,0,0,0,0,0,0,1,0,0,0,0,1,1,0,0,0,1,0,0,0,0,0,854.9158935546875,995.0
1184,0,3,2,1,6.0,1.0,3,1,1,1,1,2,0,0,0,0,0,0,0,1,0,0,0,0,1,0,1,0,0,1,0,0,0,0,1,0,0,0,0,1,1,0,0,1,0,0,0,0,0,0,1510.0408935546875,1300.0
4238,1,4,3,1,25.0,3.0,4,1,1,1,1,4,0,0,0,1,1,0,1,0,0,0,0,0,1,0,0,1,0,0,1,0,0,0,0,0,0,0,0,1,1,0,0,0,0,0,0,0,0,0,271836.375,270000.0
4236,1,4,3,1,8.0,1.0,3,1,1,1,1,6,0,0,0,1,1,0,1,0,0,0,0,0,1,0,1,0,0,0,1,0,0,0,0,0,0,0,0,0,1,0,0,0,1,0,0,0,0,0,220391.953125,220000.0
4225,1,6,5,1,16.0,4.0,5,1,1,1,1,7,0,0,0,1,1,0,1,0,0,0,0,0,1,0,1,0,0,0,0,0,0,0,0,0,0,0,0,0,1,0,0,0,1,0,0,0,0,0,424749.9375,425000.0
4257,1,4,5,1,8.0,2.0,5,1,1,1,1,8,0,0,0,1,1,0,1,0,0,0,0,0,1,0,0,0,1,0,1,0,0,0,0,0,0,0,0,1,1,0,0,0,1,0,0,0,0,0,548515.5625,548800.0
4254,1,4,1,1,3.0,3.0,2,1,1,1,0,1,1,0,0,0,0,0,0,0,0,0,0,0,0,0,0,0,0,0,0,0,0,0,0,0,0,0,0,0,1,0,0,0,1,0,0,0,0,0,126345.0078125,125000.0
4213,1,6,1,1,16.0,0.0,2,1,1,1,0,4,0,0,0,1,0,0,1,0,0,0,0,0,1,0,1,0,0,0,1,0,0,0,0,0,0,0,0,0,1,0,0,0,1,0,0,0,0,0,197294.59375,200000.0
4226,1,6,4,1,9.0,1.0,4,1,1,1,1,5,1,0,0,0,0,0,1,0,0,0,0,0,1,0,0,1,0,0,1,0,0,0,0,0,0,0,0,0,1,0,0,0,1,0,0,0,0,0,339580.46875,340000.0
4266,1,6,2,1,6.0,4.0,2,1,1,1,0,2,0,0,0,1,1,0,1,0,0,0,0,0,1,0,0,1,0,0,1,0,0,0,0,0,0,0,0,0,1,0,0,0,1,0,0,0,0,0,216216.703125,220000.0
4244,1,6,4,1,9.0,3.0,4,1,1,1,0,6,0,0,0,1,1,0,1,0,0,0,0,0,1,0,0,0,1,0,1,0,0,0,0,0,0,0,0,0,1,0,0,0,1,0,0,0,0,0,421678.5625,375000.0
4219,1,6,3,1,36.0,10.0,4,1,1,1,1,4,1,0,0,0,1,0,1,0,0,0,0,0,1,0,1,0,0,0,1,0,0,0,0,0,0,0,0,0,1,0,0,0,1,0,0,0,0,0,280841.28125,280000.0
4252,1,6,4,1,17.0,2.0,4,1,1,1,1,2,0,0,0,1,1,0,1,0,0,0,0,0,1,0,1,0,0,0,1,0,0,0,0,0,0,0,0,0,1,0,0,0,1,0,0,0,0,0,370638.5625,375000.0
4245,1,6,3,1,19.0,4.0,3,1,1,1,1,4,0,0,0,1,1,0,1,0,0,0,0,0,1,0,1,0,0,0,1,0,0,0,0,0,0,0,0,0,1,0,0,0,1,0,0,0,0,0,245408.375,235000.0
4219,1,4,3,1,19.0,2.0,4,1,1,1,1,5,0,0,0,0,1,0,1,0,0,0,0,0,1,0,0,0,0,0,1,0,0,0,0,0,0,0,0,0,1,0,0,0,1,0,0,0,0,0,244124.265625,265000.0
4251,1,6,3,1,38.0,6.0,3,1,1,1,1,4,1,0,0,0,1,0,1,0,0,0,0,0,1,0,1,1,0,0,0,0,0,0,0,0,0,0,0,0,1,0,0,1,1,0,0,0,0,0,325775.3125,275000.0
4212,1,6,3,1,6.0,1.0,4,1,1,1,0,4,1,0,0,0,1,0,1,0,0,0,0,0,1,0,0,0,0,0,1,0,0,0,0,0,0,0,0,0,1,0,0,1,1,0,0,0,0,0,274420.96875,275000.0
5489,0,3,2,1,4.0,8.0,2,1,0,0,1,6,0,0,0,1,0,0,1,0,0,0,0,0,1,0,0,0,0,0,1,0,0,0,0,0,0,0,0,0,0,0,0,0,1,0,0,0,0,0,0.0,895.0
5463,1,6,3,1,9.0,6.0,3,1,0,2,1,6,0,0,0,0,0,0,1,0,0,0,0,0,1,0,1,0,0,0,1,0,1,0,0,0,0,0,0,0,1,1,0,0,1,0,0,0,0,0,303765.625,300000.0
5491,1,6,2,3,20.0,4.0,3,1,1,1,2,5,0,0,0,1,1,0,1,0,0,0,0,0,1,0,0,0,0,1,1,0,0,0,0,0,0,0,0,0,0,0,0,1,1,0,0,0,0,0,242118.203125,240000.0
5493,1,6,2,1,9.0,6.0,3,1,0,2,1,6,0,0,0,1,0,0,1,0,0,0,0,0,1,0,1,0,0,0,1,0,0,0,0,0,0,0,0,0,0,1,0,0,1,0,0,0,0,0,280118.75,270000.0
5480,0,3,1,1,7.0,0.0,3,1,0,1,1,5,0,0,0,0,0,0,0,0,1,0,0,0,1,0,1,0,0,0,1,0,0,0,0,0,0,0,0,0,0,0,0,0,1,0,0,0,0,0,576.5887451171875,1300.0
5464,1,6,3,1,1.0,1.0,4,1,0,2,1,5,1,0,0,0,0,0,0,0,0,0,0,0,1,0,0,0,0,1,1,0,1,0,0,0,0,0,0,0,0,1,0,0,1,0,0,0,0,0,411853.0,400000.0
5506,1,6,1,1,10.0,4.0,3,1,1,1,1,6,0,0,0,0,0,0,1,0,0,0,0,0,1,0,0,0,0,1,1,0,0,0,0,0,0,0,0,0,1,0,0,1,1,0,0,0,0,0,233762.984375,230000.0
5465,1,6,5,1,12.0,0.0,4,1,0,2,0,9,0,0,0,1,0,0,1,0,0,0,0,0,1,0,0,1,0,0,1,0,1,0,0,0,0,0,0,0,0,1,0,1,0,0,0,0,0,0,521826.9375,500000.0
2338,0,3,0,3,8.0,5.0,1,1,1,1,1,1,0,0,0,0,0,0,0,1,0,0,0,0,0,0,0,0,0,0,0,0,0,0,0,0,0,0,0,0,0,0,1,0,0,0,0,0,0,0,175.54483032226562,350.0
2296,0,3,0,1,0.0,1.0,2,1,1,1,1,0,0,0,0,0,0,0,0,1,0,0,0,0,1,0,0,0,0,0,0,0,0,0,0,0,0,0,0,0,0,0,0,0,1,0,0,0,0,0,811.6190185546875,625.0
2269,0,3,4,1,9.0,7.0,2,1,1,1,1,2,0,0,0,1,0,0,0,0,0,0,0,0,0,0,1,0,0,1,0,0,0,0,0,0,0,0,0,0,0,0,1,0,0,0,0,0,0,0,708.6502685546875,850.0
2987,1,2,1,1,20.0,6.0,3,1,1,0,1,0,0,0,0,1,1,0,1,0,0,0,0,0,1,0,1,0,0,0,1,0,0,0,0,0,0,0,0,1,1,0,0,0,1,0,0,0,0,0,298129.84375,300000.0
2974,1,2,1,1,11.0,3.0,2,1,0,1,1,1,1,0,0,0,1,0,1,0,0,0,0,0,0,0,0,0,0,0,0,0,0,0,0,0,0,0,0,1,1,0,0,0,1,0,0,0,0,0,186266.921875,205000.0
2955,1,2,2,1,5.0,1.0,3,1,0,2,1,3,0,0,0,0,0,0,0,1,0,0,0,0,1,0,0,0,0,1,1,0,0,0,1,0,0,0,0,1,1,0,0,0,1,0,0,0,0,0,377920.0,310000.0
2964,1,2,1,1,5.0,0.0,2,1,1,1,0,1,0,0,0,0,1,0,1,0,0,0,0,0,1,0,1,1,0,0,0,0,0,0,0,0,0,0,0,1,1,0,0,0,1,0,0,0,0,0,198585.8125,200000.0
2969,1,2,2,1,7.0,2.0,2,1,1,1,0,1,1,0,0,0,0,0,1,0,0,0,0,0,0,1,0,0,0,0,0,0,1,0,0,0,0,0,0,1,1,0,0,0,1,0,0,0,0,0,191239.234375,195000.0
2938,1,2,1,1,23.0,6.0,3,1,1,1,1,1,0,1,0,0,0,0,1,0,0,0,0,0,0,0,0,0,0,0,0,0,0,0,0,0,0,0,0,1,1,0,1,0,0,0,0,0,0,0,186968.265625,190000.0
2935,1,2,2,1,16.0,4.0,2,1,1,1,0,1,1,0,0,0,0,0,1,0,0,0,1,0,0,0,0,0,0,0,0,0,0,0,0,0,0,0,0,1,1,0,0,1,0,0,0,0,0,0,190590.265625,190000.0
2931,1,4,2,1,0.0,0.0,2,1,1,1,1,1,0,0,0,0,0,0,0,1,0,0,0,0,1,0,1,0,0,0,1,0,0,0,0,0,0,0,0,1,1,0,0,0,1,0,0,0,0,0,238734.65625,308500.0
2985,1,2,2,1,10.0,3.0,3,1,0,1,1,2,0,0,0,1,1,0,1,0,0,0,0,0,1,0,0,0,1,0,1,0,0,0,0,0,0,0,0,1,1,0,0,0,1,0,0,0,0,0,272440.46875,300000.0
2937,1,2,3,1,32.0,4.0,3,1,1,1,0,1,0,0,0,1,0,0,1,0,0,1,0,0,1,0,0,1,1,0,0,0,0,0,0,0,0,0,0,1,1,0,0,0,1,0,0,0,0,0,347817.71875,350000.0
2967,1,2,2,1,18.0,2.0,2,1,0,1,1,1,1,0,0,0,0,0,1,0,0,0,0,0,1,0,1,0,0,0,1,0,0,0,0,0,0,0,0,0,1,0,0,1,1,0,0,0,0,0,262361.46875,260000.0
2966,1,2,2,1,12.0,3.0,3,1,0,1,1,1,0,0,0,0,1,0,1,0,0,0,0,0,1,0,0,1,1,0,0,0,0,0,0,0,0,0,0,0,1,0,0,1,1,0,0,0,0,0,284683.46875,290000.0
2967,1,2,2,1,7.0,1.0,2,1,0,1,1,1,1,0,1,0,0,0,1,0,0,0,0,0,0,0,0,0,0,0,0,0,0,0,0,0,0,0,0,1,1,0,0,0,1,0,0,0,0,0,213840.6875,215000.0
2945,1,4,2,3,11.0,1.0,3,1,0,0,1,0,0,0,0,0,1,0,1,0,0,0,0,0,1,0,0,1,1,0,0,0,0,0,0,0,0,0,0,1,0,0,0,1,1,0,0,0,0,0,307500.375,265000.0
2950,1,2,1,1,19.0,5.0,4,1,0,1,0,3,0,0,0,0,0,0,0,1,0,0,0,0,1,0,1,0,1,0,0,0,0,0,0,0,0,0,0,0,1,0,0,1,1,0,0,0,0,0,250615.34375,280000.0
2941,1,2,2,1,31.0,2.0,3,1,0,1,1,2,0,0,0,1,0,0,1,0,0,0,0,0,1,0,0,0,1,0,1,0,0,0,0,0,0,0,0,1,1,0,0,0,1,0,0,0,0,0,256905.671875,255000.0
2934,1,2,2,1,12.0,2.0,2,1,0,1,1,1,1,0,0,0,0,0,1,0,0,0,0,0,0,0,0,0,0,0,0,0,0,0,0,0,0,0,0,1,1,0,0,0,1,0,0,0,0,0,193864.09375,195000.0
653,1,2,2,1,13.0,1.0,2,1,0,0,1,5,0,0,1,0,1,0,1,0,0,0,0,0,1,0,0,1,1,0,0,0,0,0,0,0,0,0,0,1,1,0,0,0,1,0,0,0,0,0,316014.90625,310000.0
2959,1,2,3,1,21.0,4.0,3,1,1,1,1,2,0,0,0,0,0,0,1,0,0,0,0,0,1,0,0,1,0,0,1,0,0,0,0,0,0,0,0,1,1,0,0,0,1,0,0,0,0,0,426968.25,325000.0
2958,1,2,3,1,13.0,4.0,3,1,1,1,1,4,0,0,0,1,1,0,1,0,0,0,0,0,1,0,0,1,0,0,1,0,0,0,0,0,0,0,0,1,1,0,1,0,0,0,0,0,0,0,445734.8125,325000.0
2965,1,2,2,3,13.0,4.0,2,1,1,1,0,1,0,0,0,0,1,0,0,1,0,0,0,0,1,0,1,1,0,0,0,0,0,0,0,0,0,0,0,0,1,0,0,0,0,0,1,0,0,0,292642.875,300000.0
2956,1,2,3,1,10.0,2.0,3,1,1,1,1,4,0,0,0,1,0,0,1,0,0,0,0,0,1,0,0,0,1,0,1,0,0,0,0,0,0,0,0,1,1,0,0,0,1,0,0,0,0,0,337720.0625,330000.0
2933,1,4,5,1,15.0,1.0,4,1,1,1,1,4,0,0,0,1,1,0,1,0,0,0,0,0,1,0,1,0,1,0,0,0,0,0,0,0,0,0,0,1,1,0,0,0,1,0,0,0,0,0,610191.0,600000.0
2961,1,2,3,3,7.0,2.0,4,1,1,2,2,3,0,0,0,1,0,0,1,0,0,0,0,0,1,0,0,0,1,0,1,0,0,0,0,0,0,0,0,1,1,0,0,0,1,0,0,0,0,0,405286.0625,425000.0
2951,1,2,2,1,6.0,2.0,2,1,1,1,1,4,0,0,0,1,0,0,1,0,0,1,0,0,1,0,0,1,1,0,0,0,0,0,0,0,0,0,0,0,1,0,0,1,1,0,0,0,0,0,284492.125,260000.0
2988,1,2,1,1,18.0,16.0,4,1,0,0,1,3,0,0,0,1,1,0,1,0,0,0,0,0,1,0,0,1,1,0,0,0,0,0,0,0,0,0,0,1,1,0,0,0,1,0,0,0,0,0,220119.078125,220000.0
650,1,2,3,1,33.0,6.0,2,1,1,1,0,2,1,0,0,0,0,0,1,0,0,0,0,0,0,0,0,0,0,0,0,0,0,0,0,0,0,0,0,1,1,0,0,0,1,0,0,0,0,0,288440.65625,225000.0
2986,1,2,1,3,2.0,0.0,6,1,1,2,1,2,0,0,0,1,0,0,1,0,0,0,0,0,1,0,0,1,0,0,1,0,0,0,0,0,0,0,0,0,1,0,0,1,0,0,0,0,0,0,623486.875,625000.0
2980,1,2,3,1,8.0,2.0,2,1,0,1,1,5,0,0,0,1,1,0,1,0,0,0,0,0,1,0,1,1,0,0,0,0,0,0,0,0,0,0,0,1,1,0,0,0,1,0,0,0,0,0,342905.59375,340000.0
2983,1,2,2,1,17.0,1.0,5,2,2,1,1,6,0,0,0,1,0,0,1,0,0,0,0,0,1,0,0,1,1,0,0,0,0,0,0,0,0,0,0,0,1,0,0,1,1,0,0,0,0,0,392709.09375,400000.0
5435,1,6,2,1,11.0,3.0,3,1,1,2,1,3,0,0,0,1,1,0,1,0,0,0,0,0,1,0,0,0,1,1,0,0,0,0,1,0,0,0,0,1,0,0,0,0,1,0,0,0,0,0,261422.328125,260000.0
5444,1,6,4,1,4.0,2.0,3,1,1,1,1,7,0,0,0,1,0,0,1,0,0,0,0,0,0,0,0,1,1,0,1,0,0,0,1,0,0,0,0,0,0,0,0,1,1,0,0,0,0,0,431741.9375,430000.0
5432,1,2,2,3,13.0,5.0,2,1,1,1,1,2,0,0,0,1,0,0,1,0,0,0,0,0,1,0,0,0,1,0,1,0,0,0,1,0,0,0,0,0,0,0,0,1,1,0,0,0,0,0,264364.53125,260000.0
5436,1,6,2,1,11.0,2.0,2,1,1,1,1,3,0,0,0,1,1,0,0,0,0,0,0,0,1,0,0,0,0,0,0,0,0,0,1,0,0,0,0,0,0,0,0,0,1,0,0,0,0,0,223907.21875,220000.0
5425,1,6,2,1,12.0,6.0,4,1,1,1,1,5,0,0,0,1,1,0,0,0,0,0,0,0,1,0,0,0,1,1,0,0,0,0,1,0,0,0,0,0,0,0,0,0,1,0,0,0,0,0,384730.5625,375000.0
5429,1,6,2,1,3.0,3.0,2,1,1,1,0,3,1,0,0,0,0,0,1,0,0,0,0,0,0,1,0,0,0,0,0,0,0,0,1,0,0,0,0,0,0,0,1,0,0,0,0,0,0,0,151163.578125,160000.0
5423,1,6,2,1,11.0,2.0,3,1,1,1,1,3,0,0,0,1,1,0,0,0,0,0,0,0,1,0,0,0,0,0,0,0,0,0,1,0,0,0,0,0,0,0,0,1,1,0,0,0,0,0,278885.1875,275000.0
3346,1,2,2,1,25.0,1.0,5,1,0,2,1,6,0,0,0,1,1,0,1,0,0,0,0,0,1,0,1,0,1,0,0,0,0,0,0,0,0,0,0,0,1,0,0,1,1,0,0,0,0,0,373394.375,350000.0
3112,1,2,2,1,5.0,1.0,3,1,1,0,1,4,0,0,0,1,0,0,1,0,0,0,0,0,1,0,1,0,0,0,0,0,0,0,0,0,0,0,0,1,1,0,0,0,1,0,0,0,0,0,196816.375,200000.0
3323,1,4,3,1,13.0,5.0,3,1,1,1,1,6,0,0,0,1,1,1,0,0,0,0,0,0,1,0,0,1,1,0,0,0,1,0,0,0,0,0,0,0,1,0,0,0,1,0,0,0,0,0,271803.4375,265000.0
1466,1,2,5,1,25.0,2.0,4,1,1,1,1,7,0,0,0,1,1,0,1,0,0,0,0,0,0,0,1,0,0,1,1,0,0,0,1,0,0,0,0,0,1,0,0,1,1,0,0,0,0,0,559051.75,560000.0
1476,1,2,3,1,19.0,3.0,3,1,1,2,2,7,0,0,0,0,0,0,0,1,1,0,0,0,1,0,1,0,0,1,0,0,0,0,1,0,0,0,0,0,1,0,0,0,1,0,0,0,0,0,408017.5625,415000.0
1467,0,3,2,1,6.0,1.0,2,1,1,1,1,1,1,0,1,0,0,0,0,0,0,0,0,0,0,1,0,0,0,0,0,0,0,0,1,0,0,0,0,0,1,0,1,0,0,0,0,0,0,1,1322.1658935546875,1050.0
1467,1,2,2,1,5.0,0.0,2,1,1,1,1,1,1,0,1,0,0,0,0,0,0,1,0,0,0,1,0,0,0,0,0,0,0,0,1,0,0,0,0,0,1,0,1,0,0,0,0,0,0,1,325861.25,245000.0
1426,1,2,1,1,3.0,0.0,2,1,1,2,1,3,0,0,0,0,0,0,0,1,0,0,0,0,0,1,0,0,0,0,0,0,0,0,1,0,0,0,0,0,1,0,1,0,0,0,0,0,0,0,224422.890625,230000.0
4171,1,2,4,1,17.0,3.0,4,1,1,1,1,12,0,0,0,1,0,0,1,0,0,1,0,0,1,0,0,1,0,1,0,0,0,0,1,0,0,0,0,0,0,0,0,0,1,0,0,0,0,0,630051.75,600000.0
1439,1,2,1,1,1.0,1.0,1,1,1,1,0,0,1,0,0,0,0,0,0,0,0,0,0,0,0,0,0,0,0,0,0,0,0,0,1,0,0,0,0,0,1,0,1,0,0,0,0,0,0,0,165824.921875,170000.0
4178,1,2,5,1,19.0,0.0,4,1,1,1,1,11,0,0,0,1,0,0,1,0,0,0,0,0,1,0,1,1,0,0,0,0,0,0,1,0,0,0,0,0,1,0,0,0,1,0,0,0,0,0,886751.8125,875000.0
1451,1,2,3,1,25.0,3.0,3,1,1,1,1,5,0,1,0,0,0,0,0,0,0,0,0,0,1,0,0,1,0,0,0,0,0,0,1,0,0,0,0,0,1,0,0,0,1,0,0,0,0,0,359007.34375,360000.0
1443,1,2,1,1,3.0,0.0,1,1,1,1,1,1,1,0,0,0,0,0,0,0,0,0,0,0,0,1,0,0,0,0,0,0,1,0,0,0,0,0,0,0,1,0,0,0,1,0,0,0,0,0,162929.15625,195000.0
4175,1,2,5,1,6.0,0.0,4,1,1,1,1,8,0,0,0,0,1,0,0,0,0,0,0,0,1,0,0,1,0,0,0,0,0,0,1,0,0,0,0,0,1,0,0,0,1,0,0,0,0,0,813422.0,750000.0
1430,1,6,6,1,2.0,0.0,4,1,1,2,1,9,0,0,0,1,1,0,0,0,0,1,0,0,1,0,0,1,0,0,0,0,0,0,1,0,0,0,0,0,1,0,0,0,1,0,0,0,0,1,838102.375,850000.0
2181,1,6,2,1,13.0,7.0,3,1,1,1,1,4,0,0,0,1,0,0,1,0,0,1,0,0,1,0,0,0,0,1,1,0,0,0,1,0,0,0,0,1,1,0,0,0,1,0,0,0,0,0,214481.953125,185000.0
842,0,3,0,1,7.0,3.0,3,1,0,1,1,1,0,0,0,0,0,0,0,0,0,0,0,0,0,0,0,0,0,0,0,0,0,0,0,0,0,0,0,0,1,0,0,0,1,0,0,0,0,0,658.7576904296875,550.0
840,1,6,0,1,20.0,9.0,3,1,0,1,0,7,0,0,0,1,1,0,0,0,0,0,0,0,0,0,1,0,0,0,1,0,1,0,0,0,0,0,0,0,1,0,0,0,1,0,0,0,0,0,147458.25,145000.0
851,1,6,0,1,4.0,1.0,2,1,1,1,1,1,0,0,0,1,0,0,0,0,0,0,0,0,1,0,0,0,0,0,0,0,1,0,0,0,0,0,0,0,1,0,0,1,0,0,0,0,0,0,128667.5390625,130000.0
830,0,3,2,1,17.0,8.0,3,1,0,1,1,3,0,0,0,1,1,0,0,0,0,0,0,0,1,0,0,1,0,0,0,0,1,0,0,0,0,0,0,0,1,0,0,0,1,0,0,0,0,0,769.5408935546875,720.0
863,1,6,1,1,0.0,0.0,2,1,0,2,1,3,0,0,0,1,0,0,0,0,0,0,0,0,1,0,0,0,0,0,0,0,1,0,0,0,0,0,0,0,1,0,0,0,1,0,0,0,0,0,133549.84375,140000.0
853,1,6,1,1,8.0,1.0,3,1,0,0,2,1,0,0,0,1,1,0,0,0,0,0,0,0,1,0,0,1,0,0,0,0,1,0,0,0,0,0,0,0,0,0,0,0,0,0,1,0,0,0,187186.328125,190000.0
834,1,6,3,1,15.0,2.0,4,1,0,2,1,3,0,0,0,1,1,0,0,0,0,0,0,0,1,0,0,0,0,0,0,0,1,0,0,0,0,0,0,0,1,0,0,0,1,0,0,0,0,0,264853.75,257500.0
5546,0,3,2,1,0.0,0.0,3,1,0,1,1,3,0,0,0,1,1,0,0,0,0,0,0,0,1,0,0,0,0,0,0,0,1,0,0,0,0,0,0,0,0,0,0,0,0,0,1,0,0,0,855.6785888671875,630.0
863,1,6,1,3,14.0,1.0,2,1,0,2,1,3,0,0,0,1,0,0,0,0,0,0,0,0,1,0,0,0,0,0,0,0,1,0,0,0,0,0,0,0,1,0,0,0,1,0,0,0,0,0,139906.265625,140000.0
832,1,6,1,1,18.0,2.0,3,1,0,1,0,2,0,0,0,0,0,0,0,0,0,0,0,0,1,0,0,1,0,0,0,0,0,0,0,0,0,0,0,0,1,0,0,0,1,0,0,0,0,0,133589.6875,130000.0
856,1,6,1,3,21.0,4.0,3,1,0,1,1,2,0,0,0,1,1,0,0,0,0,0,0,0,0,0,0,1,0,0,0,0,1,0,0,0,0,0,0,0,1,0,0,0,1,0,0,0,0,0,135754.609375,160000.0
3360,1,7,0,1,0.0,0.0,2,1,0,1,1,2,0,0,0,0,0,0,0,1,0,0,0,0,1,0,0,0,0,1,0,0,1,0,0,0,0,0,0,0,1,0,0,0,1,0,0,0,0,0,183761.46875,185000.0
1547,1,4,2,1,1.0,0.0,3,1,0,1,1,6,1,0,0,0,0,0,1,0,0,0,0,0,0,0,0,0,0,0,1,0,1,0,0,0,0,0,0,0,1,0,0,0,1,0,0,0,0,0,265576.03125,260000.0
1831,1,6,3,1,4.0,1.0,4,1,0,1,1,10,0,0,0,1,1,0,1,0,0,0,0,0,0,0,0,1,0,0,1,0,1,0,0,0,0,0,0,0,1,0,0,0,1,0,0,0,0,0,262932.78125,250000.0
1549,0,3,0,1,10.0,5.0,3,1,0,1,1,5,0,0,0,0,0,0,1,0,0,0,0,0,0,0,0,1,0,0,1,0,1,0,0,0,0,0,0,0,1,0,0,0,1,0,0,0,0,0,602.0408935546875,750.0
1652,0,3,1,1,8.0,5.0,2,1,0,1,1,4,0,0,0,0,0,0,0,1,0,0,0,0,0,0,0,1,0,0,1,0,1,0,0,0,0,0,0,0,1,0,0,0,1,0,0,0,0,0,457.6698303222656,650.0
1616,1,6,3,1,5.0,0.0,4,1,1,1,1,8,0,0,0,0,0,0,0,1,1,0,0,0,0,0,0,0,0,0,1,0,1,0,0,0,0,0,0,0,1,0,0,0,1,0,0,0,0,0,345636.8125,340000.0
1561,0,3,1,1,7.0,3.0,3,1,0,1,1,5,0,0,0,0,0,0,0,1,0,0,0,0,1,0,0,0,0,0,0,0,1,0,0,0,0,0,0,0,1,0,0,0,1,0,0,0,0,0,626.4119873046875,725.0
1672,0,3,1,1,8.0,3.0,3,1,0,1,1,6,0,0,0,1,1,0,1,0,0,0,0,0,0,0,0,1,0,0,1,0,1,0,0,0,0,0,0,0,1,0,0,0,1,0,0,0,0,0,733.6092529296875,750.0
3094,1,6,4,1,4.0,2.0,5,1,1,2,2,3,0,0,0,1,1,0,0,0,0,0,0,0,0,0,0,1,0,0,1,0,0,0,0,0,0,0,0,0,0,0,0,0,1,0,0,0,0,0,418057.96875,425000.0
3108,1,6,3,1,7.0,0.0,4,1,1,2,1,3,1,0,0,0,1,0,1,0,0,0,0,0,1,0,1,0,0,1,0,0,1,0,0,0,0,0,0,0,1,0,0,1,0,0,0,0,0,0,287916.0625,290000.0
1027,1,4,2,1,8.0,1.0,3,1,1,1,1,1,0,0,0,1,1,0,0,0,0,0,0,0,1,0,1,0,0,0,0,0,0,0,0,0,0,0,0,0,1,0,0,0,1,0,0,0,0,0,284177.09375,245000.0
1024,1,4,4,1,1.0,0.0,4,1,1,0,1,2,0,0,0,1,1,0,0,0,0,0,0,0,1,0,1,0,0,1,0,0,0,0,0,0,0,0,0,0,1,0,0,0,1,0,0,0,0,0,467360.75,475000.0
1021,1,2,0,1,16.0,3.0,3,1,1,1,0,0,0,0,0,1,0,0,1,0,0,0,0,0,1,0,0,1,0,0,0,0,0,0,0,0,0,0,0,0,1,0,0,0,1,0,0,0,0,0,201130.359375,210000.0
1029,1,2,4,1,17.0,5.0,4,1,1,0,1,2,0,0,0,1,1,0,1,0,0,0,0,0,0,0,0,0,1,1,1,0,0,0,0,0,0,0,0,0,0,0,0,0,0,0,0,0,0,0,546904.125,550000.0
1028,1,4,1,1,11.0,5.0,3,1,0,1,1,2,0,0,0,1,1,0,1,0,0,0,0,0,1,0,1,0,1,0,0,0,1,0,0,0,0,0,0,0,1,0,0,0,1,0,0,0,0,0,266614.8125,280000.0
1019,1,2,3,1,4.0,4.0,3,1,0,1,1,5,0,0,0,1,1,0,1,0,0,0,0,0,1,0,1,0,0,0,1,0,0,0,0,0,0,0,0,0,1,0,0,0,1,0,0,0,0,0,340559.09375,340000.0
1020,1,4,3,1,9.0,3.0,3,1,1,1,1,4,0,0,0,0,1,0,1,0,0,1,0,0,0,0,1,0,0,0,0,0,0,0,0,0,0,0,0,0,1,0,0,0,1,0,0,0,0,1,369311.125,360000.0
1019,1,2,3,1,10.0,2.0,3,1,1,0,1,1,0,0,0,1,1,0,1,0,0,0,0,0,1,0,1,0,0,1,0,0,0,0,0,0,0,0,0,0,1,0,0,0,1,0,0,0,0,1,380941.46875,380000.0
1018,1,4,3,1,12.0,4.0,6,1,1,1,1,4,0,0,0,1,1,0,1,0,0,0,0,0,1,0,0,1,0,0,1,0,0,0,0,0,0,0,0,0,1,0,0,0,1,0,0,0,0,0,506664.5625,500000.0
2553,1,6,4,1,0.0,0.0,3,1,1,2,0,4,0,0,0,1,1,0,1,0,0,0,0,0,0,0,0,1,1,0,1,0,0,0,0,0,0,0,0,0,1,0,1,1,0,0,0,0,0,0,515637.0625,300000.0
5377,0,3,2,1,6.0,11.0,2,1,0,0,1,4,0,0,0,0,0,0,1,0,0,0,0,0,0,1,0,0,0,0,0,0,0,0,1,0,0,0,0,1,0,0,0,0,1,0,0,0,0,0,810.8338623046875,800.0
5373,1,6,2,1,9.0,2.0,2,1,0,1,1,2,0,0,0,0,0,0,0,0,0,0,0,0,0,0,1,0,0,0,1,1,0,0,1,0,0,0,0,1,1,0,0,0,1,0,0,0,0,0,350522.96875,350000.0
2749,1,4,0,1,15.0,3.0,1,1,0,1,1,1,0,0,0,0,0,0,0,1,0,0,0,0,0,0,0,0,0,0,0,0,0,0,0,0,0,0,0,0,1,0,1,0,0,0,0,0,0,0,154964.421875,160000.0
2901,1,2,2,1,26.0,3.0,3,1,1,1,1,5,0,0,0,1,1,0,1,0,0,0,0,0,1,0,0,0,0,1,1,0,0,0,0,0,0,0,0,0,1,0,1,0,0,0,0,0,0,0,301176.75,300000.0
2798,1,4,1,1,17.0,5.0,2,1,0,1,1,6,0,0,0,0,0,0,0,1,0,0,0,0,1,0,0,0,0,1,1,0,0,0,1,0,0,0,0,0,1,0,0,1,1,0,0,0,0,0,309962.90625,240000.0
2847,1,4,1,1,20.0,6.0,2,1,0,1,1,3,1,0,0,0,0,0,1,0,0,0,0,1,0,1,0,0,0,0,0,0,0,0,1,0,0,0,0,1,1,0,0,0,1,0,0,0,0,0,180954.6875,195000.0
2846,1,4,1,1,6.0,0.0,2,1,0,1,1,3,1,0,0,0,0,0,1,0,0,0,0,1,0,1,0,0,0,0,0,0,0,0,0,0,0,0,0,0,1,0,0,1,1,0,0,0,0,0,210029.765625,200000.0
2835,1,4,1,1,25.0,7.0,2,1,1,1,0,4,1,0,0,0,0,0,1,0,0,0,0,1,0,1,0,0,0,0,0,0,0,0,1,0,0,0,0,1,1,0,0,0,1,0,0,0,0,0,182257.296875,180000.0
2750,1,4,1,1,36.0,12.0,2,1,1,1,1,2,0,0,0,0,0,0,0,1,0,0,0,0,1,0,0,0,0,1,1,0,0,0,1,0,0,0,0,0,1,0,0,1,1,0,0,0,0,0,266090.78125,260000.0
2856,1,4,2,1,17.0,17.0,2,1,0,1,1,7,0,0,0,1,1,0,1,0,0,0,0,0,1,0,0,1,0,1,0,0,0,0,1,0,0,0,0,0,1,0,0,1,1,0,0,0,0,0,290233.0625,290000.0
2702,1,4,2,1,8.0,1.0,3,1,1,1,1,8,1,0,0,1,0,0,0,1,0,0,0,0,1,0,0,0,0,1,1,0,0,0,1,0,0,0,0,0,1,0,0,1,1,0,0,0,0,0,305470.96875,495000.0
2823,1,2,2,1,4.0,3.0,2,1,0,1,1,1,0,0,0,0,0,0,1,0,0,0,0,1,0,1,0,0,0,0,0,0,0,1,0,1,0,1,0,1,1,0,1,0,0,0,0,0,0,0,243268.984375,199950.0
2683,1,7,2,1,14.0,5.0,4,1,0,1,1,2,0,0,0,1,1,0,0,0,0,0,1,0,1,0,1,0,0,0,1,0,0,0,0,0,0,0,0,0,1,0,0,0,1,0,0,0,0,1,425536.5,420000.0
2693,1,4,4,1,30.0,2.0,4,1,1,1,1,4,0,0,0,1,1,0,1,0,0,0,0,0,1,0,0,1,0,0,1,0,0,0,0,0,0,0,0,1,1,0,0,0,1,0,0,0,0,0,470626.03125,460000.0
772,1,4,2,1,4.0,1.0,3,1,2,2,1,8,0,0,0,1,1,0,0,1,0,0,0,0,1,0,1,0,0,1,0,0,0,0,0,0,0,0,0,0,1,0,0,0,1,0,0,0,0,0,230419.203125,230000.0
3066,1,2,0,1,10.0,3.0,3,1,0,1,1,6,0,0,0,0,0,0,0,1,0,0,0,0,1,0,1,0,0,0,1,0,0,0,0,0,0,0,0,0,1,0,0,0,1,0,0,0,0,0,167521.296875,170000.0
3329,1,2,2,1,2.0,1.0,4,1,1,2,1,7,0,0,0,1,1,1,0,0,0,0,0,0,1,0,1,0,1,0,0,0,0,0,0,0,0,0,0,0,1,0,0,0,1,0,0,0,0,0,277828.59375,360000.0
3057,1,2,2,1,18.0,4.0,4,1,0,2,1,8,1,0,0,0,0,0,1,0,0,0,0,0,1,0,1,0,0,1,0,0,0,0,0,0,0,0,0,0,1,0,0,1,1,0,0,0,0,0,240594.515625,240000.0
3308,1,2,1,1,19.0,3.0,2,1,1,1,1,6,0,0,0,1,1,0,1,0,0,0,0,0,0,0,1,0,0,1,1,0,0,0,0,0,0,0,0,1,1,0,0,0,1,0,0,0,0,0,141837.375,140000.0
3319,1,2,2,1,13.0,6.0,3,1,0,1,1,10,0,0,0,1,1,0,1,0,0,0,0,0,1,0,0,0,1,1,0,0,0,0,0,0,0,0,0,0,1,0,0,1,1,0,0,0,0,0,284323.0625,270000.0
3325,1,2,4,1,16.0,1.0,5,1,0,2,2,9,0,0,0,1,0,0,1,0,0,1,0,0,1,0,1,0,0,1,0,0,0,0,0,0,0,0,0,1,1,0,0,0,1,0,0,0,0,0,728724.9375,725000.0
3334,1,2,1,1,6.0,1.0,3,1,0,1,1,5,1,0,0,1,0,0,1,0,0,0,0,0,1,0,1,0,0,1,0,0,0,0,0,0,0,0,0,0,1,0,0,1,1,0,0,0,0,0,237960.125,240000.0
3063,1,6,0,1,18.0,2.0,3,1,1,0,1,4,0,0,0,0,0,0,0,1,0,0,0,0,1,0,1,0,0,1,0,0,0,0,0,0,0,0,0,0,1,0,0,1,1,0,0,0,0,0,253550.0,250000.0
3333,1,6,2,1,10.0,0.0,3,1,0,2,1,7,0,0,0,1,1,0,1,0,0,0,0,0,1,0,1,0,0,0,1,0,0,0,0,0,0,0,0,0,1,0,0,1,1,0,0,0,0,0,326302.5,325000.0
4523,1,7,0,1,8.0,1.0,3,1,0,1,1,3,0,0,0,0,0,0,0,1,0,0,0,0,1,0,1,0,0,0,1,0,0,0,0,0,0,0,0,0,1,0,0,1,1,0,0,0,0,0,144610.609375,145000.0
4519,1,7,2,4,26.0,0.0,3,1,0,1,1,4,0,0,1,0,1,0,1,0,0,0,0,0,1,0,0,0,0,1,1,0,0,0,0,0,0,0,0,0,0,0,0,1,0,0,0,0,0,0,229538.703125,150000.0
4513,1,7,1,1,1.0,1.0,2,1,0,1,1,1,1,1,0,0,0,0,0,0,0,0,0,0,0,1,0,0,0,0,0,0,0,0,0,0,0,0,0,0,0,0,1,0,0,0,0,0,0,0,100592.3359375,120000.0
4519,1,7,2,4,16.0,3.0,3,1,0,1,1,4,0,0,1,1,0,0,1,0,0,0,0,0,1,0,1,1,0,0,0,0,0,0,1,0,0,0,0,0,1,0,0,1,1,0,0,0,0,0,147550.609375,150000.0
4514,1,7,4,3,26.0,1.0,5,1,1,1,1,4,0,0,0,1,0,0,1,0,0,0,0,0,0,0,1,0,0,0,1,0,0,0,0,1,0,0,0,0,0,0,0,0,0,0,1,0,0,0,368227.4375,375000.0
4520,1,7,4,1,7.0,1.0,3,1,1,2,1,5,0,0,0,1,1,0,1,0,0,0,0,0,1,0,0,0,1,1,0,0,1,0,0,1,1,0,0,1,0,0,0,1,1,0,0,0,0,0,329415.03125,400000.0
4518,1,7,1,1,2.0,2.0,1,1,0,1,1,1,1,0,0,0,0,0,1,0,0,0,0,0,0,0,0,0,0,0,0,0,1,1,0,0,0,0,0,0,0,0,1,0,0,0,0,0,0,0,107093.7734375,107000.0
4014,1,6,2,1,12.0,4.0,3,1,1,0,0,1,1,0,0,1,0,0,0,0,0,1,0,0,1,0,0,1,0,0,0,0,0,0,0,0,0,0,0,0,0,0,1,1,0,0,0,0,0,0,237193.28125,240000.0
770,1,2,0,1,10.0,4.0,2,1,0,0,1,4,0,0,0,0,0,0,0,1,0,0,0,0,1,0,0,0,0,1,1,0,0,0,0,0,0,0,0,0,1,0,0,0,1,0,0,0,0,0,134234.921875,135000.0
3050,1,2,0,1,16.0,3.0,2,1,0,1,1,0,0,0,0,0,0,0,0,1,0,0,0,0,1,0,0,0,0,1,0,0,0,0,0,0,0,0,0,0,1,0,0,0,1,0,0,0,0,0,147736.890625,145000.0
3517,1,6,2,1,9.0,4.0,3,1,0,1,1,8,0,0,0,1,1,0,0,0,0,0,0,0,1,0,0,0,1,0,0,0,0,0,0,1,1,1,0,0,0,0,1,0,0,0,0,0,0,0,349492.75,350000.0
3514,1,6,4,1,11.0,3.0,4,1,1,2,1,10,0,0,1,0,1,0,1,0,0,0,0,0,1,0,0,1,1,0,0,0,0,0,1,0,0,0,0,1,0,0,0,0,1,0,0,0,0,0,382078.09375,375000.0
3571,1,2,0,1,9.0,2.0,4,1,1,1,1,6,0,0,0,0,0,0,0,1,0,0,0,0,1,0,1,0,0,0,1,0,0,0,1,0,0,0,0,0,1,0,0,0,1,0,0,0,0,0,277758.84375,280000.0
1288,1,7,4,1,15.0,2.0,4,1,0,2,1,4,0,0,0,0,1,0,1,0,0,0,0,0,1,0,1,0,0,0,0,0,0,0,0,0,0,0,0,1,0,0,0,0,1,0,0,1,0,0,423931.0,360000.0
1325,1,7,3,1,25.0,3.0,4,1,0,2,1,2,0,0,0,1,1,0,1,0,0,0,0,0,1,0,0,0,0,1,1,0,0,0,0,0,0,0,0,1,1,0,0,0,1,0,0,0,0,0,458222.4375,450000.0
1326,1,6,2,1,17.0,6.0,3,1,0,1,0,2,0,0,0,1,1,0,1,0,0,0,0,0,1,0,1,0,0,0,1,0,0,0,0,0,0,0,0,1,1,0,0,0,1,0,0,0,0,0,331235.46875,240000.0
1319,1,7,2,1,9.0,1.0,2,1,0,2,0,2,0,0,0,1,1,0,1,0,0,0,0,0,0,0,1,1,0,1,0,0,0,0,0,0,0,0,0,1,1,0,0,0,1,0,0,0,0,0,200420.6875,205000.0
2577,0,3,0,1,35.0,8.0,1,1,0,1,0,2,0,1,0,0,0,0,1,0,0,0,0,0,0,1,0,0,0,0,0,0,0,0,1,0,0,0,0,0,0,0,1,0,0,0,0,0,0,0,703.5623779296875,525.0
2574,1,2,3,1,41.0,11.0,2,1,0,1,0,1,0,0,0,0,0,0,0,1,0,0,0,0,0,0,0,1,0,0,0,0,0,0,1,0,0,0,0,0,0,0,0,0,1,0,0,0,0,0,125292.65625,120000.0
2572,0,3,2,1,15.0,8.0,2,1,0,1,1,1,0,0,0,1,0,0,0,0,0,0,0,0,0,0,0,1,1,0,0,0,1,0,0,0,0,0,0,0,0,0,0,0,1,0,0,0,0,0,1010.1268310546875,950.0
2144,1,7,4,1,15.0,4.0,3,1,1,1,1,1,0,0,0,1,1,0,1,0,0,0,0,0,1,0,0,0,0,1,1,0,1,0,0,0,0,0,0,1,1,0,0,0,0,0,0,0,0,0,619177.875,625000.0
2654,1,2,1,1,9.0,3.0,4,1,0,2,1,4,0,0,0,1,0,0,0,0,0,0,0,0,1,0,0,0,0,0,0,0,0,0,0,0,0,0,0,1,0,0,0,0,0,0,0,0,0,0,377578.21875,375000.0
2613,1,2,4,1,6.0,0.0,4,1,0,2,1,5,0,0,0,1,0,0,0,0,0,0,0,0,1,0,0,0,0,0,0,0,1,0,0,0,0,0,0,0,0,0,0,0,1,0,0,0,0,0,395241.5625,385000.0
2660,1,2,2,1,10.0,2.0,3,1,1,1,0,2,0,0,0,0,1,0,0,0,0,0,0,0,0,0,0,0,0,0,0,0,1,0,0,0,0,0,0,0,0,0,0,0,1,0,0,0,0,0,231399.265625,330000.0
2605,1,2,1,1,12.0,0.0,7,2,2,2,2,5,0,0,0,1,0,0,0,0,0,0,0,0,1,0,0,0,0,0,0,1,1,0,0,0,0,0,0,0,0,0,0,0,1,0,0,0,0,0,536269.625,550000.0
4281,1,2,2,1,8.0,2.0,2,1,1,0,1,5,0,0,0,1,0,0,0,0,0,0,0,0,1,0,0,0,0,0,0,0,0,0,0,0,0,0,0,0,1,0,0,0,1,0,0,0,0,0,300099.8125,300000.0
4279,1,2,2,1,9.0,3.0,2,1,2,1,0,3,0,0,0,0,0,0,0,1,0,0,0,0,0,0,0,1,0,0,1,0,1,0,0,0,0,0,0,0,0,0,0,0,1,0,0,0,0,0,230779.578125,240000.0
4278,1,2,1,3,18.0,1.0,3,1,0,0,1,6,0,0,0,0,0,0,0,1,0,0,0,0,1,0,0,0,0,0,0,0,1,0,0,0,0,0,0,0,0,0,0,0,1,0,0,0,0,0,245844.453125,250000.0
4280,1,2,2,1,3.0,1.0,2,1,0,1,1,4,0,0,0,1,0,0,0,0,0,0,0,0,1,0,0,0,0,0,0,0,1,0,0,0,0,0,0,0,0,0,0,0,1,0,0,0,0,0,245645.234375,240000.0
4277,1,2,0,1,5.0,1.0,1,1,0,2,1,5,0,0,0,0,0,0,1,0,0,0,0,0,0,0,0,0,0,0,1,0,1,0,0,0,0,0,0,0,0,0,0,0,1,0,0,0,0,0,89540.828125,180000.0
0,1,6,5,1,7.0,0.0,3,1,0,0,1,6,0,0,0,0,0,0,0,1,0,0,0,0,1,0,1,0,0,1,0,0,0,0,1,0,0,0,0,0,0,0,0,0,1,0,0,0,0,0,493812.34375,380000.0
0,0,3,5,1,9.0,1.0,3,1,0,0,1,6,0,0,0,0,0,0,0,1,0,0,0,0,1,0,1,0,0,1,0,0,0,0,1,0,0,0,0,0,0,0,0,0,1,0,0,0,0,0,1446.2362060546875,1200.0
27,0,3,0,1,2.0,1.0,1,1,1,1,0,2,0,1,0,0,0,0,1,0,0,0,0,0,0,0,0,0,0,0,0,0,0,0,1,0,0,0,0,0,1,0,0,0,1,0,0,0,0,0,572.7850341796875,450.0
3364,1,7,1,1,3.0,1.0,3,1,0,1,1,6,0,0,0,1,1,0,1,0,0,0,0,0,0,0,0,0,1,1,1,0,1,0,0,0,0,0,0,0,1,0,0,0,1,0,0,0,0,0,230106.5625,220000.0
3360,1,7,1,1,7.0,1.0,3,1,0,1,1,6,0,0,0,0,0,0,0,1,0,0,0,0,0,0,0,0,1,1,1,0,1,0,0,0,0,0,0,0,1,0,0,0,1,0,0,0,0,0,220152.375,215000.0
3357,1,7,2,1,2.0,1.0,3,1,0,1,1,6,0,0,0,1,1,1,0,0,0,0,0,0,1,0,0,1,1,0,0,0,1,0,0,0,0,0,0,0,1,0,0,0,1,0,0,0,0,0,225671.921875,260000.0
3078,1,7,0,1,13.0,2.0,2,1,0,1,1,6,0,0,0,0,1,0,1,1,0,0,0,0,1,0,0,0,1,0,1,0,1,0,0,0,0,0,0,0,1,0,0,0,1,0,0,0,0,0,181804.890625,170000.0
3111,1,7,1,3,22.0,0.0,3,1,1,1,1,4,0,0,0,1,0,0,1,0,0,0,0,0,1,0,0,0,1,0,1,0,1,0,0,0,0,0,0,0,1,0,0,0,1,0,0,0,0,0,255078.640625,165000.0
3360,1,7,1,1,10.0,1.0,3,1,0,1,1,7,0,0,0,0,0,0,1,0,0,0,0,0,1,0,0,0,1,0,1,0,1,0,0,0,0,0,0,0,1,0,0,0,1,0,0,0,0,0,282216.40625,280000.0
777,1,7,1,1,12.0,1.0,3,1,0,1,1,8,0,0,0,1,1,0,1,0,0,0,0,0,1,0,0,0,1,0,1,0,1,0,0,0,0,0,0,0,1,0,0,0,1,0,0,0,0,0,172562.515625,170000.0
3376,1,7,0,1,12.0,3.0,3,1,0,1,2,4,0,0,0,0,0,0,0,1,0,0,0,0,1,0,0,1,1,0,0,0,1,0,0,0,0,0,0,0,1,0,0,0,1,0,0,0,0,0,147823.109375,146000.0
3114,1,7,1,1,2.0,1.0,2,1,1,1,1,6,1,0,0,0,0,1,0,0,0,0,0,0,0,0,0,0,0,0,0,1,1,0,0,0,0,0,1,0,0,0,0,0,0,0,0,0,0,1,148016.90625,155000.0
3370,1,7,0,1,7.0,1.0,3,1,0,1,1,3,0,0,0,0,0,0,0,1,0,0,0,0,0,0,0,0,0,1,1,0,1,0,0,0,0,0,1,0,0,0,0,0,1,0,0,0,0,0,235203.140625,150000.0
3086,1,7,1,1,5.0,0.0,3,1,1,1,1,1,0,0,0,1,1,0,0,0,0,0,0,0,1,0,0,1,0,0,0,0,1,0,0,0,0,0,0,0,1,0,0,0,1,0,0,0,0,0,165135.375,210000.0
3359,1,7,0,1,14.0,2.0,2,1,1,2,1,4,0,0,0,0,0,0,0,1,0,0,0,0,1,0,0,0,1,0,1,0,1,0,0,0,0,0,0,0,1,0,0,0,1,0,0,0,0,0,184326.78125,180000.0
3070,1,7,1,1,12.0,2.0,3,1,0,1,1,9,0,0,0,1,1,0,1,0,0,0,0,0,0,0,0,1,0,1,1,0,1,0,0,0,0,0,0,0,1,0,0,0,1,0,0,0,0,0,231743.359375,230000.0
3354,1,2,0,1,24.0,2.0,3,1,1,1,2,5,0,0,0,0,0,0,0,1,0,0,0,0,0,0,0,1,1,0,1,0,1,0,0,0,0,0,0,0,1,0,0,0,1,0,0,0,0,0,224245.015625,160000.0
3077,0,3,0,1,8.0,2.0,3,1,0,1,1,2,0,0,0,0,0,0,0,1,0,0,0,0,1,0,0,1,1,0,0,0,1,0,0,0,0,0,0,0,1,0,0,0,1,0,0,0,0,0,581.2655029296875,800.0
3363,1,7,2,1,9.0,1.0,3,1,1,1,1,4,0,0,0,1,1,0,1,0,0,0,0,0,1,0,0,1,1,0,0,0,1,0,0,0,0,0,0,0,1,0,0,0,1,0,0,0,0,0,230699.46875,230000.0
792,1,7,0,1,4.0,1.0,2,1,0,1,1,4,0,0,0,0,0,0,0,1,0,0,0,0,0,0,0,0,1,0,1,0,1,0,0,0,0,0,0,0,1,0,0,0,1,0,0,0,0,0,137751.984375,135000.0
796,1,7,0,1,4.0,1.0,3,1,1,1,1,3,0,0,0,0,0,0,0,1,0,0,0,0,1,0,0,1,0,0,0,0,1,0,0,0,0,0,0,0,0,0,0,0,1,0,0,0,0,0,73467.7578125,130000.0
3068,1,7,0,1,13.0,1.0,3,1,1,1,0,5,0,0,0,1,0,0,1,0,0,0,0,0,1,0,0,1,1,0,0,0,1,0,0,0,0,0,0,0,1,0,0,0,1,0,0,0,0,0,206529.765625,180000.0
3466,1,2,0,1,10.0,3.0,3,1,1,1,0,3,0,0,0,0,0,0,0,1,0,0,0,0,1,0,1,0,0,0,0,0,0,0,0,0,0,0,0,0,1,0,0,0,1,0,0,0,0,0,190198.890625,189950.0
3431,1,2,2,1,7.0,1.0,4,1,1,1,0,1,0,0,0,1,1,0,1,0,0,0,0,0,0,0,1,0,0,1,1,0,0,0,0,0,0,0,0,0,1,0,0,0,1,0,0,0,0,0,272063.8125,215000.0
3476,1,6,2,1,23.0,1.0,3,1,1,1,1,0,0,0,0,1,1,0,0,1,0,0,0,0,1,0,1,1,0,0,0,0,0,0,0,0,0,0,0,0,1,0,0,0,1,0,0,0,0,0,180451.375,180000.0
3451,1,6,0,1,3.0,0.0,3,1,1,1,0,0,0,0,0,0,0,0,0,1,0,0,0,0,0,0,0,0,1,0,0,0,0,0,0,0,0,0,0,0,1,0,0,0,1,0,0,0,0,0,118800.21875,120000.0
3449,1,6,5,1,11.0,3.0,3,1,1,1,1,1,0,0,0,1,0,0,0,0,0,0,0,0,0,0,1,0,1,0,0,1,0,0,0,0,0,0,0,0,1,0,0,0,1,0,0,0,0,0,413386.59375,445000.0
1386,1,6,3,1,19.0,3.0,4,1,1,2,1,2,0,0,0,1,1,0,1,0,0,0,0,0,1,0,1,0,0,1,0,0,1,0,0,0,0,0,0,0,1,0,0,0,1,0,0,0,0,0,306382.1875,310000.0
1377,0,3,1,1,17.0,3.0,2,1,1,1,0,0,1,0,0,0,0,0,1,0,0,0,0,0,0,0,0,0,0,0,0,0,0,0,0,0,0,0,0,0,0,0,0,0,1,0,0,0,0,0,852.2987060546875,1000.0
1245,0,3,0,1,18.0,3.0,3,1,1,1,1,1,0,0,0,1,0,0,0,0,0,0,0,0,1,0,1,0,0,0,0,0,1,0,0,0,0,0,0,0,0,0,0,0,1,0,0,0,0,0,656.8612060546875,675.0
2025,1,7,0,1,8.0,6.0,2,1,1,1,1,1,0,0,0,0,0,0,0,1,0,0,0,0,0,0,0,0,0,0,0,0,0,0,0,0,0,0,0,0,1,0,0,0,1,0,0,0,0,0,83334.6953125,85000.0
1243,1,7,0,1,12.0,1.0,3,1,1,1,1,2,0,0,0,0,0,0,0,1,0,0,0,0,0,0,1,0,1,0,0,1,0,0,1,0,0,0,0,0,0,0,0,0,1,0,0,0,0,0,174360.03125,175000.0
4837,1,7,1,1,5.0,8.0,2,1,0,2,1,3,0,0,0,1,0,0,1,0,0,1,0,0,1,0,0,1,0,1,0,0,0,0,0,0,0,0,0,1,1,0,0,0,1,0,0,0,0,0,248882.109375,195000.0
4844,1,7,2,1,10.0,4.0,3,2,1,1,2,7,0,0,0,1,1,0,1,0,0,0,0,0,1,0,0,1,1,0,0,0,0,0,0,0,0,0,0,1,1,0,0,1,0,0,0,0,0,0,231441.015625,215000.0
4845,1,7,3,1,7.0,4.0,4,1,1,1,2,10,0,0,0,1,0,0,1,0,0,0,0,0,1,0,0,1,0,0,1,0,0,0,0,0,0,0,0,1,1,0,0,0,1,0,0,0,0,0,311959.21875,310000.0
4949,1,7,1,1,5.0,2.0,3,1,0,0,1,6,0,0,0,0,0,0,0,1,0,0,0,0,1,0,1,1,0,0,0,0,0,0,0,0,0,0,0,1,1,0,0,0,1,0,0,0,0,0,147880.703125,145000.0
4984,1,7,3,1,4.0,5.0,4,1,0,0,1,10,0,0,0,1,1,0,1,0,0,0,0,0,1,0,0,1,0,1,0,0,0,0,0,0,0,0,0,1,1,0,0,0,1,0,0,0,0,0,345959.0,340000.0
4823,1,7,2,1,6.0,4.0,3,1,0,1,1,6,0,1,0,0,0,0,0,1,0,0,0,0,1,0,0,1,0,1,0,0,0,0,0,0,0,0,0,1,0,0,0,1,1,0,0,0,0,0,300357.0625,300000.0
4961,1,7,1,1,1.0,3.0,2,1,1,1,0,6,0,1,0,1,0,0,1,0,0,0,0,0,1,0,1,1,0,0,0,0,0,0,0,0,0,0,0,1,1,0,0,0,1,0,0,0,0,0,196512.6875,200000.0
4805,1,7,1,1,4.0,2.0,2,1,1,1,1,4,1,0,0,1,0,0,1,0,0,0,0,0,1,0,0,1,1,0,0,0,0,0,0,0,0,0,0,0,1,0,0,1,1,0,0,0,0,0,174277.484375,170000.0
4837,1,7,2,1,4.0,2.0,3,1,1,1,1,5,1,0,0,1,0,0,1,0,0,0,0,0,1,0,0,1,1,0,0,0,0,0,0,0,0,0,0,0,1,0,0,1,1,0,0,0,0,0,236566.984375,235000.0
4920,1,7,1,1,2.0,2.0,1,2,1,1,1,4,1,1,0,0,0,0,1,0,0,0,0,0,0,1,0,0,0,0,0,0,0,0,0,0,0,0,0,1,1,0,0,0,1,0,0,0,0,0,87812.0234375,92000.0
4982,1,4,4,1,4.0,1.0,4,1,0,1,1,12,0,0,0,1,1,0,1,0,0,0,0,0,1,0,0,1,1,0,0,0,0,0,0,0,0,0,0,1,1,0,0,0,1,0,0,0,0,0,403407.0625,400000.0
4850,1,4,2,1,12.0,5.0,3,2,0,2,1,8,0,0,0,1,1,0,1,0,0,0,0,0,1,0,0,1,0,1,0,0,0,0,0,0,0,0,0,0,1,0,0,1,1,0,0,0,0,0,229730.703125,230000.0
4837,1,7,2,1,6.0,2.0,2,1,0,2,1,7,1,0,0,1,0,0,1,0,0,0,0,0,1,0,0,1,0,1,0,0,0,0,0,0,0,0,0,1,1,0,0,1,0,0,0,0,0,0,203632.09375,240000.0
4941,1,4,2,1,10.0,3.0,3,1,0,2,1,9,0,0,0,1,1,0,1,0,0,0,0,0,1,0,0,1,1,0,0,0,0,0,0,0,0,0,0,1,1,0,0,0,1,0,0,0,0,0,298992.0625,295000.0
4983,1,7,2,1,17.0,2.0,3,2,0,1,2,8,1,0,0,1,0,0,1,0,0,0,0,0,1,0,1,1,0,0,0,0,0,0,0,0,0,0,0,1,1,0,0,0,0,0,1,0,0,0,308826.4375,300000.0
4865,1,7,2,1,12.0,2.0,3,1,0,1,1,5,1,0,0,1,0,0,1,0,0,0,0,0,1,0,0,1,1,0,0,0,0,0,0,0,0,0,0,1,1,0,0,1,0,0,0,0,0,0,240053.609375,240000.0
4843,1,4,2,1,5.0,1.0,3,2,1,2,1,7,0,0,0,1,1,0,1,0,0,0,0,0,1,0,0,1,1,0,0,0,0,0,0,0,0,0,0,0,1,0,0,1,1,0,0,0,0,0,276301.78125,245000.0
4980,1,4,1,1,7.0,3.0,2,1,0,2,1,6,0,0,0,1,1,0,1,0,0,0,0,0,1,0,0,1,1,0,0,0,0,0,0,0,0,0,0,0,1,0,0,1,1,0,0,0,0,0,269881.3125,165000.0
4844,1,4,2,1,2.0,4.0,3,1,0,2,1,7,0,0,0,1,1,0,1,0,0,0,0,0,1,0,0,1,1,0,0,0,0,0,0,1,0,0,0,1,1,0,0,0,1,0,0,0,0,0,289288.4375,295000.0
4914,1,4,3,1,48.0,5.0,3,1,0,2,1,10,0,0,0,1,1,0,1,0,0,0,0,0,1,0,0,1,0,0,1,0,0,0,0,0,0,0,0,1,1,0,0,0,1,0,0,0,0,0,339218.71875,330000.0
4978,1,4,3,1,9.0,5.0,4,1,0,1,1,7,0,0,0,1,0,0,1,0,0,1,0,0,1,0,1,1,0,0,0,0,1,0,0,0,1,0,0,1,1,0,0,0,1,0,0,0,0,0,257706.859375,265000.0
4828,1,7,2,1,13.0,13.0,3,1,0,0,1,9,0,0,0,1,1,0,1,0,0,0,0,0,1,0,1,0,0,0,1,0,0,0,0,0,0,0,0,1,1,0,0,1,0,0,0,0,0,0,201486.625,275000.0
4836,1,4,1,1,5.0,1.0,3,1,0,1,1,5,0,1,0,0,0,0,0,1,0,0,0,0,1,0,0,1,1,0,0,0,0,0,0,0,0,0,0,1,1,0,0,0,1,0,0,0,0,0,184751.171875,165000.0
4608,1,4,6,4,0.0,0.0,4,1,1,2,2,10,0,0,0,1,1,0,1,0,0,0,0,0,1,0,1,1,0,0,0,0,0,1,0,0,0,0,0,1,1,0,0,0,0,0,1,0,0,0,472350.90625,480000.0
4025,0,3,2,1,28.0,7.0,2,1,0,1,1,1,0,0,0,0,0,0,0,1,0,0,0,0,1,0,0,1,0,0,0,0,0,0,1,0,0,0,0,0,1,0,0,0,1,0,0,0,0,0,1052.0408935546875,875.0
4037,0,3,4,1,11.0,6.0,4,1,0,2,1,2,0,0,0,1,1,0,1,0,0,0,0,0,1,0,0,1,0,0,0,0,0,0,1,0,0,0,0,0,1,0,0,0,1,0,0,0,0,0,982.3260498046875,1595.0
4040,0,3,1,1,34.0,16.0,2,1,0,1,0,1,0,0,0,0,0,0,1,0,0,0,0,0,1,0,1,1,0,0,0,0,0,0,1,0,0,0,0,0,1,0,0,0,1,0,0,0,0,0,786.3319091796875,1100.0
5341,1,2,6,1,0.0,0.0,4,1,1,1,1,6,0,0,0,1,1,0,0,0,0,0,0,0,0,0,1,0,1,0,0,0,1,0,0,0,0,0,0,1,0,0,0,0,0,0,0,0,0,0,572033.4375,580000.0
239,1,7,0,1,7.0,1.0,2,1,0,1,1,3,0,0,0,0,0,0,0,1,0,0,0,0,0,0,0,1,0,0,1,0,0,0,0,0,0,0,0,0,0,0,0,0,1,0,0,0,0,0,107946.1875,110000.0
1893,1,6,0,1,22.0,0.0,2,1,1,1,1,2,0,0,0,0,0,0,0,1,0,0,0,0,0,0,0,0,1,0,1,0,0,0,0,0,0,0,0,0,0,0,0,0,1,0,0,0,0,0,91005.6328125,90000.0
227,1,7,0,1,4.0,1.0,2,1,0,1,1,1,0,0,0,0,0,0,0,1,0,0,0,0,0,0,0,1,0,0,0,0,0,0,0,0,0,0,0,0,0,0,0,0,1,0,0,0,0,0,96487.3515625,95000.0
1998,1,7,0,1,4.0,2.0,2,1,1,1,1,4,0,0,0,0,0,0,0,1,0,0,0,0,0,0,1,1,1,0,0,0,0,0,0,0,0,0,0,0,0,0,0,0,1,0,0,0,0,0,152567.15625,150000.0
250,1,7,3,1,1.0,0.0,4,1,1,1,1,7,0,0,0,1,1,0,1,0,0,0,0,0,0,0,1,1,0,0,1,0,0,0,0,0,0,0,0,0,0,0,0,0,1,0,0,0,0,0,257631.875,260000.0
2003,1,7,5,1,9.0,2.0,6,1,1,2,1,9,0,0,0,1,0,0,1,0,0,0,0,0,0,0,1,0,1,0,1,0,0,0,0,0,0,0,0,0,0,0,0,0,1,0,0,0,0,1,547974.875,550000.0
1943,1,7,0,1,9.0,2.0,3,2,1,1,2,3,0,0,0,1,1,0,1,0,0,0,0,0,0,0,0,1,1,0,1,0,0,0,0,0,0,0,0,0,0,0,0,0,1,0,0,0,0,0,148689.171875,150000.0
244,1,7,1,1,4.0,2.0,3,1,1,1,1,4,0,0,0,1,1,0,1,0,0,0,0,0,0,0,0,1,0,1,1,0,0,0,0,0,0,0,0,0,0,0,0,0,0,0,0,0,0,0,131401.953125,210000.0
1982,1,7,0,3,14.0,6.0,2,1,2,1,0,2,0,0,0,0,0,0,0,1,0,0,0,0,0,0,1,1,0,0,1,0,0,0,0,0,0,0,0,0,0,0,0,0,1,0,0,0,0,0,82647.2265625,80000.0
1887,1,7,0,1,5.0,2.0,1,1,1,1,0,3,0,0,0,0,0,0,0,1,0,0,0,0,0,0,0,0,1,0,0,0,0,0,0,0,0,0,0,0,0,0,0,0,1,0,0,0,0,0,80519.0078125,77500.0
265,1,7,1,3,9.0,4.0,3,1,2,1,0,2,0,0,0,0,0,0,0,1,0,0,0,0,0,0,0,1,0,0,1,0,0,0,0,0,0,0,0,0,0,0,0,0,1,0,0,0,0,0,97620.3359375,97500.0
1996,1,7,5,1,16.0,1.0,5,1,1,2,1,8,0,0,0,1,1,0,1,0,0,0,0,0,0,0,0,1,0,0,1,0,0,0,0,0,0,0,0,0,0,0,0,0,1,0,0,0,0,0,410276.4375,400000.0
2001,1,7,2,1,20.0,6.0,3,1,0,1,1,6,0,0,0,1,1,0,1,0,0,0,0,0,0,0,0,1,1,0,1,0,0,0,0,0,0,0,0,0,0,0,0,0,1,0,0,0,0,0,270724.375,265000.0
1997,1,7,1,1,8.0,3.0,3,1,1,1,1,2,0,0,0,1,0,0,1,0,0,0,0,0,0,0,0,0,1,1,1,0,0,0,0,0,0,0,0,0,0,0,0,0,1,0,0,0,0,0,196144.71875,200000.0
1965,1,7,1,1,10.0,1.0,3,1,1,1,1,2,0,0,0,0,0,0,0,1,0,0,0,0,0,0,0,1,1,0,1,0,0,0,0,0,0,0,0,0,0,0,0,0,1,0,0,0,0,0,172447.359375,170000.0
1951,1,7,3,1,16.0,5.0,3,2,1,2,1,4,0,0,0,0,1,0,1,0,0,0,0,0,0,0,1,0,0,0,0,0,0,0,0,0,0,0,0,0,0,0,0,0,1,0,0,0,0,0,295250.09375,240000.0
1873,0,3,1,1,5.0,1.0,1,1,1,1,1,2,0,0,0,0,0,1,0,0,0,0,0,0,0,0,0,0,0,0,0,0,0,0,0,0,0,0,0,0,0,0,1,0,0,0,0,0,0,0,52.322174072265625,500.0
215,1,7,1,1,14.0,1.0,3,1,1,1,1,3,0,0,0,0,1,0,0,1,0,0,0,0,0,0,1,1,0,0,1,0,0,0,0,0,0,0,0,0,0,0,0,0,1,0,0,0,0,0,166054.203125,165000.0
2020,1,7,4,1,8.0,1.0,4,1,1,1,1,9,0,0,0,1,1,0,0,0,0,0,0,0,0,0,1,1,0,0,1,0,0,0,0,0,0,0,0,0,0,0,0,0,1,0,0,0,0,0,335961.9375,330000.0
246,1,7,4,1,5.0,1.0,4,1,1,1,1,8,0,0,0,1,0,0,1,0,0,0,0,0,0,0,1,1,0,0,1,0,0,0,0,0,0,0,0,0,0,0,0,0,1,0,0,0,0,0,301616.625,290000.0
229,1,6,3,1,32.0,4.0,4,1,2,1,0,7,0,0,0,1,0,0,1,0,0,0,0,0,0,0,1,1,0,0,1,0,0,0,0,0,0,0,0,0,0,0,0,0,1,0,0,0,0,0,343686.125,340000.0
248,1,7,2,1,5.0,2.0,3,1,1,1,1,8,0,0,0,1,1,0,1,0,0,0,0,0,0,0,1,0,1,0,1,0,0,0,0,0,0,0,0,0,0,0,0,0,1,0,0,0,0,0,206350.765625,215000.0
231,1,7,4,1,8.0,3.0,5,1,1,2,1,10,0,0,0,1,1,0,1,0,0,0,0,0,0,0,1,1,0,0,1,0,0,0,0,0,0,0,0,0,0,0,0,0,1,0,0,0,0,0,344733.78125,339000.0
1956,1,7,1,1,6.0,2.0,3,1,1,1,1,4,0,0,0,1,1,0,1,0,0,0,0,0,0,0,1,1,0,0,1,0,0,0,0,0,0,0,0,0,0,0,0,0,1,0,0,0,0,0,193275.640625,190000.0
1880,1,7,2,3,19.0,8.0,4,1,1,1,1,3,0,0,0,1,0,0,1,0,0,0,0,0,0,0,0,1,1,0,1,0,0,0,0,0,0,0,0,0,0,0,1,0,0,0,0,0,0,0,235570.984375,185000.0
1950,1,7,0,3,19.0,9.0,3,1,1,2,1,3,0,0,0,0,0,0,0,1,0,0,0,0,0,0,0,1,1,0,1,0,0,0,0,0,0,0,0,0,0,0,0,0,1,0,0,0,0,0,83419.7578125,80000.0
1988,1,7,0,4,19.0,1.0,3,1,1,1,1,3,0,0,0,0,0,0,0,1,0,0,0,0,0,0,0,1,0,0,0,0,0,0,0,0,0,0,0,0,0,0,0,0,0,0,0,0,0,0,81622.15625,80000.0
1908,1,7,3,1,3.0,1.0,3,1,2,1,1,7,0,0,0,1,1,0,1,0,0,0,0,0,0,0,1,1,0,0,1,0,0,0,0,0,0,0,0,0,0,0,0,0,1,0,0,0,0,0,287011.46875,280000.0
251,1,7,3,1,4.0,1.0,4,1,1,1,1,6,0,0,0,1,1,0,1,0,0,0,0,0,0,0,1,1,0,0,1,0,0,0,0,0,0,0,0,0,0,0,0,0,1,0,0,0,0,0,261535.328125,260000.0
220,1,2,5,3,3.0,2.0,2,1,1,1,1,6,0,0,0,1,1,0,1,0,0,0,0,0,1,0,0,1,0,1,0,0,1,0,0,0,0,0,0,0,0,0,0,0,1,0,0,0,0,0,417439.15625,499999.0
1960,1,7,4,1,8.0,4.0,5,1,1,1,2,5,0,0,0,1,0,0,1,0,0,0,0,0,0,0,1,1,0,0,1,0,0,0,0,0,0,0,0,0,0,0,0,0,1,0,0,0,0,0,381061.75,300000.0
222,1,7,1,1,20.0,3.0,5,1,1,1,1,1,0,0,0,0,0,0,0,0,0,0,0,0,1,0,1,1,0,0,0,0,0,0,0,0,0,0,0,0,0,0,0,0,1,0,0,0,0,0,200570.390625,195000.0
443,1,2,1,1,6.0,1.0,2,1,1,1,0,1,0,0,0,0,1,0,0,0,0,1,0,1,0,0,0,0,0,0,0,0,1,1,0,0,0,0,0,1,1,0,0,0,1,0,0,0,0,0,323856.09375,319000.0
444,0,3,1,1,24.0,1.0,2,1,0,1,0,1,0,0,0,0,0,0,0,1,0,0,0,0,1,1,0,0,0,1,0,0,0,0,1,0,0,0,0,1,0,0,0,1,1,0,0,0,0,0,936.4158935546875,1250.0
445,0,3,2,1,8.0,7.0,1,1,0,0,1,3,0,0,0,0,0,0,0,0,0,0,0,0,0,0,0,0,0,0,0,0,0,0,0,0,0,0,0,1,0,0,0,0,1,0,0,0,0,0,1293.4158935546875,1300.0
407,1,2,1,1,1.0,1.0,2,1,1,1,1,0,0,0,0,0,0,0,0,0,0,1,0,1,0,1,0,0,0,0,0,0,1,0,0,0,0,0,0,1,1,0,0,0,1,0,0,0,0,0,307603.71875,300000.0
384,1,4,0,1,29.0,2.0,1,1,1,0,1,3,0,0,0,0,0,0,0,0,0,0,0,0,1,0,1,0,1,0,0,0,0,0,0,0,0,0,0,1,1,0,0,1,0,0,0,0,0,0,223649.96875,250000.0
454,1,6,0,1,14.0,3.0,0,1,0,1,0,2,0,0,0,0,0,0,0,0,0,0,0,0,0,0,0,0,0,0,0,0,0,1,0,0,0,0,0,0,0,0,1,0,0,0,0,0,0,0,82389.8046875,155000.0
456,0,3,0,1,15.0,5.0,1,1,1,2,0,1,0,0,0,0,0,0,0,1,0,0,0,1,0,0,0,0,0,0,0,0,0,0,1,0,0,0,0,0,1,0,0,1,1,0,0,0,0,0,1310.6756591796875,950.0
466,1,6,2,1,25.0,1.0,3,1,1,0,1,4,0,0,0,0,0,0,0,1,1,0,0,0,1,0,0,1,0,1,0,0,1,0,0,0,1,0,0,0,1,0,0,1,1,0,0,0,0,0,589562.1875,585000.0
435,1,2,2,1,52.0,7.0,2,1,1,1,0,1,0,0,0,0,0,0,0,1,0,0,0,0,0,0,0,0,0,0,0,0,0,0,0,0,0,0,0,0,0,0,0,1,1,0,0,0,0,0,475481.71875,450000.0
479,1,2,2,3,25.0,8.0,3,1,1,1,1,4,0,0,0,1,1,0,1,0,0,0,0,0,1,0,0,1,0,1,0,0,1,0,0,0,0,0,0,1,1,0,0,0,1,0,0,0,0,0,331332.5625,425000.0
401,1,6,0,1,4.0,2.0,1,1,1,1,1,1,0,0,0,0,0,0,0,1,0,0,0,0,1,0,1,0,0,1,0,0,0,0,0,0,0,0,0,1,0,0,0,1,1,0,0,0,0,0,275051.09375,280000.0
470,0,3,0,1,0.0,1.0,1,1,1,1,1,0,0,0,0,0,0,0,0,1,0,0,0,0,1,0,0,0,0,1,1,0,1,0,0,0,0,0,0,1,1,0,0,0,1,0,0,0,0,0,724.1893310546875,925.0
461,1,2,3,1,22.0,0.0,3,1,0,2,1,2,0,0,0,0,0,0,0,1,0,0,0,0,1,0,1,0,0,1,0,0,1,0,0,0,0,0,0,0,0,0,0,1,1,0,0,0,0,0,476494.6875,600000.0
446,1,6,1,1,9.0,3.0,1,1,1,1,1,1,0,0,0,0,0,0,0,1,1,0,0,0,0,0,0,0,0,0,0,0,0,0,0,0,0,0,0,0,1,0,0,1,1,0,0,0,0,0,297813.46875,300000.0
464,1,6,3,1,21.0,5.0,5,1,1,2,1,2,0,0,0,0,0,0,0,0,0,0,0,0,1,0,0,1,0,1,0,0,1,0,0,0,0,0,0,1,1,0,0,0,1,0,0,0,0,0,569583.0625,859995.0
400,1,2,3,1,21.0,5.0,3,1,1,2,2,0,0,0,0,0,0,0,0,1,0,0,0,0,1,0,0,0,0,1,0,1,0,0,0,0,0,0,0,1,1,0,0,0,1,0,0,0,0,0,697452.75,700000.0
390,0,3,0,1,5.0,2.0,1,1,1,1,1,2,0,0,0,0,0,0,0,1,1,0,0,0,0,0,0,0,0,0,0,0,0,0,1,0,0,0,0,1,0,0,0,1,1,0,0,0,0,0,1716.3592529296875,1300.0
436,0,3,2,1,10.0,3.0,2,1,1,1,0,1,1,0,0,0,0,0,1,0,0,1,0,0,0,0,0,0,0,0,0,0,0,0,0,0,0,0,0,0,1,0,0,1,1,0,0,0,0,0,2058.408203125,1750.0
3629,1,6,1,1,3.0,1.0,4,1,0,2,1,4,0,0,0,1,0,0,0,0,0,0,0,0,1,0,1,0,0,1,0,0,0,0,1,0,0,0,0,1,1,0,0,1,0,0,0,0,0,0,185246.640625,185000.0
3588,0,3,4,1,13.0,11.0,4,1,0,1,0,7,0,0,0,1,1,0,1,0,0,0,0,0,0,0,1,0,0,0,0,0,0,0,1,0,0,0,0,1,1,0,0,1,0,0,0,0,0,0,1342.8143310546875,900.0
3585,1,7,0,1,17.0,3.0,1,1,1,0,1,3,0,1,0,0,0,0,1,0,0,0,0,0,0,1,1,0,0,0,0,0,0,0,1,0,0,0,0,1,1,0,0,0,1,0,0,0,0,0,84288.5234375,84500.0
3631,1,6,2,1,7.0,1.0,3,1,1,1,1,3,0,0,0,1,0,0,1,0,0,1,0,0,1,0,1,0,0,1,0,0,0,0,0,0,0,0,0,1,1,0,0,0,1,0,0,0,0,0,262459.84375,200000.0
2188,1,6,1,1,7.0,4.0,3,1,1,2,1,4,0,0,0,0,0,0,0,1,1,0,0,0,1,0,1,0,0,1,0,0,0,0,1,0,0,0,0,1,1,0,0,1,0,0,0,0,0,0,232051.484375,230000.0
2183,1,6,4,1,20.0,3.0,4,1,1,2,2,10,0,0,0,1,0,1,1,0,0,0,0,0,1,0,1,0,0,1,0,0,0,0,1,0,0,0,0,1,1,0,0,0,1,0,0,0,0,0,813267.875,825000.0
3602,1,6,1,1,10.0,2.0,2,1,0,1,1,1,0,0,0,1,0,0,0,0,0,0,0,0,1,0,0,0,0,0,0,0,0,0,0,0,0,0,0,0,1,0,0,0,1,0,0,0,0,0,140355.453125,140000.0
3592,1,6,3,1,21.0,7.0,3,1,2,2,2,2,0,0,0,1,1,0,1,0,0,0,0,0,0,0,1,1,0,1,0,0,0,0,1,0,0,0,0,1,0,0,0,1,1,0,0,0,0,0,231481.359375,235000.0
3587,0,3,2,1,0.0,0.0,1,1,1,1,0,4,0,0,0,1,0,0,1,0,0,0,0,0,1,0,1,1,0,0,0,0,0,0,0,0,0,0,0,1,1,0,0,0,1,0,0,0,0,0,519.8582763671875,600.0
3605,1,7,2,1,17.0,4.0,2,1,1,2,1,5,0,0,0,1,0,1,1,0,0,0,0,0,1,0,1,0,0,1,0,0,0,0,0,0,0,0,0,1,0,0,0,1,1,0,0,0,0,0,298572.1875,300000.0
3590,1,6,1,1,26.0,7.0,3,1,0,1,0,5,1,1,0,0,1,0,0,0,0,0,0,0,0,1,0,1,0,1,0,0,0,0,0,0,0,0,0,1,1,0,0,1,0,0,0,0,0,0,140317.453125,140000.0
3612,0,3,2,1,7.0,4.0,2,1,1,1,0,3,1,0,0,0,0,1,1,0,0,0,0,0,0,1,0,0,0,0,0,0,0,1,0,0,0,0,0,0,0,0,0,1,1,0,0,0,0,0,829.4940185546875,825.0
3626,1,6,0,1,16.0,2.0,3,1,1,1,0,2,0,0,0,0,0,0,0,1,0,0,0,0,0,0,1,0,1,0,1,0,0,0,0,0,0,0,0,1,0,0,0,1,1,0,0,0,0,0,211987.484375,125000.0
3618,1,6,4,1,0.0,6.0,4,1,1,1,1,7,0,0,0,1,1,0,1,0,0,0,0,0,1,0,0,1,0,1,0,0,0,0,0,0,0,0,0,0,0,0,0,1,1,0,0,0,0,0,367127.15625,365000.0
2569,1,4,0,1,1.0,1.0,2,1,1,1,1,5,1,0,0,0,1,0,1,0,0,0,0,0,0,1,0,1,0,0,1,0,0,0,1,0,0,0,0,0,1,0,0,0,1,0,0,0,0,0,220163.203125,220000.0
2569,1,4,0,1,11.0,3.0,2,1,1,0,1,4,1,0,0,1,1,0,0,0,0,0,0,0,0,1,0,1,0,0,1,0,1,0,0,0,0,0,0,0,0,0,0,0,1,0,0,0,0,0,191084.421875,190000.0
1040,1,2,2,1,14.0,3.0,3,1,1,2,1,0,0,0,0,0,0,0,0,1,0,0,0,0,1,0,1,1,0,0,0,0,0,0,0,0,0,0,0,0,1,0,0,1,1,0,0,0,0,0,359201.46875,280000.0
1050,1,2,1,1,10.0,4.0,3,1,0,2,1,2,0,0,0,0,0,0,0,1,0,0,0,0,1,0,1,0,0,1,0,0,0,0,0,0,0,0,0,0,0,0,0,1,1,0,0,0,0,0,226154.46875,220000.0
1039,1,2,1,1,9.0,1.0,2,1,0,1,0,1,0,0,0,0,0,0,1,0,0,1,1,0,0,1,0,0,0,0,0,0,0,0,0,0,0,0,0,0,1,0,0,0,1,0,0,0,0,0,199233.390625,180000.0
1040,1,4,2,3,27.0,8.0,3,1,2,0,1,1,1,0,0,0,0,0,1,0,0,1,0,0,1,0,0,1,0,1,0,0,0,0,0,0,0,0,0,0,1,0,0,1,1,0,0,0,0,0,293839.5,300000.0
1051,1,4,4,3,15.0,6.0,3,1,0,1,1,4,0,0,0,1,1,0,1,0,0,0,0,0,0,0,0,1,1,0,1,0,0,0,0,0,0,0,0,0,1,0,0,1,1,0,0,0,0,0,490453.21875,500000.0
1047,1,4,2,1,7.0,1.0,3,1,0,1,2,3,0,0,0,1,1,0,1,0,0,0,0,0,1,0,1,0,0,0,0,0,0,0,0,0,0,0,0,0,1,0,0,1,1,0,0,0,0,0,393483.375,400000.0
1041,1,2,1,1,13.0,7.0,2,1,0,1,1,2,0,0,0,0,0,0,0,1,0,0,0,0,1,0,1,1,0,0,0,0,0,0,0,0,0,0,0,0,1,0,0,1,1,0,0,0,0,0,225034.953125,230000.0
2038,1,7,0,1,7.0,1.0,2,1,1,1,1,3,0,0,0,0,0,0,0,1,0,0,0,0,0,0,0,0,1,1,1,0,0,0,0,0,0,0,0,0,1,0,0,0,1,0,0,0,0,0,153323.765625,110000.0
1914,1,0,1,1,6.0,0.0,2,1,0,1,0,4,1,0,0,0,0,0,1,0,0,0,0,0,0,1,0,0,0,0,0,0,0,0,1,0,0,0,0,0,0,0,1,0,0,0,0,0,0,0,151254.484375,150000.0
1941,1,7,1,1,0.0,0.0,4,1,1,1,1,10,0,0,0,1,0,0,1,1,0,0,0,0,1,0,0,1,1,0,0,0,0,0,0,0,0,0,0,0,1,0,0,0,1,0,0,0,0,0,246653.921875,250000.0
1940,1,6,0,1,6.0,2.0,2,1,1,2,0,3,0,1,0,0,0,0,0,0,0,0,0,1,0,0,0,0,0,0,0,0,0,0,1,0,0,0,0,0,0,0,0,0,1,0,0,0,0,0,80523.1640625,80000.0
2436,1,6,1,1,4.0,2.0,2,1,1,1,0,3,1,1,0,0,0,0,1,0,0,0,0,0,0,0,0,0,0,0,0,0,0,0,0,0,0,0,0,0,1,0,0,0,1,0,0,0,0,0,155775.203125,130000.0
2438,1,6,2,1,22.0,2.0,3,1,1,2,1,3,0,0,0,0,0,0,0,0,0,0,0,0,0,0,1,0,1,0,1,0,0,0,0,0,0,0,0,0,1,0,0,0,1,0,0,0,0,0,178667.203125,180000.0
2345,1,7,1,1,8.0,2.0,3,1,0,2,1,5,0,0,0,1,0,0,1,0,0,0,0,0,0,0,1,0,1,1,0,0,0,0,0,0,0,0,0,0,0,0,0,0,1,0,0,0,0,0,276702.4375,290000.0
2282,1,7,3,1,6.0,1.0,4,1,1,2,1,7,0,0,0,1,1,0,1,0,0,0,0,0,0,0,1,0,1,0,1,0,0,0,0,0,0,0,0,0,1,0,0,0,1,0,0,0,0,0,316709.5625,325000.0
2280,1,6,3,1,8.0,3.0,3,1,1,2,1,7,0,0,0,1,1,0,1,0,0,0,0,0,1,0,1,0,1,0,0,0,0,0,0,0,0,0,0,0,1,0,0,0,1,0,0,0,0,0,287442.78125,290000.0
2284,1,7,1,3,6.0,1.0,3,1,1,1,1,2,0,0,0,1,1,0,1,0,0,0,0,0,1,0,1,0,1,0,0,0,0,0,0,0,0,0,0,0,1,0,0,0,1,0,0,0,0,0,268447.40625,180000.0
2297,1,4,3,1,6.0,2.0,3,1,1,2,0,6,0,0,0,1,1,0,1,0,0,0,0,0,0,0,0,1,0,1,1,0,0,0,0,0,0,0,0,0,1,0,0,0,1,0,0,0,0,0,351518.65625,220000.0
2359,1,7,2,3,22.0,9.0,3,1,1,2,1,4,0,0,0,1,1,0,1,0,0,0,0,0,0,0,1,1,1,0,0,0,0,0,0,0,0,0,0,0,1,0,0,0,0,0,1,0,0,0,256924.65625,260000.0
2276,1,7,2,1,9.0,3.0,3,1,1,1,1,8,0,0,0,1,1,0,1,0,0,0,0,0,0,0,1,0,1,0,1,0,0,0,0,0,0,0,0,0,1,0,0,0,1,0,0,0,0,0,206396.296875,210000.0
2283,1,7,3,1,7.0,1.0,3,1,1,2,1,6,0,0,0,1,1,0,1,0,0,0,0,0,0,0,1,0,1,1,0,0,0,0,0,0,0,0,0,0,1,0,0,0,1,0,0,0,0,0,278871.5625,290000.0
2330,1,4,6,1,9.0,5.0,4,1,1,1,1,9,0,0,0,1,1,0,1,0,0,0,0,0,0,0,1,0,1,1,0,0,0,0,0,0,0,0,0,0,1,0,0,0,1,0,0,0,0,0,575581.625,575000.0
2348,1,7,2,1,2.0,1.0,2,1,1,1,1,6,0,0,0,1,0,0,1,0,0,0,0,0,0,0,1,0,1,0,1,0,0,0,0,0,0,0,0,0,1,0,0,0,1,0,0,0,0,0,224459.46875,300000.0
2320,1,6,1,1,6.0,3.0,3,1,1,1,1,6,0,0,0,0,0,0,1,0,0,0,0,0,1,0,1,0,0,0,0,0,0,0,0,0,0,0,0,0,1,0,0,0,1,0,0,0,0,0,127181.4609375,190000.0
2562,0,3,0,1,16.0,3.0,1,1,1,1,0,2,1,0,0,0,0,0,0,0,0,0,0,0,0,0,0,1,0,0,0,0,0,0,0,0,0,0,0,0,1,0,0,0,1,0,0,0,0,0,660.5955810546875,650.0
3365,0,3,1,1,12.0,4.0,2,1,0,1,1,1,0,0,0,0,1,0,0,0,0,0,0,0,1,0,0,1,0,0,0,0,0,0,1,0,0,0,0,0,1,0,0,0,1,0,0,0,0,0,557.4451904296875,625.0
3315,0,3,1,1,8.0,4.0,2,1,1,1,1,1,1,0,0,0,0,1,1,0,0,0,0,0,0,1,0,0,0,0,0,0,0,0,1,0,0,0,0,0,0,0,1,0,0,0,0,0,0,0,1036.2049560546875,925.0
3093,0,3,0,1,14.0,11.0,3,1,0,1,1,2,0,0,0,1,0,0,1,0,0,0,0,0,1,0,1,0,0,0,1,0,0,0,0,0,0,0,0,1,1,0,0,0,1,0,0,0,0,0,916.9647216796875,900.0
1873,0,3,1,1,9.0,3.0,2,1,1,1,1,1,0,1,0,0,1,1,0,0,0,0,0,0,0,0,0,0,0,0,0,0,0,0,1,0,0,0,0,0,0,0,1,0,0,0,0,0,0,0,827.8377685546875,500.0
1905,0,3,0,1,10.0,2.0,2,1,1,1,1,4,0,0,0,1,0,0,1,0,0,0,0,0,0,0,1,1,0,0,1,0,0,0,0,0,0,0,0,0,0,0,0,0,1,0,0,0,0,0,470.9139709472656,650.0
1873,0,3,1,1,0.0,0.0,2,1,1,1,1,1,0,1,0,0,1,1,0,0,0,0,0,0,0,0,0,0,0,0,0,0,0,0,1,0,0,0,0,0,0,0,1,0,0,0,0,0,0,0,679.1678466796875,500.0
1873,0,3,1,1,0.0,0.0,2,1,1,1,1,1,0,1,0,0,1,1,0,0,0,0,0,0,0,0,0,0,0,0,0,0,0,0,1,0,0,0,0,0,0,0,1,0,0,0,0,0,0,0,679.1678466796875,500.0
1974,1,7,1,3,11.0,3.0,2,1,1,1,1,2,0,0,0,0,1,0,1,0,0,0,0,0,0,0,1,1,0,0,0,0,0,0,1,0,0,0,0,0,1,0,0,0,1,0,0,0,0,0,101830.015625,150000.0
214,0,3,0,1,15.0,5.0,3,1,1,1,1,2,0,0,0,0,0,0,0,1,0,0,0,0,1,0,0,1,0,0,0,0,1,0,0,0,0,0,0,0,0,0,0,0,1,0,0,0,0,0,584.9393310546875,600.0
3858,0,3,1,1,7.0,2.0,2,1,1,1,0,3,0,0,0,1,1,0,0,0,0,0,0,0,0,0,1,1,0,0,1,0,0,0,0,0,0,0,0,0,1,0,0,0,1,0,0,0,0,0,13400.791015625,750.0
3307,0,3,0,1,13.0,3.0,3,1,0,1,0,6,0,0,0,1,0,0,0,0,0,0,0,0,1,0,1,0,0,0,0,0,0,0,0,0,0,0,0,0,1,0,0,0,1,0,0,0,0,0,751.8572998046875,750.0
3042,1,4,5,1,29.0,4.0,4,1,1,0,1,1,0,0,0,1,0,0,1,1,0,0,0,0,1,0,0,1,0,0,1,0,0,0,0,0,0,0,0,0,1,0,0,0,1,0,0,0,0,0,767601.625,750000.0
3038,1,4,2,1,5.0,2.0,2,1,1,1,0,0,1,0,0,0,0,0,1,0,0,0,0,1,0,1,0,0,0,0,0,0,0,0,0,0,0,0,0,0,1,0,0,1,1,0,0,0,0,0,351920.5,350000.0
3040,1,4,3,1,30.0,10.0,3,1,1,1,1,1,0,0,0,1,1,0,1,0,0,0,0,0,1,0,0,1,0,0,1,0,0,0,0,0,1,0,0,1,1,0,0,0,1,0,0,0,0,0,708618.375,700000.0
3838,1,6,0,1,9.0,2.0,2,1,1,0,1,3,1,1,0,0,0,0,1,0,0,0,0,0,0,0,0,1,0,0,0,0,0,0,1,0,0,0,0,0,1,0,0,0,1,0,0,0,0,0,69533.3515625,80000.0
3889,1,6,2,1,9.0,3.0,3,1,0,1,1,6,0,0,0,1,1,0,0,0,0,0,0,0,1,0,0,0,0,0,0,0,1,0,0,0,0,0,0,0,1,0,0,0,1,0,0,0,0,0,193457.765625,190000.0
3822,1,6,2,1,2.0,0.0,5,1,0,1,2,7,0,0,0,1,1,0,1,0,0,0,0,0,1,0,1,0,0,0,0,0,1,0,0,0,0,0,0,0,1,0,0,0,1,0,0,0,0,0,397552.3125,400000.0
3842,1,6,3,1,16.0,2.0,3,1,0,1,1,5,0,0,0,1,1,0,1,0,0,0,0,0,1,1,0,1,0,0,0,0,0,0,0,1,0,0,0,0,1,0,0,0,1,0,0,0,0,0,233822.78125,220000.0
3892,1,6,0,3,10.0,7.0,2,1,0,1,1,4,0,0,0,0,0,0,0,1,0,0,0,0,1,0,0,1,0,0,0,0,1,0,0,0,0,0,0,0,1,0,0,0,1,0,0,0,0,0,70778.6328125,70000.0
3889,1,2,1,1,3.0,1.0,3,1,0,1,0,7,0,0,0,1,1,0,1,0,0,0,0,0,1,0,1,0,0,0,0,0,1,0,0,0,0,0,0,0,1,0,0,0,1,0,0,0,0,0,172191.515625,170000.0
3844,1,7,2,1,34.0,10.0,3,1,0,1,1,4,0,0,0,0,0,0,1,0,0,0,0,0,1,0,1,0,0,0,0,0,0,0,1,0,0,0,0,0,1,0,0,0,1,0,0,0,0,0,181871.46875,180000.0
3820,1,6,0,1,7.0,2.0,2,1,0,1,2,3,0,0,0,0,0,0,0,1,0,0,0,0,1,0,0,0,1,1,0,0,0,0,1,0,0,0,0,0,1,0,0,0,1,0,0,0,0,0,135990.4375,130000.0
3932,1,7,1,1,6.0,0.0,3,1,0,1,1,6,0,0,0,1,0,0,0,0,0,0,0,0,0,0,0,1,0,1,1,0,1,0,0,0,0,0,0,0,1,0,0,0,1,0,0,0,0,0,233268.03125,270000.0
211,0,3,1,1,7.0,3.0,2,1,1,1,0,4,0,0,0,0,0,0,0,1,0,0,0,0,0,0,0,0,0,0,0,0,0,0,1,0,0,0,0,0,1,0,0,1,1,0,0,0,0,0,1709.1190185546875,500.0
5229,1,7,0,1,15.0,5.0,2,1,1,1,1,3,0,1,0,0,0,0,1,0,0,0,0,0,1,0,0,1,0,0,1,0,0,0,1,0,0,0,0,0,1,0,0,1,1,0,0,0,0,0,96072.8125,120000.0
5224,1,7,1,1,16.0,0.0,4,1,1,1,1,3,0,0,0,0,0,0,0,1,0,0,0,0,1,0,0,0,0,0,0,0,0,0,1,0,0,0,0,0,1,0,0,0,1,0,0,0,0,0,137467.125,140000.0
5216,1,2,1,1,2.0,0.0,2,1,1,1,0,2,1,0,0,0,0,1,1,0,0,0,0,0,0,0,0,0,0,0,0,0,0,0,1,0,0,0,0,0,1,0,1,0,0,0,0,0,0,0,109424.2578125,108000.0
1242,0,3,2,1,3.0,5.0,3,1,0,1,1,7,0,0,0,1,1,0,1,0,0,0,0,0,1,0,1,0,0,0,1,0,0,0,1,0,0,0,0,0,1,0,0,1,1,0,0,0,0,0,851.8416748046875,985.0
1257,0,3,1,1,1.0,6.0,2,1,1,1,0,2,1,0,0,0,0,0,0,0,0,0,0,0,0,0,0,0,0,0,0,0,0,0,1,0,0,0,0,1,0,0,1,0,0,0,0,0,0,0,1110.8885498046875,650.0
294,1,7,1,1,6.0,3.0,2,1,0,1,1,5,0,0,0,1,0,0,1,0,0,0,0,0,1,0,1,0,0,0,0,0,0,0,1,0,0,0,0,0,1,0,0,1,1,0,0,0,0,0,132969.890625,133000.0
277,1,7,2,1,9.0,3.0,3,1,0,1,1,6,0,0,0,0,0,0,0,1,0,0,0,0,0,0,0,0,0,0,1,0,0,0,1,0,0,0,0,0,1,0,0,0,1,0,0,0,0,0,215917.671875,215000.0
5228,1,7,5,3,12.0,1.0,5,1,1,1,1,9,0,0,0,1,1,0,1,0,0,0,0,0,1,0,1,0,0,0,1,0,0,0,1,0,0,0,0,0,1,0,0,1,1,0,0,0,0,0,450076.0625,460000.0
5236,1,7,1,1,21.0,6.0,2,1,0,1,1,4,1,0,0,0,0,0,1,0,0,0,0,0,1,0,1,0,0,0,1,0,0,0,1,0,0,0,0,0,1,0,0,1,1,0,0,0,0,0,130421.2109375,127000.0
5240,1,7,1,1,19.0,2.0,2,1,0,1,1,3,0,0,0,1,0,0,1,0,0,0,0,0,0,0,1,0,0,0,1,0,0,0,1,0,0,0,0,0,1,0,0,0,1,0,0,0,0,0,131908.25,130000.0
311,0,3,1,1,5.0,1.0,2,1,1,1,0,3,1,0,0,0,0,0,0,0,0,1,0,0,0,1,0,0,0,0,0,0,0,0,1,0,0,0,0,0,1,0,0,1,1,0,0,0,0,0,633.6268310546875,625.0
201,1,7,0,1,5.0,1.0,1,1,1,1,0,3,0,0,0,0,0,0,0,1,0,0,0,0,0,0,0,1,0,0,0,0,0,0,1,0,0,0,0,0,1,0,0,1,1,0,0,0,0,0,95161.0234375,95000.0
5216,0,3,1,1,15.0,4.0,2,1,1,1,0,2,1,0,0,0,0,1,1,0,0,0,0,0,0,0,0,0,0,0,0,0,0,0,1,0,0,0,0,0,1,0,1,0,0,0,0,0,0,0,385.8885803222656,550.0
315,1,7,2,1,14.0,2.0,3,1,0,1,1,5,0,0,0,1,1,0,1,0,0,0,0,0,1,0,1,0,0,0,1,0,0,0,1,0,0,0,0,0,1,0,0,1,1,0,0,0,0,0,177575.015625,178000.0
285,1,7,0,1,15.0,7.0,2,1,1,1,0,4,0,0,0,0,0,0,0,1,0,0,0,0,0,0,0,0,0,0,0,0,0,0,1,0,0,0,0,0,1,0,0,0,1,0,0,0,0,0,99452.3203125,99950.0
298,1,7,4,1,13.0,4.0,4,1,0,2,1,6,0,0,0,1,1,0,1,0,0,0,0,0,1,0,0,1,0,0,0,0,0,0,1,0,0,0,0,0,1,0,0,1,1,0,0,0,0,0,356132.5625,350000.0
105,1,4,1,1,17.0,2.0,2,2,1,1,0,2,1,0,1,0,0,0,0,0,0,0,0,0,0,0,0,0,0,0,0,0,0,0,1,0,0,0,0,0,1,0,0,0,1,0,0,0,0,0,199253.765625,110000.0
552,1,7,3,1,2.0,1.0,1,1,0,0,1,3,1,0,0,0,0,0,0,0,0,0,0,0,0,1,0,0,0,0,0,0,0,0,0,0,0,0,0,0,0,0,0,0,1,0,0,0,0,0,278760.78125,280000.0
553,0,3,2,1,12.0,8.0,2,0,1,0,1,0,0,0,1,0,0,0,0,0,0,0,0,0,0,1,0,0,0,0,0,0,0,0,1,0,0,0,0,0,0,0,0,0,1,0,0,0,0,0,656.2830810546875,1250.0
554,1,4,3,1,4.0,0.0,2,1,1,1,0,0,0,0,0,1,1,0,0,0,0,0,0,0,1,0,0,0,0,0,0,0,0,0,0,0,0,0,0,1,0,0,0,0,0,0,0,0,0,0,328884.84375,325000.0
551,0,3,2,1,8.0,3.0,3,1,1,1,1,0,0,0,0,0,0,0,0,0,1,0,0,0,1,0,1,0,0,0,0,0,1,0,0,0,0,0,0,0,1,0,0,0,1,0,0,0,0,0,1169.9354248046875,1200.0
4194,1,6,2,1,3.0,1.0,3,1,0,1,1,6,1,0,0,0,0,0,1,0,0,1,0,0,0,0,0,1,0,1,1,0,0,0,0,0,0,0,0,1,1,0,0,0,0,0,1,0,0,0,226038.109375,230000.0
4205,1,7,3,1,0.0,0.0,3,1,0,1,1,7,1,0,0,0,0,0,0,0,0,0,0,0,0,0,0,0,0,0,1,0,0,0,0,0,0,0,0,0,1,0,0,0,1,0,0,0,0,0,275199.90625,275000.0
58,1,7,1,3,39.0,9.0,3,1,1,0,1,6,0,0,0,0,0,0,1,1,0,0,0,1,1,0,1,0,0,1,0,0,0,0,0,0,0,0,0,1,0,0,0,1,1,0,0,0,0,0,243475.796875,250000.0
2990,0,3,0,1,8.0,5.0,3,1,0,2,1,0,0,1,0,0,0,0,0,1,0,0,0,0,0,0,0,0,0,0,0,0,0,0,1,0,0,0,0,1,1,0,0,0,1,0,0,0,0,0,638.5174560546875,875.0
1465,1,2,3,1,0.0,0.0,3,1,1,1,1,7,0,0,0,1,1,0,0,0,0,0,0,0,1,0,1,1,0,0,0,0,0,0,1,0,0,0,0,0,1,0,0,0,1,0,0,0,0,0,355302.6875,350000.0
1494,0,3,2,1,8.0,2.0,2,1,0,1,1,4,0,0,0,0,0,0,0,0,0,0,0,0,1,0,0,1,0,0,1,0,0,0,1,0,0,0,0,1,1,0,0,0,1,0,0,0,0,0,664.7244873046875,950.0
1427,1,2,4,1,5.0,1.0,4,1,1,1,1,6,0,0,0,0,1,0,1,0,0,1,0,0,0,0,1,0,0,1,0,0,0,0,1,0,0,0,0,0,1,0,0,0,1,0,0,0,0,0,342763.375,470000.0
1458,0,3,2,1,7.0,2.0,2,1,1,0,1,4,0,0,0,1,0,0,0,0,0,0,0,0,0,0,0,0,0,1,0,0,1,0,0,0,0,0,0,0,0,0,0,0,1,0,0,0,0,0,1009.6385498046875,1000.0
1436,0,3,2,1,3.0,1.0,2,1,0,1,1,3,0,1,0,0,0,0,0,0,0,0,0,0,0,1,0,0,0,0,0,0,0,0,1,0,0,0,0,0,1,0,0,0,1,0,0,0,0,0,862.3221435546875,950.0
3283,1,6,1,1,13.0,5.0,3,1,1,0,1,6,0,0,0,1,0,0,1,0,0,0,0,0,1,0,0,1,0,0,0,0,0,0,0,0,0,0,0,0,0,0,0,0,0,1,0,0,0,0,240184.09375,240000.0
3127,0,3,0,1,2.0,2.0,2,1,0,1,1,3,1,0,0,0,0,0,1,0,0,0,0,1,0,0,0,0,0,0,0,0,1,0,0,0,0,0,0,1,1,0,0,1,0,0,0,0,0,0,658.6453857421875,600.0
3274,1,2,4,1,0.0,2.0,4,1,0,2,1,8,0,0,0,1,0,0,0,0,0,0,0,0,0,0,0,1,0,1,1,0,0,0,0,0,0,0,0,1,1,0,0,0,0,0,1,0,0,0,681182.5625,425000.0
3129,0,3,0,1,5.0,3.0,2,1,1,1,0,1,1,0,0,0,0,0,0,0,0,1,0,1,0,0,0,0,0,0,0,0,0,0,0,0,0,0,0,0,0,0,0,0,1,0,0,0,0,0,641.8387451171875,625.0
3404,1,2,2,1,12.0,5.0,3,1,0,1,1,4,0,0,0,1,1,0,1,0,0,0,0,0,0,0,0,0,1,1,1,0,0,0,1,0,0,0,0,1,1,0,0,0,0,0,1,0,0,0,369753.5,365000.0
3423,0,3,3,1,10.0,5.0,3,1,1,1,1,1,0,0,0,1,0,0,1,0,0,1,0,0,1,0,1,0,0,0,1,0,0,0,1,0,0,0,0,1,1,0,0,0,1,0,0,0,0,0,704.2127685546875,1150.0
3410,1,2,4,1,9.0,5.0,4,0,1,1,0,2,0,0,0,1,1,0,1,0,0,0,0,0,0,0,1,0,0,1,1,0,0,0,1,0,0,0,0,1,1,0,0,0,1,0,0,0,0,0,472554.4375,475000.0
3405,1,2,1,1,14.0,7.0,2,1,0,1,1,0,1,0,0,0,0,0,1,0,0,0,0,1,1,0,1,0,1,0,0,0,0,0,1,0,0,0,0,1,1,0,0,0,1,0,0,0,0,0,236271.015625,210000.0
3414,1,2,1,1,10.0,2.0,2,1,1,1,1,1,1,0,0,1,0,0,1,0,0,0,0,0,0,1,0,0,0,0,0,0,0,1,0,0,0,0,0,1,0,0,0,0,1,0,0,0,0,0,262339.5625,180000.0
3402,0,3,2,1,14.0,5.0,3,1,0,0,1,1,0,0,0,1,0,0,1,0,0,1,0,0,1,0,0,0,0,1,1,0,0,0,0,1,1,0,0,0,1,0,0,0,1,0,0,0,0,0,331.3138732910156,1175.0
3415,1,2,1,1,6.0,3.0,2,1,1,0,1,1,1,0,0,0,0,0,1,0,0,0,0,0,0,0,0,0,0,0,0,0,0,0,1,0,0,0,0,0,1,0,1,0,0,0,0,0,0,0,150505.015625,150000.0
3420,1,2,1,3,33.0,7.0,3,1,1,0,1,1,0,0,0,1,1,0,1,0,0,0,0,0,0,0,1,0,1,0,1,0,0,0,1,0,0,0,0,0,1,0,0,0,1,0,0,0,0,0,263755.0,260000.0
3411,1,2,2,3,15.0,4.0,2,1,1,0,1,5,0,0,0,1,1,0,1,0,0,0,0,0,0,0,0,1,0,1,1,0,0,0,1,0,0,0,0,0,1,0,0,0,1,0,0,0,0,0,369627.1875,365000.0
3131,1,4,1,1,21.0,2.0,3,1,0,1,0,6,0,0,0,1,0,0,1,0,0,0,0,0,1,0,1,0,0,0,1,0,0,0,0,0,0,0,0,0,1,0,0,0,1,0,0,0,0,0,159037.5,160000.0
3287,1,2,3,4,1.0,3.0,4,1,1,2,1,8,0,0,0,1,1,0,1,0,0,0,0,0,0,0,0,1,1,0,1,0,1,0,0,0,0,0,0,0,1,0,0,0,1,0,0,0,0,0,265758.6875,390000.0
3129,1,2,0,1,16.0,3.0,3,1,0,2,1,4,1,0,0,0,0,0,0,0,0,0,0,0,1,0,1,0,1,0,0,0,0,0,0,0,0,0,0,0,1,0,0,0,1,0,0,0,0,0,150731.203125,150000.0
3130,1,2,1,1,7.0,5.0,3,1,0,2,1,5,0,0,0,1,1,0,0,0,0,0,0,0,0,0,1,0,1,0,1,0,0,0,0,0,0,0,0,0,1,0,0,0,1,0,0,0,0,0,137994.375,185000.0
3296,1,6,3,1,5.0,2.0,4,1,0,1,1,8,0,0,0,1,1,0,0,0,0,0,0,0,1,0,0,1,1,0,0,0,0,0,1,0,0,0,0,0,0,0,0,1,0,0,0,0,0,0,274009.03125,270000.0
3291,1,2,0,1,1.0,1.0,3,1,0,1,0,7,0,0,0,0,0,0,0,1,0,0,0,0,0,0,0,1,0,0,1,0,0,0,0,0,0,0,0,0,0,0,0,0,1,0,0,0,0,0,130856.53125,150000.0
3120,1,6,0,3,4.0,1.0,1,1,1,0,0,2,0,0,0,0,0,0,0,1,0,0,0,0,0,0,0,0,0,0,0,0,0,0,1,0,0,0,0,0,0,0,1,0,0,0,0,0,0,0,59426.0078125,60000.0
517,0,3,3,1,2.0,3.0,2,1,1,0,0,3,0,1,0,0,1,0,0,0,0,0,0,0,0,1,0,0,0,0,0,0,0,0,1,0,0,0,0,0,1,0,1,0,0,0,0,0,0,0,2029.4627685546875,725.0
525,0,3,1,1,5.0,1.0,2,1,1,1,1,2,0,0,0,1,0,0,1,0,0,1,0,0,1,0,0,1,1,0,0,0,0,0,0,0,0,0,0,0,1,0,0,0,1,0,0,0,0,0,556.1268310546875,650.0
515,0,3,4,1,8.0,3.0,3,1,0,1,2,8,1,0,0,0,0,0,1,0,0,0,0,0,1,0,1,0,0,1,0,0,0,0,1,0,0,0,0,0,1,0,0,0,1,0,0,0,0,0,1848.6893310546875,950.0
2556,1,7,1,1,25.0,14.0,3,1,1,1,1,2,0,0,0,1,0,1,1,0,0,0,0,0,0,0,1,0,0,1,0,0,0,0,0,0,0,0,0,0,1,0,0,0,0,0,0,0,0,0,340590.65625,170000.0
5254,1,7,0,1,17.0,5.0,2,1,1,1,1,1,0,0,0,0,1,0,0,0,0,0,0,0,1,0,1,0,0,0,1,0,0,0,0,0,0,0,0,0,1,0,0,0,1,0,0,0,0,0,148923.71875,150000.0
5320,1,4,1,1,8.0,3.0,4,1,1,0,1,3,1,0,0,0,0,0,1,0,0,0,1,0,0,0,1,0,1,1,0,0,0,0,0,0,0,0,0,1,1,0,0,0,1,0,0,0,0,0,338002.0,330000.0
5256,1,7,2,1,3.0,3.0,4,1,1,2,1,1,0,0,0,1,0,0,1,0,0,1,0,0,1,0,0,1,0,1,0,0,0,0,0,0,0,0,0,1,1,0,0,0,1,0,0,0,0,0,299197.09375,300000.0
5199,1,4,0,1,11.0,3.0,1,1,1,1,1,1,1,0,0,0,0,0,1,0,0,0,0,0,0,0,0,0,0,0,0,0,0,0,0,0,0,0,0,0,1,0,0,0,1,0,0,0,0,0,121246.6953125,100000.0
5257,1,7,0,1,3.0,1.0,2,1,1,0,0,0,0,0,0,0,0,0,0,1,0,0,0,0,1,0,0,0,0,0,1,0,0,0,0,0,0,0,0,1,1,0,0,0,1,0,0,0,0,0,99211.703125,100000.0
5323,0,3,2,1,20.0,4.0,2,1,1,2,1,1,1,0,0,0,0,0,1,0,0,1,0,0,1,0,0,0,0,1,1,0,0,0,1,0,0,0,0,0,1,0,0,1,1,0,0,0,0,0,614.2869873046875,750.0
5326,1,7,1,1,13.0,4.0,3,1,1,1,1,1,0,0,0,1,0,1,1,0,0,0,0,0,1,0,0,0,0,1,1,0,0,0,0,0,0,0,0,0,1,0,0,1,1,0,0,0,0,0,294454.5625,175000.0
5313,1,7,3,1,7.0,1.0,4,1,1,0,1,1,0,0,0,1,1,0,1,0,0,0,0,0,1,0,0,0,0,1,1,0,0,0,0,0,0,0,0,0,1,0,0,1,1,0,0,0,0,0,300318.1875,300000.0
649,1,2,1,1,6.0,4.0,1,1,0,1,0,2,0,0,0,0,0,0,0,1,0,0,0,0,0,0,0,0,0,0,0,0,0,0,1,0,0,0,0,1,0,0,0,1,1,0,0,0,0,0,160140.578125,160000.0
732,1,2,4,1,37.0,11.0,3,1,1,1,1,4,0,0,0,1,0,0,1,0,0,0,0,0,0,0,1,0,0,1,1,0,1,0,0,0,0,0,0,1,1,0,0,0,1,0,0,0,0,0,472505.8125,475000.0
1680,0,3,3,1,14.0,5.0,3,1,0,1,1,9,0,0,0,1,1,0,1,0,0,0,0,0,0,0,0,1,0,0,1,0,1,0,0,0,0,0,0,0,1,0,0,0,1,0,0,0,0,0,524.4276123046875,750.0
1529,0,3,4,1,1.0,1.0,5,1,0,1,1,10,0,0,0,1,0,0,1,0,0,0,0,0,0,0,0,1,0,0,1,0,1,0,0,0,0,0,0,0,1,0,0,0,1,0,0,0,0,0,0.0,1000.0
1639,0,3,3,1,13.0,5.0,3,1,0,1,1,7,0,0,0,1,1,0,1,0,0,0,0,0,1,0,0,1,1,0,0,0,1,0,0,0,0,0,0,0,1,0,0,0,1,0,0,0,0,0,689.9979248046875,850.0
1534,0,3,4,1,0.0,1.0,3,1,0,1,1,10,0,0,0,0,1,0,1,0,0,0,0,0,0,0,0,1,0,0,1,0,1,0,0,0,0,0,0,0,1,0,0,0,1,0,0,0,0,0,916.3494873046875,1900.0
1596,0,3,1,1,11.0,2.0,3,1,0,1,1,7,0,0,0,1,1,0,1,0,0,0,0,0,0,0,0,1,0,0,1,0,1,0,0,0,0,0,0,0,1,0,0,0,1,0,0,0,0,0,899.3631591796875,925.0
1057,1,2,2,1,0.0,0.0,3,1,0,1,1,5,0,0,0,0,0,0,0,0,0,0,0,0,1,0,0,0,0,0,1,0,0,0,0,0,0,0,0,0,0,0,0,0,0,0,0,0,0,0,145655.28125,145000.0
2400,1,2,3,3,15.0,3.0,3,1,1,2,1,2,0,0,0,1,0,0,0,0,0,0,0,0,1,0,0,1,0,1,0,0,0,0,0,0,0,0,0,0,0,0,0,0,1,0,0,0,0,0,277162.5625,270000.0
2399,1,2,0,1,4.0,5.0,2,1,2,1,0,1,0,0,0,0,0,0,0,0,0,0,0,0,1,0,0,0,0,0,0,0,0,0,0,0,0,0,0,0,1,0,0,0,1,0,0,0,0,0,155511.640625,155000.0
2144,1,7,4,1,15.0,6.0,3,1,1,1,1,1,0,0,0,1,1,0,1,0,0,0,0,0,1,0,0,0,0,1,1,0,1,0,0,0,0,0,0,0,1,0,0,0,1,0,0,0,0,1,614048.0,625000.0
1224,1,2,3,1,13.0,3.0,3,1,1,0,1,1,0,0,0,0,0,0,0,1,0,0,0,0,1,0,1,0,0,1,0,0,1,0,0,0,0,0,0,1,1,0,0,0,0,0,0,0,0,0,430577.53125,525000.0
1225,1,4,3,1,21.0,9.0,3,1,1,1,1,1,0,0,0,1,1,0,1,0,0,0,0,0,1,0,0,0,0,1,1,0,1,0,0,0,0,0,0,1,1,0,0,0,0,0,0,0,0,0,432041.625,425000.0
1219,1,4,3,1,38.0,5.0,4,1,1,1,1,1,0,0,0,1,0,0,1,0,0,0,0,0,1,0,0,0,0,1,1,0,1,0,0,0,0,0,0,1,1,0,0,0,0,0,0,0,0,0,510706.0,500000.0
1217,1,4,2,1,24.0,5.0,3,1,0,1,0,1,0,1,0,0,0,0,0,0,0,0,0,0,1,0,1,0,0,1,0,0,0,0,1,0,0,0,0,1,1,0,0,0,0,0,0,0,0,0,347325.9375,350000.0
4735,0,3,2,1,21.0,3.0,2,1,1,1,1,3,0,0,0,0,0,0,0,1,0,0,0,0,1,0,0,0,0,1,0,0,0,0,1,0,0,0,0,0,1,0,0,0,1,0,0,0,0,0,938.7283935546875,1500.0
3957,1,7,2,1,6.0,0.0,2,1,1,1,1,1,0,0,0,0,0,0,0,1,0,0,0,0,0,0,0,0,0,0,0,0,0,0,1,0,0,0,0,0,1,0,0,0,1,0,0,0,0,0,393689.875,400000.0
2979,1,2,2,1,25.0,6.0,4,1,0,1,1,3,0,0,0,1,1,0,1,0,0,0,0,0,1,0,0,0,1,0,1,0,0,0,0,0,0,0,0,1,1,0,0,0,1,0,0,0,0,0,317901.6875,315000.0
2995,1,2,2,1,17.0,10.0,2,1,1,0,0,2,0,0,0,0,0,0,0,1,0,0,0,0,1,0,1,0,0,0,1,0,0,0,0,0,0,0,0,0,1,0,0,1,1,0,0,0,0,0,179507.5,180000.0
2992,1,2,2,1,32.0,22.0,3,1,1,1,1,5,0,0,0,0,0,0,0,1,0,0,0,0,1,0,1,0,0,0,0,0,0,0,0,0,0,0,0,0,0,0,0,0,1,0,0,0,0,0,281933.5625,270000.0
2728,1,4,2,1,11.0,1.0,4,1,2,1,1,6,0,0,0,1,1,0,1,0,0,0,0,0,1,0,0,0,0,1,1,0,1,0,0,0,0,1,0,0,1,0,0,1,1,0,0,0,0,0,310846.5,300000.0
2813,1,4,2,1,16.0,15.0,2,1,0,1,1,6,0,0,0,0,0,0,0,1,0,0,0,0,0,0,0,1,0,1,1,0,0,0,1,0,0,0,0,0,1,0,0,1,1,0,0,0,0,0,322254.59375,325000.0
2764,1,4,2,1,21.0,7.0,2,1,1,1,0,6,0,0,0,1,0,0,1,0,0,0,0,0,1,0,0,1,0,0,0,0,0,0,0,0,0,0,0,0,1,0,0,1,1,0,0,0,0,0,354033.21875,350000.0
2753,1,4,1,1,6.0,1.0,2,1,1,1,0,2,1,0,0,0,0,0,1,0,0,0,0,1,0,1,0,0,0,0,0,0,0,0,1,0,0,0,0,0,1,0,0,1,1,0,0,0,0,0,210997.234375,190000.0
2867,1,4,1,1,20.0,4.0,3,1,1,2,1,6,0,0,0,1,0,0,1,0,0,0,0,0,1,0,0,0,0,1,1,0,0,0,1,0,0,0,0,0,1,0,0,1,1,0,0,0,0,0,266154.625,325000.0
2831,1,4,1,1,15.0,4.0,3,1,0,2,1,4,0,0,0,0,0,0,0,1,0,0,0,0,1,0,0,0,0,1,1,0,0,0,1,0,0,0,0,1,1,0,0,0,1,0,0,0,0,0,355782.3125,240000.0
2830,1,4,1,1,29.0,1.0,3,1,1,1,1,6,1,0,0,1,0,0,1,0,0,0,0,0,1,0,0,0,0,1,1,0,0,0,1,0,0,0,0,0,1,0,0,1,1,0,0,0,0,0,253858.828125,250000.0
2748,1,4,1,1,5.0,1.0,3,1,1,1,1,1,1,0,0,0,0,0,1,0,0,0,0,1,0,0,0,0,0,0,0,0,0,0,1,0,0,0,0,0,1,0,0,1,1,0,0,0,0,0,251103.140625,290000.0
2885,1,6,2,1,44.0,20.0,3,1,0,2,1,4,1,0,0,0,1,0,1,0,0,0,0,0,1,0,0,0,0,1,1,0,0,0,0,0,0,0,0,1,1,0,0,0,1,0,0,0,0,0,307727.6875,300000.0
1060,1,6,4,1,0.0,0.0,2,1,0,3,1,1,0,0,0,1,0,0,0,0,0,0,0,0,1,0,0,1,0,0,0,0,1,0,0,0,0,0,0,1,1,0,0,0,0,0,0,0,0,0,177939.609375,170000.0
1068,1,6,3,4,0.0,0.0,5,1,0,1,1,1,0,0,0,0,0,0,0,1,0,0,0,0,1,0,0,1,0,0,0,0,0,0,1,0,0,0,0,0,1,0,0,0,1,0,0,0,0,0,162207.921875,160000.0
2103,1,4,3,1,10.0,0.0,2,1,1,1,0,1,0,0,0,0,0,0,0,0,0,0,0,0,0,0,0,0,0,0,0,0,0,1,0,1,0,0,0,0,1,0,1,0,0,0,0,0,0,0,238145.578125,270000.0
2104,1,4,2,1,16.0,0.0,2,1,1,0,1,1,0,0,0,0,1,0,0,0,0,0,0,0,0,0,0,0,0,0,0,0,0,1,0,0,0,0,0,0,0,0,0,1,0,0,0,0,0,0,269393.0,270000.0
3770,1,4,2,1,23.0,3.0,2,1,1,0,0,1,1,0,0,1,0,0,0,0,0,1,0,0,1,0,0,0,0,1,1,0,0,0,0,0,0,0,0,1,1,0,0,0,1,0,0,0,0,0,251207.6875,360000.0
2104,0,3,2,1,35.0,9.0,2,1,0,0,1,1,1,0,0,0,1,0,1,0,0,0,0,0,0,1,0,0,0,0,0,0,0,1,0,0,0,0,0,1,1,0,0,1,0,0,0,0,0,0,1248.6346435546875,1150.0
2102,0,3,1,1,7.0,2.0,2,1,2,1,0,0,0,0,0,0,0,0,0,1,0,0,0,0,1,0,0,1,0,0,0,0,0,0,0,0,0,0,0,1,1,0,0,0,1,0,0,0,0,0,0.0,1550.0
491,0,3,2,1,12.0,3.0,3,1,1,1,1,5,0,0,0,0,0,1,1,0,0,1,0,0,1,0,0,0,0,0,0,0,0,0,1,0,0,0,0,1,1,0,0,0,0,0,0,0,0,0,1184.0799560546875,1600.0
3530,1,4,5,1,1.0,0.0,4,1,0,1,1,9,0,0,0,1,1,0,1,0,0,0,0,0,1,0,1,0,0,1,0,0,0,0,0,0,0,0,0,0,1,0,0,0,1,0,0,0,0,0,476854.09375,500000.0
502,0,3,1,1,7.0,1.0,2,1,1,2,0,2,0,1,0,0,0,0,0,0,0,0,0,0,1,0,0,0,0,0,0,0,0,0,1,0,0,0,0,0,0,0,0,0,0,1,0,0,0,0,1302.3475341796875,900.0
493,0,3,2,1,0.0,0.0,2,1,1,1,0,3,0,0,0,0,1,0,0,0,0,0,0,0,0,0,1,0,0,0,1,0,0,0,1,0,0,0,0,0,1,0,0,0,0,0,0,0,0,0,833.5994873046875,1300.0
493,0,3,2,1,5.0,3.0,2,1,1,1,0,3,0,0,0,0,1,0,0,0,0,0,0,0,0,0,1,0,0,0,1,0,0,0,1,0,0,0,0,0,1,0,0,0,0,0,0,0,0,0,999.8963623046875,1325.0
3526,0,3,1,1,0.0,1.0,2,1,1,1,1,2,1,0,0,0,0,0,1,0,0,0,0,0,0,0,0,0,0,0,0,0,0,0,0,1,0,0,0,1,1,0,0,0,1,0,0,0,0,0,0.0,700.0
507,0,3,3,1,8.0,5.0,2,1,1,1,0,3,0,0,0,0,0,0,0,0,0,0,0,1,0,1,0,0,0,0,0,0,0,1,0,0,0,0,0,0,0,0,1,0,0,0,0,0,0,0,1953.5174560546875,1900.0
4268,0,3,2,1,10.0,6.0,1,0,0,0,0,0,0,0,0,0,0,0,0,0,1,0,0,0,1,0,1,0,0,0,1,0,1,0,0,0,0,0,0,0,1,0,0,1,1,0,0,0,0,0,1893.2420654296875,450.0
1414,0,3,2,1,6.0,2.0,3,1,1,1,1,5,0,0,0,1,1,0,1,0,0,0,0,0,1,0,1,0,0,0,1,0,0,0,0,0,0,0,0,0,1,0,0,0,1,0,0,0,0,0,829.4666748046875,1050.0
1354,0,3,0,1,5.0,1.0,2,1,1,1,0,0,0,0,0,0,0,0,0,1,0,0,0,0,0,0,0,0,1,0,1,0,0,0,0,0,0,0,0,0,1,0,0,0,1,0,0,0,0,0,996.6346435546875,725.0
1423,0,3,2,1,18.0,4.0,2,1,1,1,1,0,0,0,0,0,0,0,0,1,0,0,0,0,1,0,0,1,0,0,0,0,0,0,1,0,0,0,0,0,0,0,0,0,1,0,0,0,0,0,1241.7596435546875,600.0
1365,0,3,3,1,3.0,1.0,4,1,1,1,1,2,1,0,0,0,0,0,1,0,0,0,0,0,0,0,0,0,1,1,1,0,0,0,0,0,0,0,0,0,0,0,0,0,1,0,0,0,0,0,1126.2518310546875,1500.0
1410,1,6,4,3,9.0,5.0,3,1,1,1,1,8,1,0,0,1,0,0,1,0,0,0,0,0,0,0,1,0,0,1,1,0,0,0,1,0,0,0,0,0,0,0,1,0,0,0,0,0,0,0,390689.53125,400000.0
453,1,4,2,1,7.0,1.0,2,1,0,1,0,2,0,0,0,0,0,0,0,1,0,0,0,0,0,0,0,0,0,0,0,0,0,1,0,0,0,0,0,0,1,0,0,0,1,0,0,0,0,0,243276.25,400000.0
415,1,2,4,1,6.0,0.0,2,1,1,1,1,2,1,0,1,0,0,0,0,0,0,0,0,1,0,1,0,0,0,0,0,0,1,1,0,0,0,0,0,1,1,0,0,0,0,0,0,0,0,0,604442.5625,600000.0
422,1,4,4,1,2.0,0.0,2,1,1,1,1,1,1,0,0,0,0,0,1,0,0,1,0,0,0,0,0,0,0,0,0,0,0,0,1,0,0,0,0,0,1,0,0,1,1,0,0,0,0,0,382659.0,375000.0
440,1,7,0,1,21.0,1.0,3,0,1,1,0,1,0,0,0,0,0,0,0,1,0,0,0,0,0,0,0,0,0,0,0,0,0,0,0,0,0,0,0,1,0,0,0,1,1,0,0,0,0,0,605146.75,600000.0
451,1,2,2,1,0.0,0.0,2,1,0,1,0,1,0,0,0,0,0,0,1,0,0,0,0,0,0,0,0,0,0,0,0,0,0,1,0,0,0,0,0,0,1,0,0,0,1,0,0,0,0,1,290684.0625,290000.0
451,1,4,2,1,5.0,2.0,2,1,0,1,0,1,0,0,0,0,0,0,1,0,0,0,0,0,0,0,0,0,0,0,0,0,0,1,0,0,0,0,0,0,1,0,0,0,1,0,0,0,0,1,294329.8125,300000.0
451,1,4,2,1,9.0,3.0,2,1,0,1,0,1,0,0,0,0,0,0,1,0,0,0,0,0,0,0,0,0,0,0,0,0,0,1,0,0,0,0,0,0,1,0,0,0,1,0,0,0,0,1,294812.6875,300000.0
975,0,3,3,1,1.0,1.0,2,1,1,1,1,0,1,0,0,0,0,0,0,0,0,1,0,1,0,0,0,0,0,0,0,0,0,0,1,0,0,0,0,0,0,0,1,0,0,0,0,0,0,0,1180.2362060546875,1325.0
5163,1,7,3,1,6.0,1.0,3,1,1,0,1,0,0,0,0,1,0,0,1,1,0,0,0,0,1,0,0,0,0,1,1,0,0,0,1,0,0,0,0,0,1,1,0,0,1,0,0,0,0,0,366963.3125,475000.0
5161,1,2,3,1,10.0,1.0,4,1,1,2,1,2,0,0,0,1,0,0,1,1,0,0,0,0,1,0,0,0,0,1,1,0,0,0,1,0,0,0,0,0,1,0,0,0,1,0,0,0,0,1,586485.5,575000.0
3975,1,6,1,1,13.0,6.0,1,1,1,1,0,2,1,0,0,0,0,0,0,0,0,0,0,0,1,1,0,0,0,0,0,0,1,0,0,0,0,0,0,0,0,0,0,0,0,1,0,0,0,0,226430.3125,230000.0
3950,1,6,3,3,24.0,11.0,3,1,1,1,1,2,0,0,0,0,0,0,0,1,0,0,0,0,1,0,0,0,0,0,0,0,0,0,1,0,0,0,0,0,0,0,0,0,1,0,0,0,0,0,654515.375,650000.0
3941,0,3,2,1,3.0,1.0,1,1,1,0,0,1,0,0,0,0,0,0,0,1,0,0,0,0,0,0,0,0,0,0,0,1,0,0,1,0,0,0,0,1,1,0,0,0,0,0,0,0,0,0,963.3612060546875,1000.0
3974,1,6,2,3,22.0,3.0,3,1,1,1,0,1,0,0,0,0,0,0,0,1,0,0,0,0,0,1,0,0,0,0,0,0,0,0,1,0,0,0,0,0,0,0,0,1,0,0,0,0,0,0,488394.0625,475000.0
3954,1,2,1,1,24.0,5.0,2,1,1,1,0,0,0,0,0,0,0,0,0,1,1,0,0,0,0,0,0,0,0,0,0,0,0,0,1,0,0,0,0,1,1,0,0,0,1,0,0,0,0,0,183052.890625,375000.0
3942,1,4,0,1,10.0,1.0,1,1,1,0,0,1,0,0,0,0,0,0,0,0,1,0,0,0,0,0,0,0,0,0,0,0,0,0,0,0,0,0,0,0,1,0,0,0,1,0,0,0,0,0,128813.3828125,215000.0
3943,1,4,3,1,18.0,7.0,3,1,1,1,1,2,0,0,0,0,0,0,0,1,0,0,0,0,1,0,0,1,0,0,0,0,1,0,0,0,0,0,0,1,0,0,0,0,0,0,0,0,0,0,377899.28125,800000.0
2389,1,4,5,1,13.0,2.0,5,1,0,2,0,13,0,0,0,1,1,0,1,0,0,0,0,0,1,0,0,1,1,0,0,0,0,0,0,0,0,0,0,0,1,1,0,0,1,0,0,0,0,0,566902.4375,495000.0
2458,1,4,1,1,2.0,1.0,2,1,0,1,1,2,0,0,0,0,0,0,0,1,0,0,0,0,0,0,0,1,0,1,1,0,0,0,0,0,0,0,0,0,0,0,0,0,1,0,0,0,0,0,235103.578125,230000.0
2389,1,4,3,1,7.0,1.0,4,1,1,2,1,6,0,0,0,1,0,0,1,0,0,0,0,0,1,0,1,0,0,0,1,0,0,0,0,0,0,0,0,0,1,0,0,0,1,0,0,0,0,0,308180.875,305000.0
2379,1,4,5,1,0.0,0.0,4,1,0,1,2,9,0,0,0,1,1,0,1,0,0,0,0,0,0,0,1,1,0,0,1,0,0,0,0,0,0,0,0,1,0,0,0,0,1,0,0,0,0,0,618809.9375,480000.0
4093,1,7,3,1,8.0,6.0,2,1,1,1,1,3,0,0,1,1,0,0,1,0,0,0,0,0,0,0,0,0,0,0,0,0,1,0,0,0,0,0,0,1,1,0,0,0,0,0,0,0,0,1,324399.625,325000.0
4131,1,4,3,1,3.0,2.0,2,1,1,1,1,2,0,0,0,0,0,0,0,1,0,0,0,0,1,0,0,0,0,1,1,0,0,0,0,0,0,0,0,1,1,0,0,0,1,0,0,0,0,0,372497.4375,375000.0
4135,1,4,5,1,10.0,1.0,5,1,1,2,1,6,0,0,0,0,1,1,1,0,0,0,0,0,1,0,0,0,0,1,1,0,0,0,0,0,0,0,0,1,0,0,0,0,1,0,0,0,0,1,750449.875,800000.0
4118,1,7,4,1,6.0,4.0,3,1,1,0,1,4,0,0,0,1,0,0,1,0,0,1,0,0,1,0,0,0,0,1,1,0,0,0,0,0,0,0,0,1,1,0,0,0,1,0,0,0,0,0,490577.40625,750000.0
4060,1,4,4,1,0.0,0.0,2,1,1,1,0,1,1,0,0,0,0,0,1,0,0,1,0,0,0,1,0,0,0,0,1,0,0,0,0,0,0,0,0,1,1,0,0,0,1,0,0,0,0,0,401146.53125,400000.0
1488,1,4,1,1,7.0,0.0,2,1,1,1,1,0,1,0,0,0,0,0,1,0,0,0,0,1,0,0,1,1,0,1,0,0,0,0,1,0,0,0,0,1,1,0,0,0,1,0,0,0,0,0,217668.703125,220000.0
830,1,6,2,1,10.0,1.0,3,1,0,1,1,3,0,0,0,1,1,0,0,0,0,0,0,0,1,0,0,1,0,0,0,0,1,0,0,0,0,0,0,0,1,0,0,0,1,0,0,0,0,0,219660.5625,215000.0
3394,0,3,4,1,11.0,7.0,4,1,0,2,1,7,0,0,0,1,1,0,1,0,0,0,0,0,1,0,0,1,0,0,0,0,0,0,1,0,0,0,0,1,1,0,0,0,1,0,0,0,0,0,0.0,1350.0
3575,0,3,1,1,12.0,3.0,2,1,0,1,1,6,0,0,0,1,0,0,1,0,0,0,0,0,1,0,1,0,0,0,1,0,0,0,1,0,0,0,0,0,1,0,0,1,0,0,0,0,0,0,686.3162841796875,850.0
3576,0,3,1,1,14.0,7.0,1,1,1,1,1,0,0,0,0,0,0,0,1,0,0,0,0,0,0,1,0,0,0,0,0,0,0,0,1,0,0,0,0,0,0,0,0,1,0,0,0,0,0,0,930.9510498046875,950.0
3563,0,3,1,1,7.0,1.0,2,1,1,1,1,1,0,0,0,0,0,0,0,0,0,0,0,0,0,0,0,0,0,0,0,0,0,0,1,0,0,0,0,0,0,0,1,0,0,0,0,0,0,0,519.5135498046875,695.0
3564,0,3,0,1,7.0,2.0,1,1,1,0,0,1,1,0,0,0,0,0,1,0,0,1,0,0,0,0,0,0,0,0,0,0,0,0,1,0,0,0,0,0,0,0,1,0,0,0,0,0,0,0,606.3358154296875,525.0
3481,0,3,0,1,30.0,12.0,2,1,1,2,1,5,1,0,0,0,0,0,0,0,0,0,0,0,1,0,0,0,1,0,0,0,0,0,1,0,0,0,0,0,1,0,0,0,1,0,0,0,0,0,902.7752685546875,750.0
5117,0,3,0,1,6.0,1.0,1,0,0,1,0,0,0,0,0,0,0,0,0,1,1,0,0,0,1,0,1,0,0,0,0,0,0,0,1,0,0,0,0,1,0,0,0,0,1,0,0,0,0,0,745.6209716796875,250.0
5126,0,3,0,1,24.0,6.0,3,1,1,1,1,1,0,0,0,0,0,0,0,0,0,0,0,0,0,0,0,0,0,0,0,0,0,0,0,0,0,0,0,1,1,0,0,0,0,0,0,0,0,0,610.0506591796875,500.0
742,1,0,4,1,41.0,2.0,4,1,0,2,1,3,0,0,0,1,1,0,1,0,0,0,0,0,1,0,0,0,0,1,1,0,1,0,1,0,0,0,0,1,1,0,0,1,0,0,0,0,0,0,452430.8125,450000.0
727,1,2,2,1,13.0,2.0,2,1,1,1,1,2,0,1,0,0,1,0,1,0,0,0,0,0,0,1,0,0,0,0,0,0,0,0,1,0,0,0,0,0,1,0,0,1,1,0,0,0,0,0,265061.59375,250000.0
639,1,4,2,1,17.0,2.0,4,1,1,2,1,6,0,0,0,1,0,0,1,0,0,1,0,0,1,0,0,0,0,1,1,0,0,0,1,0,0,0,0,1,1,0,0,0,0,0,0,0,0,0,302008.5625,600000.0
651,0,3,1,1,36.0,5.0,2,1,0,1,0,1,0,0,0,0,0,0,0,1,0,0,0,1,1,0,0,0,0,1,1,0,0,0,1,0,0,0,0,1,1,0,0,1,0,0,0,0,0,0,72703.703125,950.0
722,1,4,4,4,59.0,7.0,5,1,0,1,1,4,0,0,0,1,0,0,1,0,0,1,0,0,1,0,0,0,0,1,1,0,0,0,1,0,0,0,0,0,1,0,0,1,1,0,0,0,0,0,496609.90625,500000.0
587,0,3,0,1,26.0,3.0,1,1,0,1,0,2,0,0,0,0,0,0,0,1,0,0,0,0,0,1,0,0,0,0,0,0,1,0,0,0,0,0,0,0,1,0,0,0,1,0,0,0,0,0,618.8455810546875,650.0
724,1,2,2,1,39.0,6.0,3,1,0,0,0,4,0,0,0,1,0,0,0,0,0,0,0,0,0,0,0,0,0,1,0,0,0,0,0,0,0,0,0,0,1,0,0,0,0,0,0,0,0,0,380780.625,375000.0
1507,1,2,5,1,23.0,2.0,4,1,0,1,1,10,0,0,0,1,1,0,1,0,0,0,0,0,1,0,0,1,0,0,1,0,1,0,0,0,0,0,0,0,0,0,0,0,1,0,0,0,0,1,700121.25,700000.0
1511,1,2,4,1,36.0,9.0,3,1,0,0,2,9,0,0,0,1,0,0,1,0,0,1,0,0,1,0,0,0,0,1,1,0,1,0,0,0,0,1,0,0,1,0,0,0,1,0,0,0,0,0,613111.875,795000.0
5181,1,2,5,1,6.0,2.0,4,1,0,2,1,10,0,0,0,1,1,0,1,0,0,0,0,0,1,0,1,0,0,0,1,0,0,0,1,0,0,0,0,1,1,0,0,0,1,0,0,0,0,0,677994.5,675000.0
5180,0,3,1,1,8.0,0.0,3,1,0,1,0,4,0,0,0,0,0,0,0,1,0,0,0,1,0,1,0,0,0,0,0,0,0,0,1,0,0,0,0,0,0,0,0,0,1,0,0,0,0,0,0.0,1100.0
1513,1,2,6,1,54.0,2.0,4,1,0,1,1,8,0,0,0,1,1,0,1,0,0,0,0,0,1,0,0,0,0,1,1,0,1,0,0,0,0,1,0,0,1,0,0,1,1,0,0,0,0,0,994668.5,1000000.0
2092,1,7,1,1,20.0,3.0,2,1,0,1,1,4,0,0,0,0,0,0,0,1,0,0,0,0,0,0,1,1,0,1,0,0,0,0,0,0,0,0,0,0,0,0,0,0,1,0,0,0,0,0,190469.828125,190000.0
1913,1,7,2,1,11.0,2.0,4,1,0,1,1,6,0,0,0,1,1,0,1,0,0,0,0,0,1,0,1,1,0,0,0,0,0,0,0,0,0,0,0,0,1,0,0,0,1,0,0,0,0,0,197594.578125,200000.0
2098,1,4,0,1,13.0,2.0,3,1,0,1,1,5,0,0,0,0,0,0,0,1,0,0,0,0,0,0,0,0,0,0,0,0,0,0,0,0,0,0,0,0,1,0,0,0,1,0,0,0,0,0,140141.015625,240000.0
2056,1,4,1,1,5.0,1.0,3,1,0,1,1,6,0,0,0,0,0,0,0,0,0,0,0,0,0,0,0,0,0,0,0,0,0,0,0,0,0,0,0,0,1,0,0,0,1,0,0,0,0,0,175134.375,190000.0
2061,1,4,2,1,9.0,2.0,3,1,0,1,1,4,0,0,0,0,0,0,0,1,0,0,0,0,0,0,1,0,0,1,0,0,0,0,0,0,0,0,0,0,1,0,0,0,1,0,0,0,0,0,226375.265625,230000.0
2056,1,4,1,1,5.0,0.0,3,1,0,1,1,6,0,0,0,0,0,0,0,0,0,0,0,0,0,0,0,0,0,0,0,0,0,0,0,0,0,0,0,0,1,0,0,0,1,0,0,0,0,0,175553.984375,190000.0
2075,1,4,0,1,0.0,0.0,2,2,1,1,0,2,0,0,0,0,0,0,0,1,0,0,0,0,0,0,0,0,0,0,0,0,0,0,0,0,0,0,0,0,1,0,0,0,1,0,0,0,0,0,140160.484375,140000.0
2053,1,4,0,1,19.0,2.0,2,1,0,1,1,5,0,0,0,0,0,0,1,0,0,1,0,0,1,0,1,0,1,0,0,0,0,0,0,0,0,0,0,0,1,0,0,0,1,0,0,0,0,0,121917.921875,170000.0
2029,0,3,1,1,7.0,5.0,2,1,1,1,0,4,0,0,0,0,1,0,0,0,0,0,0,0,0,0,0,0,0,0,0,0,0,0,0,0,0,0,0,0,1,0,1,0,0,0,0,0,0,0,847.0838623046875,625.0
2052,1,4,0,1,15.0,2.0,3,1,0,1,1,3,0,0,0,0,0,0,0,1,0,0,0,0,1,0,0,0,0,0,0,0,0,0,0,0,0,0,0,0,1,0,0,0,1,0,0,0,0,0,157291.5,120000.0
2089,1,4,0,1,17.0,1.0,4,1,0,1,1,5,0,0,0,0,0,0,0,1,0,0,0,0,0,0,1,1,0,0,0,0,0,0,1,0,0,0,0,0,1,0,0,0,1,0,0,0,0,0,213408.765625,270000.0
2081,1,4,3,1,9.0,1.0,4,1,0,2,1,11,0,0,0,0,0,0,0,1,0,0,0,0,1,0,0,1,1,0,0,0,0,0,0,0,0,0,0,0,1,1,0,0,0,0,0,1,0,0,387282.875,380000.0
2077,1,7,1,1,14.0,2.0,3,1,1,0,0,5,0,0,0,0,0,0,0,1,0,0,0,0,0,0,1,1,1,0,0,0,0,0,0,0,0,0,0,0,1,0,0,0,1,0,0,0,0,0,326111.21875,325000.0
2085,1,7,1,1,23.0,2.0,3,1,0,1,1,4,0,0,0,0,0,0,0,1,0,0,0,0,1,0,0,1,1,0,0,0,0,0,0,0,0,0,0,0,1,0,0,0,1,0,0,0,0,0,165789.984375,315000.0
2089,1,4,0,1,13.0,2.0,3,1,0,2,2,5,0,0,0,0,0,0,0,1,0,0,0,0,1,0,1,0,1,0,0,0,0,0,0,0,0,0,0,0,1,0,0,0,1,0,0,0,0,0,288975.125,290000.0
2094,1,7,0,1,14.0,2.0,3,1,0,1,0,6,0,0,0,0,0,0,0,1,0,0,0,0,1,0,0,0,1,0,0,1,0,0,0,0,0,0,0,0,1,0,0,0,1,0,0,0,0,0,237438.015625,240000.0
2064,1,4,0,1,6.0,1.0,2,1,0,1,0,5,0,0,0,0,0,0,0,1,1,0,0,0,0,0,0,0,0,0,0,0,0,0,0,0,0,0,0,0,1,0,0,0,1,0,0,0,0,0,200956.703125,200000.0
1935,1,4,1,1,15.0,1.0,2,1,0,1,1,6,0,0,0,0,0,0,0,0,0,0,0,0,1,0,1,0,1,0,0,0,0,0,0,0,0,0,0,0,1,0,0,0,1,0,0,0,0,0,179629.671875,225000.0
2049,1,4,1,1,13.0,2.0,3,1,0,1,2,5,0,0,0,0,0,0,1,0,0,0,0,0,1,0,1,1,0,0,0,0,0,0,0,0,0,0,0,0,1,0,0,0,1,0,0,0,0,0,177570.890625,180000.0
1919,1,7,0,1,6.0,2.0,3,1,0,1,1,5,0,0,0,0,0,0,1,0,0,0,0,0,1,0,0,1,1,0,0,0,0,0,0,0,0,0,0,0,1,0,0,0,1,0,0,0,0,0,142195.75,140000.0
1927,1,7,1,1,9.0,1.0,3,1,0,1,1,5,0,0,0,0,0,0,0,1,0,0,0,0,1,0,1,1,0,0,0,0,0,0,0,0,0,0,0,0,1,0,0,0,1,0,0,0,0,0,181977.359375,180000.0
2080,1,7,4,1,13.0,4.0,4,1,1,1,1,11,0,0,0,1,0,0,1,0,0,0,0,0,1,0,0,1,1,0,0,0,0,0,0,0,0,0,0,0,1,0,0,0,0,0,1,1,0,0,387613.8125,550000.0
1919,1,7,1,1,19.0,2.0,3,1,0,1,1,3,0,0,0,0,0,0,0,1,0,0,0,0,1,0,0,1,1,0,0,0,0,0,0,0,0,0,0,0,1,0,0,0,1,0,0,0,0,0,145827.921875,140000.0
2073,1,4,1,1,17.0,1.0,3,1,0,1,1,5,0,0,0,0,0,0,0,1,0,0,0,0,1,0,0,1,1,0,0,0,0,0,0,0,0,0,0,0,1,0,0,0,1,0,0,0,0,0,282722.90625,275000.0
2057,1,4,0,1,2.0,1.0,1,1,1,1,0,2,0,0,0,0,0,0,0,1,0,0,0,0,0,0,0,1,0,0,0,1,0,0,0,0,0,0,0,0,1,0,0,0,1,0,0,0,0,0,110078.3671875,110000.0
2083,1,4,2,4,23.0,4.0,3,1,0,2,1,5,0,0,0,0,0,0,0,1,0,0,0,0,1,0,1,1,0,0,0,0,0,0,0,0,0,0,0,0,1,0,0,0,1,0,0,0,0,0,191492.015625,200000.0
1938,0,3,0,1,16.0,8.0,2,1,0,1,1,3,0,0,0,0,0,0,1,0,0,0,0,0,0,0,1,1,0,1,0,0,0,0,0,0,0,0,0,0,1,0,0,0,1,0,0,0,0,0,632.6951904296875,625.0
3116,0,3,4,1,7.0,2.0,4,1,0,0,1,10,0,0,0,1,0,0,1,0,0,0,0,0,1,0,0,0,1,0,0,0,0,0,0,0,0,0,0,0,0,0,0,1,1,0,0,0,0,0,1928.6268310546875,2000.0
127,0,3,4,1,3.0,14.0,4,1,1,2,1,4,0,0,0,1,1,0,0,0,0,0,0,0,1,0,0,1,0,0,0,0,0,0,1,0,0,0,0,0,1,0,0,0,1,0,0,0,0,0,1173.4354248046875,1200.0
117,0,3,1,1,5.0,20.0,2,1,0,1,1,5,0,0,0,1,1,0,1,0,0,0,0,0,1,0,0,1,1,0,0,0,0,0,1,0,0,0,0,0,1,0,0,0,1,0,0,0,0,0,841.5447998046875,775.0
4341,0,3,1,1,15.0,8.0,2,1,0,1,1,1,0,1,0,0,0,0,0,1,0,0,0,0,0,0,0,0,0,0,0,0,0,0,0,0,0,0,0,0,1,0,0,1,1,0,0,0,0,0,715.2635498046875,800.0
4449,1,1,2,3,30.0,1.0,4,1,1,1,0,8,0,0,0,1,1,0,1,0,0,0,0,0,1,0,0,1,1,0,0,0,0,0,0,0,0,0,0,0,1,0,0,0,1,0,0,0,0,0,326717.75,290000.0
4333,1,6,2,3,22.0,5.0,2,1,1,0,0,5,0,0,0,1,0,0,1,0,0,1,0,0,1,0,0,0,1,0,1,0,0,0,0,0,0,0,0,0,1,0,1,0,1,0,0,0,0,0,310062.96875,325000.0
4447,1,6,2,1,22.0,8.0,3,1,1,1,0,3,0,0,0,1,0,0,1,0,0,0,0,0,1,0,0,0,1,1,0,0,0,0,0,0,0,0,0,0,1,0,0,1,1,0,0,0,0,0,328582.90625,325000.0
548,1,6,3,1,20.0,2.0,3,1,1,1,1,6,0,0,0,1,1,0,1,0,0,0,0,0,1,0,0,0,1,0,1,0,0,0,0,0,0,0,0,0,1,0,0,0,0,0,0,0,0,0,423759.625,425000.0
2106,0,3,0,1,6.0,6.0,2,1,0,1,1,2,1,0,0,0,0,0,0,0,0,0,0,1,0,1,0,0,0,0,0,0,0,0,0,0,0,0,0,0,1,0,1,0,0,0,0,0,0,0,580.9627685546875,665.0
3765,0,3,1,1,11.0,6.0,1,1,0,1,1,2,1,0,0,0,0,0,1,0,0,0,0,0,0,1,0,0,0,0,0,0,0,0,0,0,0,0,0,0,1,0,1,0,0,0,0,0,0,0,989.0721435546875,790.0
4420,1,6,3,3,6.0,1.0,4,1,0,2,1,8,0,0,0,1,1,0,1,0,0,0,0,0,1,0,0,0,1,1,0,0,0,0,0,0,0,0,0,0,1,0,1,0,0,1,0,0,0,0,369176.1875,430000.0
3766,1,6,1,1,7.0,1.0,1,1,1,1,0,1,0,1,1,0,0,0,0,0,0,0,0,1,0,1,0,0,0,0,0,0,0,0,0,0,0,0,0,0,1,1,1,0,0,0,0,0,0,0,205193.515625,205000.0
4468,1,6,1,3,20.0,8.0,2,1,0,0,0,8,0,0,0,0,1,0,1,0,0,0,0,0,1,0,0,0,1,0,0,0,0,0,0,0,0,0,0,0,1,0,0,0,1,0,0,0,0,0,281006.5625,280000.0
4294,0,3,1,1,15.0,7.0,2,1,1,1,0,2,0,0,0,0,0,0,0,1,0,0,0,0,1,0,0,0,0,1,0,0,0,0,0,0,0,0,0,0,1,0,0,0,1,0,0,0,0,0,702.7830810546875,965.0
5138,1,4,2,3,0.0,0.0,2,1,1,1,1,1,0,0,0,1,0,0,1,0,0,1,0,0,1,0,1,0,0,1,0,0,0,0,0,0,0,0,0,0,1,0,0,1,1,0,0,0,0,0,447049.0625,455000.0
5144,1,4,3,1,20.0,5.0,3,1,1,1,1,4,0,0,0,0,1,0,0,1,0,0,0,0,1,0,0,0,0,1,1,0,0,0,0,0,0,0,0,0,1,0,0,1,1,0,0,0,0,0,401893.5625,400000.0
2189,1,4,6,1,0.0,1.0,5,1,1,4,2,10,0,0,0,1,0,1,1,0,0,0,0,0,1,0,1,0,0,1,0,0,0,0,0,0,0,0,0,0,1,0,0,1,1,0,0,0,0,0,892209.625,900000.0
1678,1,4,5,1,0.0,0.0,2,1,0,2,1,15,0,0,0,1,1,0,1,0,0,0,0,0,0,0,0,1,0,0,1,0,1,0,0,0,0,0,0,0,1,0,0,0,1,0,0,0,0,0,359681.25,350000.0
3599,0,3,0,1,0.0,0.0,2,1,1,1,1,2,0,0,0,0,0,0,1,0,0,0,0,0,0,0,0,0,0,0,0,0,0,0,1,0,0,0,0,0,1,0,0,1,1,0,0,0,0,0,642.6580810546875,600.0
3617,0,3,1,1,0.0,0.0,4,1,1,1,1,4,0,0,0,1,1,0,1,0,0,0,0,0,1,0,1,0,0,1,0,0,0,0,0,0,0,0,0,1,1,0,0,0,1,0,0,0,0,0,905.2752685546875,875.0
3628,0,3,2,1,0.0,3.0,3,1,1,1,1,4,0,0,0,1,0,0,1,0,0,0,0,0,1,0,1,0,0,0,1,0,0,0,0,0,0,0,0,1,1,0,0,0,1,0,0,0,0,0,606.1346435546875,675.0
3600,0,3,1,1,0.0,11.0,3,1,1,1,1,4,0,0,0,0,0,0,0,0,0,0,0,0,1,0,1,0,0,1,0,0,0,0,0,0,0,0,0,1,1,0,0,0,1,0,0,0,0,0,769.6815185546875,650.0
5153,0,3,2,1,0.0,4.0,1,1,0,1,1,2,1,0,0,0,0,0,0,0,0,0,0,0,0,0,0,0,0,0,0,0,0,0,0,0,0,0,0,0,1,0,0,0,1,0,0,0,0,0,686.1854248046875,1000.0
5141,1,4,2,1,0.0,2.0,2,1,1,1,0,3,0,0,0,0,0,0,0,1,0,0,0,0,1,0,0,1,0,0,0,0,0,0,0,0,0,0,0,0,1,0,0,0,1,0,0,0,0,0,293947.15625,318500.0
5135,1,4,2,1,0.0,1.0,2,1,2,1,0,3,0,0,0,1,0,0,0,0,0,0,0,0,1,0,0,0,0,0,0,0,0,0,0,0,0,0,0,0,0,0,0,0,1,0,0,0,0,0,332826.78125,325000.0
5134,1,2,4,4,0.0,5.0,3,1,0,2,1,4,0,0,0,1,1,0,0,0,0,0,0,0,1,0,0,0,0,0,0,0,0,0,0,0,0,0,0,1,1,0,0,0,0,0,0,0,0,0,459990.1875,450000.0
5151,1,4,4,1,0.0,1.0,3,1,1,2,1,3,0,0,0,1,0,0,0,0,0,0,0,0,1,0,0,0,0,0,0,0,0,0,0,0,0,0,0,0,1,0,0,0,1,0,0,0,0,0,600171.1875,600000.0
4043,1,4,3,1,0.0,1.0,3,1,1,1,1,2,0,0,0,1,1,0,0,0,0,0,0,0,1,0,1,1,0,0,0,0,0,0,0,0,0,0,0,0,0,0,0,0,1,0,0,0,0,0,419655.375,425000.0
4044,1,4,2,1,0.0,1.0,2,1,1,1,0,2,1,0,0,0,1,0,0,0,0,0,0,0,1,0,1,0,0,0,0,0,0,0,0,0,0,0,0,0,1,0,0,0,1,0,0,0,0,0,299928.375,300000.0
2369,1,2,4,3,0.0,0.0,3,1,0,1,0,2,0,0,0,1,1,0,0,0,0,0,0,0,1,0,0,1,0,0,1,0,0,0,0,0,0,0,0,0,1,0,0,0,1,0,0,0,0,0,368159.75,365000.0
2355,1,2,1,1,0.0,2.0,1,1,0,1,1,2,0,0,0,0,0,0,0,1,0,0,0,0,0,0,0,1,0,0,1,0,0,0,0,0,0,0,0,0,0,0,0,0,1,0,0,0,0,0,186299.703125,185000.0
2443,1,2,4,1,0.0,3.0,4,1,0,2,1,3,0,0,0,1,1,0,1,0,0,0,0,0,0,0,1,0,0,1,1,0,0,0,0,0,0,0,0,1,1,0,0,0,0,0,0,0,0,0,464691.875,465000.0
2367,1,2,2,1,0.0,1.0,3,1,1,1,1,2,0,0,0,1,0,0,1,0,0,0,0,0,1,0,0,1,0,0,0,0,0,0,0,0,0,0,0,1,1,0,0,0,0,0,0,0,0,0,231336.53125,215000.0
2441,1,2,4,1,0.0,0.0,4,1,0,1,1,0,0,0,0,1,1,0,1,0,0,0,0,0,0,0,0,1,1,0,1,0,0,0,0,0,0,0,0,1,1,0,0,0,0,0,0,0,0,0,422127.8125,425000.0
2373,1,2,1,1,0.0,1.0,2,1,1,0,0,1,0,0,0,1,0,0,1,0,0,0,0,0,1,1,0,1,0,0,0,0,0,0,0,0,1,0,0,1,0,0,0,0,1,0,0,0,0,0,214800.546875,220000.0
2375,1,6,4,1,0.0,0.0,3,1,1,2,1,2,0,0,0,1,1,0,0,0,0,0,0,0,0,0,0,1,0,0,1,0,0,0,0,0,0,0,0,1,0,0,0,0,1,0,0,0,0,0,448391.6875,380000.0
2368,1,0,1,1,0.0,1.0,3,1,1,0,1,0,0,0,0,1,0,0,0,0,0,0,0,0,1,0,0,1,1,0,0,0,0,0,0,0,0,0,0,1,0,0,0,0,1,0,0,0,0,0,128547.375,130000.0
2374,1,2,4,1,0.0,2.0,3,1,1,1,2,3,0,0,0,1,1,0,1,0,0,0,0,0,1,0,1,0,1,0,0,0,0,0,0,0,0,0,0,1,0,0,0,1,1,0,0,0,0,0,457462.8125,465000.0
2352,1,2,3,1,0.0,2.0,3,1,0,1,1,4,0,0,0,1,1,0,1,0,0,0,0,0,1,0,1,0,0,0,1,0,0,0,0,0,0,0,0,1,1,0,0,0,1,0,0,0,0,0,301302.5625,300000.0
2372,1,2,4,3,0.0,1.0,3,1,0,0,1,1,1,0,0,1,0,0,1,0,0,0,0,0,1,0,1,0,0,1,0,0,0,0,0,0,0,0,0,1,0,0,0,0,0,0,0,0,0,0,350400.34375,350000.0
2370,1,6,1,1,0.0,1.0,2,1,1,1,1,1,0,0,0,0,0,0,0,0,1,0,0,0,1,0,1,0,0,0,1,0,0,0,0,0,0,0,0,1,0,0,0,1,1,0,0,0,0,0,258080.46875,195000.0
2357,1,6,0,1,0.0,1.0,3,1,0,1,0,1,0,0,0,1,0,0,1,0,0,0,0,0,0,0,1,0,0,1,1,0,0,0,0,0,0,0,0,1,1,0,0,0,1,0,0,0,0,0,162315.796875,165000.0
2376,1,4,1,1,0.0,1.0,3,1,0,1,0,2,0,0,0,1,1,0,1,0,0,0,0,0,1,0,1,0,0,1,0,0,0,0,0,0,0,0,0,1,1,0,0,0,1,0,0,0,0,0,256854.5625,255000.0
2483,1,6,0,1,0.0,2.0,2,1,1,1,0,2,0,0,0,0,0,0,0,1,0,0,0,0,0,0,0,0,0,0,0,0,0,0,0,0,0,0,0,0,1,0,0,0,1,0,0,0,0,0,98161.7890625,100000.0
1188,0,3,5,1,0.0,0.0,4,1,1,0,0,8,0,0,0,1,1,0,0,0,0,0,0,0,0,0,0,0,1,1,0,0,0,0,1,0,0,0,0,1,1,0,0,0,0,0,1,0,0,0,3598.185546875,3100.0
1177,0,3,5,1,0.0,0.0,5,1,1,1,2,6,0,0,0,1,1,0,1,0,0,0,0,0,1,0,0,1,0,1,0,0,0,0,1,0,0,0,0,0,0,0,0,1,1,0,0,0,0,0,2027.4940185546875,2100.0
1173,0,3,2,1,0.0,0.0,2,1,1,1,1,4,0,0,1,1,0,0,1,0,0,0,0,0,1,0,1,0,0,1,0,0,1,0,0,0,0,0,0,1,1,0,0,1,0,0,0,0,0,0,488.8338928222656,950.0
1180,1,6,3,1,0.0,1.0,3,1,1,1,1,6,0,0,0,1,1,0,0,0,0,0,0,0,1,0,1,0,0,1,0,0,0,0,1,0,0,0,0,1,1,0,0,1,0,0,0,0,0,0,350572.5625,350000.0
1193,0,3,4,1,0.0,1.0,4,1,1,1,1,4,0,0,0,1,1,0,1,0,0,0,0,0,1,0,1,0,0,1,0,0,1,0,0,0,0,0,0,1,1,0,0,1,0,0,0,0,0,0,1519.9315185546875,1500.0
1179,0,3,1,1,0.0,0.0,2,1,1,1,1,0,1,0,0,0,0,0,1,0,0,0,0,0,1,0,0,0,0,0,0,0,0,0,1,0,0,0,0,1,0,0,0,1,0,0,0,0,0,0,1149.0018310546875,825.0
1198,0,3,1,1,0.0,1.0,2,1,1,1,1,2,0,0,0,0,0,0,1,0,0,0,0,0,1,0,1,0,0,0,0,0,0,0,1,0,0,0,0,0,1,0,0,1,1,0,0,0,0,0,1301.2440185546875,875.0
4145,1,4,2,1,0.0,2.0,1,1,1,1,0,1,1,0,0,0,0,0,1,0,0,0,0,0,0,0,0,0,0,0,0,0,0,0,0,0,0,0,0,0,1,0,1,0,0,0,0,0,0,0,224197.859375,230000.0
3343,1,4,2,3,0.0,1.0,4,1,0,1,1,8,0,0,0,1,1,0,1,0,0,0,0,0,1,0,1,0,0,0,1,0,0,0,0,0,0,0,0,1,1,0,0,0,1,0,0,0,0,0,256423.0625,260000.0
3088,1,4,3,1,0.0,1.0,4,1,0,2,1,6,0,0,0,1,1,0,1,0,0,0,0,0,1,0,1,0,1,0,0,0,0,0,0,0,0,0,0,1,1,0,0,0,1,0,0,0,0,0,322100.5,320000.0
4006,0,3,0,1,0.0,6.0,2,1,0,1,0,1,0,1,0,0,0,0,1,0,0,0,0,1,0,0,0,1,0,0,0,0,0,0,1,0,0,0,0,0,0,0,0,0,1,0,0,0,0,0,713.7596435546875,675.0
108,0,3,1,1,0.0,7.0,2,1,1,1,1,5,0,0,0,0,0,0,0,0,0,0,0,0,1,0,0,0,0,0,0,0,0,0,0,0,0,0,0,0,0,0,0,0,0,0,0,0,0,0,897.9393310546875,700.0
104,1,6,2,1,0.0,1.0,3,1,0,2,1,3,1,0,0,0,0,0,0,0,0,0,0,0,1,0,0,0,0,0,0,0,0,0,0,0,0,0,0,1,0,0,0,0,0,0,0,0,0,0,191077.078125,190000.0
2562,0,3,0,1,0.0,4.0,1,1,0,1,0,2,1,0,0,0,0,0,0,0,0,0,0,0,0,0,0,1,0,0,0,0,0,0,0,0,0,0,0,0,0,0,0,0,1,0,0,0,0,0,666.4022216796875,450.0
2560,1,6,1,1,0.0,1.0,2,1,1,1,1,5,0,0,0,0,0,0,1,0,0,0,0,0,0,0,0,1,1,0,0,0,0,0,0,0,0,0,0,0,1,0,0,0,1,0,0,0,0,0,182465.1875,180000.0
2559,0,3,0,1,0.0,2.0,3,1,1,1,0,2,0,0,0,0,0,0,0,1,0,0,0,0,0,0,1,1,0,0,1,0,0,0,0,0,0,0,0,0,0,0,0,1,0,0,0,0,0,0,169.08804321289062,725.0
2558,0,3,1,1,0.0,3.0,3,1,0,1,1,7,0,0,0,0,0,0,0,1,0,0,0,0,1,0,0,1,0,0,0,0,0,0,0,0,0,0,0,0,1,0,0,0,1,0,0,0,0,0,542.9862060546875,900.0
2480,0,3,3,1,0.0,0.0,2,1,1,1,1,2,0,0,0,1,1,0,1,0,0,0,0,0,0,0,0,0,0,0,0,0,0,0,1,0,0,0,0,0,0,0,1,0,0,0,0,0,0,0,597.0565185546875,750.0
3987,0,3,1,1,0.0,5.0,1,1,0,1,0,1,0,1,0,0,0,0,0,1,0,0,0,0,0,1,1,0,0,0,1,0,0,0,0,0,0,0,0,1,1,0,0,0,1,0,0,0,0,0,764.6068115234375,750.0
2622,1,2,1,1,0.0,2.0,1,1,0,1,0,1,1,0,0,1,0,0,1,0,0,0,0,0,1,0,1,0,1,0,0,0,0,0,0,0,0,0,0,0,1,0,0,1,1,0,0,0,0,0,196561.90625,200000.0
2620,1,7,2,1,0.0,6.0,2,1,0,1,0,2,1,0,0,1,0,0,1,0,0,0,0,0,1,0,1,0,1,0,0,0,0,0,0,0,0,0,0,1,1,0,0,0,1,0,0,0,0,0,228856.90625,230000.0
2631,1,4,2,1,0.0,7.0,3,1,0,1,1,4,0,0,0,1,0,0,1,0,0,0,0,0,1,0,1,0,0,1,0,0,0,0,0,0,0,0,0,1,1,0,0,0,1,0,0,0,0,0,265433.6875,270000.0
2669,1,4,1,3,0.0,5.0,3,1,0,1,0,3,0,0,0,1,1,0,1,0,0,0,0,0,0,0,1,0,1,1,0,0,0,0,1,0,0,0,0,1,0,0,0,1,1,0,0,0,0,0,218720.15625,220000.0
2608,1,7,1,1,0.0,5.0,2,1,0,1,1,1,1,0,0,0,0,0,0,0,0,0,0,0,1,0,0,0,0,1,0,0,0,0,1,0,0,0,0,0,1,0,0,0,1,0,0,0,0,0,269843.53125,270000.0
2624,1,4,2,1,0.0,4.0,2,1,0,1,0,2,1,0,0,0,0,0,1,0,0,0,0,0,0,0,1,1,0,0,1,0,0,0,0,0,0,0,0,1,1,0,0,0,1,0,0,0,0,0,227685.765625,230000.0
2610,1,2,1,1,0.0,0.0,3,1,0,2,0,2,0,0,0,1,0,0,1,0,0,0,0,0,1,0,0,1,0,0,1,0,0,0,1,0,0,0,0,1,0,0,0,1,1,0,0,0,0,0,250553.359375,250000.0
2634,1,2,3,1,0.0,3.0,3,1,0,1,1,2,0,0,0,1,1,0,1,0,0,0,0,0,0,0,1,0,1,1,0,0,0,0,1,0,0,0,0,1,1,0,0,1,0,0,0,0,0,0,371846.21875,375000.0
3990,0,3,3,1,0.0,2.0,1,0,0,0,0,0,0,0,0,0,1,0,0,0,0,0,0,0,1,0,0,0,0,1,0,0,1,0,0,0,0,0,0,0,0,0,0,0,1,0,0,0,0,0,1597.1502685546875,1295.0
2647,1,7,2,1,0.0,4.0,3,1,0,1,1,3,0,0,0,1,0,0,1,0,0,0,0,0,0,0,1,0,1,1,0,0,0,0,0,0,0,0,0,0,0,0,0,0,0,0,0,0,0,0,308830.75,310000.0
2600,1,7,4,1,0.0,2.0,4,1,0,0,1,2,0,0,0,1,0,0,1,0,0,0,0,0,0,0,1,0,0,1,1,0,0,0,0,0,0,0,0,0,1,1,0,0,1,0,0,0,0,0,452630.78125,440000.0
2617,1,7,3,1,0.0,8.0,4,1,0,1,1,5,0,0,0,1,1,0,1,0,0,0,0,0,0,0,1,0,0,1,1,0,0,0,0,0,0,1,0,1,1,0,0,0,1,0,0,0,0,0,479798.15625,475000.0
2657,0,3,2,1,0.0,1.0,3,1,0,1,1,1,0,0,0,1,1,0,1,0,0,0,0,0,0,0,1,0,0,1,1,0,0,0,1,0,0,0,0,1,1,0,0,0,1,0,0,0,0,0,847.0252685546875,1225.0
3030,1,7,2,3,0.0,3.0,3,1,0,1,1,2,0,0,0,1,1,0,1,0,0,0,0,0,0,0,1,0,0,1,1,0,0,0,0,0,0,0,0,1,1,0,0,0,1,0,0,0,0,0,246761.625,250000.0
4958,1,7,2,1,9.0,1.0,3,1,1,1,1,3,0,0,0,1,1,0,1,0,0,0,0,0,1,0,1,0,1,0,0,0,0,0,0,0,0,0,0,0,1,0,0,1,1,0,0,0,0,0,210257.3125,210000.0
4824,1,7,1,1,0.0,2.0,2,1,1,1,0,3,1,0,0,1,0,0,1,0,0,0,0,0,1,0,1,0,1,0,0,0,0,0,0,0,0,0,0,0,1,0,0,1,1,0,0,0,0,0,179064.203125,165000.0
4778,0,3,1,1,0.0,2.0,3,1,1,1,1,5,0,0,0,1,1,0,1,0,0,0,0,0,1,0,0,0,1,0,1,0,0,0,0,0,0,0,0,0,1,0,0,1,1,0,0,0,0,0,921.3201904296875,650.0
4763,1,7,1,1,0.0,0.0,3,1,1,1,1,4,0,0,0,1,0,0,1,0,0,0,0,0,1,0,0,0,0,1,0,0,0,0,0,0,0,0,0,0,1,0,0,0,1,0,0,0,0,0,174317.421875,180000.0
4959,1,2,6,1,0.0,2.0,4,1,1,3,1,9,0,0,0,1,0,1,1,0,0,0,0,0,0,0,1,0,1,1,0,0,0,0,0,0,0,0,0,0,0,0,0,1,1,0,0,0,0,0,493358.65625,500000.0
4925,1,7,1,1,0.0,1.0,2,1,1,1,1,2,1,0,1,0,0,0,1,0,0,0,0,0,0,1,0,0,1,0,0,0,0,1,0,1,0,0,0,0,1,0,1,0,0,0,0,0,0,0,194553.4375,190000.0
4760,0,3,1,1,0.0,2.0,2,1,1,1,1,4,0,0,0,0,0,0,0,1,0,0,0,0,1,0,1,0,0,0,0,0,0,0,0,0,0,0,0,0,1,0,0,0,1,0,0,0,0,0,145.24795532226562,690.0
4918,1,2,6,1,0.0,2.0,5,1,1,2,1,10,0,0,0,1,1,0,1,0,0,0,0,0,1,0,0,0,1,1,0,0,0,0,0,0,0,0,0,0,1,0,1,0,0,0,0,0,0,1,622078.0,620000.0
4916,1,7,2,1,0.0,5.0,3,1,1,2,1,6,0,0,0,1,1,0,1,0,0,0,0,0,1,0,1,0,1,0,0,0,0,0,0,0,0,0,0,0,1,0,0,1,1,0,0,0,0,0,323509.03125,325000.0
4749,1,7,1,1,0.0,1.0,2,1,1,1,1,3,1,0,0,1,0,0,1,0,0,0,0,0,1,0,0,0,1,1,0,0,0,0,0,0,0,0,0,0,1,0,0,1,1,0,0,0,0,0,165242.578125,165000.0
4763,0,3,1,1,0.0,0.0,3,1,1,1,1,4,0,0,0,1,0,0,1,0,0,0,0,0,1,0,0,0,0,1,0,0,0,0,0,0,0,0,0,0,1,0,0,0,1,0,0,0,0,0,693.5545654296875,725.0
4763,0,3,1,1,0.0,1.0,3,1,1,1,1,4,0,0,0,1,0,0,1,0,0,0,0,0,1,0,0,0,0,1,0,0,0,0,0,0,0,0,0,0,1,0,0,0,1,0,0,0,0,0,703.7147216796875,725.0
4942,1,7,1,1,0.0,1.0,3,1,1,1,1,2,0,0,0,1,0,0,1,0,0,0,0,0,1,0,1,0,1,0,0,0,0,0,0,0,0,0,0,0,1,0,0,1,1,0,0,0,0,0,186614.515625,225000.0
4780,1,7,2,1,0.0,1.0,3,1,0,1,1,6,0,0,0,1,1,0,1,0,0,0,0,0,1,0,1,0,0,1,0,0,0,0,0,0,0,0,0,0,1,0,0,0,1,0,0,0,0,0,222703.71875,225000.0
4788,0,3,1,1,0.0,5.0,3,1,1,0,0,5,0,0,0,1,0,0,1,0,0,0,0,0,1,0,0,0,0,1,0,0,0,0,0,0,0,0,0,0,1,0,0,0,1,0,0,0,0,0,797.0057373046875,600.0
4964,1,7,3,1,0.0,2.0,3,1,1,1,1,7,0,0,0,1,0,0,1,0,0,1,0,0,1,0,1,0,0,0,0,0,0,0,0,0,0,0,0,0,1,0,0,0,1,0,0,0,0,0,268543.8125,275000.0
4807,1,7,3,1,0.0,1.0,3,1,1,1,1,8,0,0,0,1,1,0,1,0,0,0,0,0,0,0,1,0,0,1,0,0,0,0,0,0,0,0,0,0,1,0,0,0,1,0,0,0,0,0,270290.28125,270000.0
4766,1,7,0,1,0.0,1.0,3,1,1,1,1,5,0,0,0,1,0,0,1,0,0,0,0,0,1,0,1,0,1,0,0,0,0,0,0,0,0,0,0,0,1,0,0,0,1,0,0,0,0,0,228359.671875,230000.0
4814,1,7,1,1,0.0,1.0,2,1,1,1,0,4,1,0,0,0,0,0,1,0,0,1,0,0,0,1,0,0,0,0,0,0,0,0,0,0,0,0,0,0,1,0,1,0,0,0,0,0,0,0,135484.765625,135000.0
4752,0,3,1,1,0.0,5.0,2,1,1,1,1,3,1,0,0,0,0,0,1,0,0,0,0,0,1,0,0,0,1,0,0,0,0,0,0,0,0,0,0,0,1,0,0,0,1,0,0,0,0,0,636.2147216796875,600.0
4791,1,7,2,1,0.0,1.0,3,1,1,1,1,4,0,0,0,1,0,0,1,0,0,0,0,0,1,0,1,0,0,1,0,0,0,0,0,0,0,0,0,0,1,0,0,0,1,0,0,0,0,0,183311.796875,190000.0
4788,0,3,1,1,0.0,3.0,3,1,1,0,0,5,0,0,0,1,0,0,1,0,0,0,0,0,1,0,0,0,0,1,0,0,0,0,0,0,0,0,0,0,1,0,0,0,1,0,0,0,0,0,687.8944091796875,600.0
4996,1,7,4,1,0.0,2.0,4,1,1,2,1,3,0,0,0,1,1,0,1,0,0,0,0,0,0,0,1,0,1,0,0,0,0,0,0,0,0,0,0,0,1,0,0,0,1,0,0,0,0,0,333638.9375,340000.0
4946,1,7,2,1,0.0,3.0,3,1,1,1,1,3,0,0,0,1,0,0,1,0,0,0,0,0,1,0,1,0,0,0,0,0,0,0,0,0,0,0,0,0,0,0,0,0,1,0,0,0,0,0,245534.484375,250000.0
4778,1,7,1,1,0.0,1.0,3,1,1,1,1,6,0,0,0,1,1,0,1,0,0,0,0,0,1,0,0,0,0,1,0,0,0,0,0,0,0,0,0,0,1,0,0,0,1,0,0,0,0,0,189753.203125,190000.0
4775,1,7,1,1,0.0,1.0,3,1,1,1,1,4,0,0,0,1,1,0,1,0,0,0,0,0,1,0,1,0,1,0,0,0,0,0,0,0,0,0,0,0,1,0,0,0,1,0,0,0,0,0,197014.390625,200000.0
912,1,7,6,1,0.0,0.0,4,1,1,1,1,10,0,0,0,1,0,0,1,0,0,0,0,0,1,0,0,1,1,0,0,0,0,0,0,0,0,0,0,0,0,1,0,0,1,0,0,0,0,0,552367.3125,895000.0
824,1,7,0,1,0.0,0.0,3,1,1,1,0,4,0,0,0,0,0,0,1,0,0,0,0,0,0,0,0,1,0,0,1,0,0,0,0,0,0,0,0,0,0,1,1,0,0,0,0,0,0,0,154185.265625,150000.0
897,1,7,0,1,0.0,1.0,2,1,0,1,1,4,0,0,0,0,0,0,1,0,0,0,0,0,1,0,0,0,1,0,0,0,0,0,0,0,0,0,0,0,0,0,1,0,0,0,0,0,0,0,105820.0546875,105000.0
81,0,3,1,1,0.0,5.0,2,1,1,1,1,4,0,0,0,1,0,0,1,0,0,0,1,0,1,0,1,0,0,1,0,0,0,0,1,0,0,0,0,1,0,0,0,1,1,0,0,0,0,0,889.8221435546875,775.0
4199,0,3,2,1,0.0,5.0,3,1,0,2,1,7,0,1,0,0,1,0,0,0,0,0,0,1,1,0,0,1,0,1,0,0,0,0,0,0,0,0,0,1,0,0,0,1,1,0,0,0,0,0,431.4940490722656,925.0
66,1,0,5,1,1.0,9.0,4,1,1,1,1,11,0,0,0,1,1,0,0,0,0,1,0,0,1,0,0,1,0,1,0,0,0,0,0,0,0,0,0,1,0,0,0,1,1,0,0,0,0,0,499958.0,500000.0
75,1,7,2,1,0.0,2.0,3,1,1,1,1,8,0,0,0,1,1,0,0,0,0,1,0,0,1,0,1,0,0,1,0,0,0,0,0,0,0,0,0,1,0,0,0,1,1,0,0,0,0,0,260976.421875,260000.0
86,1,2,2,1,0.0,3.0,3,1,1,1,1,6,0,0,0,1,0,0,1,0,0,1,0,0,1,0,1,0,0,1,0,0,0,0,0,0,0,0,0,1,0,0,0,1,1,0,0,0,0,0,219035.03125,220000.0
74,1,6,0,1,0.0,2.0,2,1,1,1,0,7,0,0,0,1,0,0,1,0,0,1,0,0,1,0,1,0,0,1,0,0,0,0,0,0,0,0,0,1,0,0,0,1,1,0,0,0,0,0,179246.515625,180000.0
70,1,2,4,1,0.0,0.0,3,1,0,1,1,7,1,0,0,0,0,0,1,0,0,1,0,0,0,1,1,0,0,1,0,0,0,0,0,0,0,0,0,0,0,0,1,0,0,0,0,0,0,0,170115.125,170000.0
67,1,2,3,1,0.0,3.0,3,1,0,1,1,12,0,0,0,1,1,0,0,0,0,1,0,0,1,0,1,0,0,1,0,0,0,0,0,0,0,0,0,1,0,0,0,1,1,0,0,0,0,0,326856.46875,325000.0
4202,1,6,0,1,0.0,3.0,2,0,1,0,1,5,1,0,0,1,0,0,1,0,0,0,0,0,1,0,1,0,1,0,0,0,0,0,0,0,1,0,0,1,0,0,0,1,1,0,0,0,0,0,136057.921875,140000.0
4207,0,3,0,1,0.0,1.0,0,2,1,1,0,1,1,0,0,0,0,0,1,0,0,0,0,1,0,0,0,0,0,0,0,0,0,0,0,0,0,0,0,0,0,0,1,0,0,0,0,0,0,0,167.06436157226562,495.0
56,0,3,4,1,0.0,8.0,3,1,1,1,1,9,0,0,0,1,1,0,1,0,0,0,0,0,1,0,0,0,1,1,0,0,0,0,0,0,0,0,0,1,0,0,0,1,1,0,0,0,0,0,1194.7596435546875,950.0
101,1,7,1,1,0.0,2.0,2,1,0,1,1,2,0,0,0,1,0,0,1,0,0,1,0,0,0,0,1,1,0,1,0,0,0,0,0,0,0,0,0,0,1,0,1,0,0,0,0,0,0,0,172034.03125,245000.0
99,0,3,2,1,0.0,3.0,3,1,0,1,1,7,1,0,0,0,0,0,1,0,0,1,0,0,0,0,0,0,0,0,0,0,0,0,0,0,0,0,0,0,0,0,0,1,1,0,0,0,0,1,1286.2010498046875,1100.0
77,1,6,2,1,0.0,4.0,3,1,1,1,1,7,0,0,0,1,1,0,1,0,0,0,0,0,1,0,1,0,0,1,0,0,0,0,0,0,0,0,0,1,0,0,0,1,1,0,0,0,0,0,203150.875,205000.0
78,1,7,3,1,0.0,0.0,4,2,1,1,1,13,0,0,0,1,1,0,1,0,0,0,0,0,1,0,1,0,0,1,0,0,0,0,0,0,0,0,0,1,0,0,0,1,1,0,0,0,0,0,448466.875,450000.0
152,1,7,4,1,0.0,1.0,4,1,0,1,1,12,0,0,0,1,0,0,0,0,0,0,0,0,0,0,0,1,0,1,1,0,1,0,0,0,0,0,0,0,1,0,0,0,1,0,0,0,0,0,362184.21875,350000.0
179,0,3,4,1,0.0,3.0,5,1,2,2,1,10,0,0,0,1,1,0,0,0,0,0,0,0,0,0,1,1,0,0,1,0,0,0,1,0,0,0,0,0,0,0,0,0,1,0,0,0,0,0,1074.2635498046875,1100.0
187,0,3,0,1,0.0,1.0,2,1,1,0,0,4,1,0,0,0,0,0,1,0,0,0,0,0,0,0,0,0,0,0,0,0,0,0,1,0,0,0,0,0,1,0,0,0,1,0,0,0,0,0,525.5799560546875,550.0
144,1,6,3,1,0.0,0.0,3,2,2,1,1,3,1,0,0,0,0,0,1,0,0,0,0,1,0,1,0,0,0,0,0,0,0,1,0,0,0,0,0,0,0,0,1,0,0,0,0,0,0,1,299137.6875,300000.0
192,0,3,1,1,0.0,1.0,2,1,0,1,1,4,0,0,0,0,0,0,1,0,0,0,0,0,0,1,0,0,0,0,0,0,0,0,1,0,0,0,0,0,0,0,1,0,0,0,0,0,0,0,951.5955810546875,800.0
191,0,3,3,1,0.0,7.0,3,1,0,1,1,5,0,0,0,1,0,1,1,0,0,0,0,0,0,0,1,0,0,0,1,1,1,0,0,0,0,0,0,0,1,0,0,0,1,0,0,0,0,0,446.8768615722656,950.0
194,0,3,3,1,0.0,1.0,4,1,1,2,1,7,0,0,0,0,0,0,0,1,0,0,0,0,0,0,0,0,0,0,1,0,1,0,1,0,0,0,0,0,1,0,0,0,0,1,0,0,0,0,602.8924560546875,800.0
142,0,3,0,1,0.0,1.0,2,1,0,1,0,4,0,1,0,0,0,1,0,0,0,0,0,0,0,0,0,0,0,0,0,0,0,0,1,0,0,0,0,0,1,0,1,0,0,0,0,0,0,0,661.9647216796875,595.0
142,0,3,0,1,0.0,1.0,2,1,0,0,0,5,0,1,0,0,0,1,0,0,0,0,0,0,0,0,0,0,0,0,0,0,0,0,1,0,0,0,0,0,1,0,1,0,0,0,0,0,0,0,620.9862060546875,575.0
146,1,6,2,1,0.0,1.0,3,1,1,0,1,10,0,0,0,1,1,0,0,0,0,0,0,0,0,0,0,1,1,0,1,0,1,0,0,0,0,0,0,0,0,0,0,0,1,0,0,0,0,0,237497.265625,230000.0
158,1,6,2,1,7.0,4.0,3,1,2,2,1,7,0,0,0,1,0,0,1,0,0,0,0,0,0,0,1,0,0,1,1,0,1,0,0,0,0,0,0,0,1,0,0,0,1,0,0,0,0,0,237376.0,240000.0
4385,1,7,1,4,0.0,4.0,3,1,1,1,0,4,1,0,0,0,0,0,1,1,0,0,0,0,0,0,0,1,0,1,1,0,0,0,0,0,0,0,0,0,1,0,0,0,0,0,0,0,0,0,220548.25,225000.0
4419,1,7,2,3,0.0,1.0,2,1,1,1,1,7,1,0,0,1,0,0,1,0,0,0,0,0,1,0,0,0,0,1,1,0,0,0,0,0,0,0,0,0,1,0,0,1,1,0,0,0,0,0,327567.3125,325000.0
2904,1,4,3,1,0.0,1.0,3,1,2,1,1,4,0,0,0,0,0,0,1,1,0,1,0,0,1,0,0,0,0,1,1,0,0,0,1,0,0,0,0,0,1,0,0,1,1,0,0,0,0,0,376112.5,375000.0
2843,1,4,2,1,0.0,4.0,2,1,0,1,1,4,1,0,0,0,0,0,1,0,0,0,0,1,1,0,0,0,0,1,1,0,0,0,1,0,0,0,0,0,1,0,0,1,1,0,0,0,0,0,262329.0,255000.0
2878,1,4,1,1,16.0,2.0,2,1,0,1,1,2,1,0,0,0,0,0,1,0,0,0,0,1,0,1,0,0,0,0,0,0,0,0,1,0,0,0,0,0,1,0,0,1,1,0,0,0,0,0,180597.859375,175000.0
2873,1,4,2,1,0.0,0.0,3,1,0,1,1,6,1,0,0,1,1,0,0,0,0,0,0,0,1,0,0,0,0,1,1,0,0,0,1,0,0,0,0,0,1,0,0,1,1,0,0,0,0,0,285785.59375,280000.0
2701,1,4,4,1,15.0,2.0,4,1,1,0,1,7,0,0,0,1,1,0,1,0,0,0,0,0,1,0,0,0,0,1,1,0,0,0,1,0,0,0,0,0,1,0,0,1,1,0,0,0,0,0,500636.96875,495000.0
2915,1,6,3,1,0.0,5.0,3,1,0,1,1,6,0,0,0,1,1,0,1,0,0,0,0,0,1,0,0,0,0,1,1,0,0,0,1,0,0,0,0,0,1,0,0,1,1,0,0,0,0,0,327834.84375,318000.0
2835,1,4,3,1,0.0,2.0,3,1,1,1,0,7,0,0,0,1,1,0,1,0,0,0,0,0,0,0,0,1,0,1,1,0,0,0,1,0,0,0,0,0,1,0,0,1,1,0,0,0,0,0,317993.25,315000.0
2745,1,4,2,1,10.0,2.0,2,1,1,1,1,2,1,0,1,0,0,0,0,0,0,1,0,0,0,0,0,0,0,0,0,0,0,1,0,1,0,1,0,0,1,0,1,0,0,0,0,0,0,0,177631.296875,180000.0
3023,1,2,3,1,19.0,3.0,3,1,1,1,1,6,1,0,0,0,0,0,1,0,0,0,0,1,1,0,0,1,0,0,1,0,0,0,1,0,0,0,0,0,1,0,0,1,1,0,0,0,0,0,319838.21875,320000.0
2873,1,2,2,1,7.0,5.0,2,1,1,1,0,7,1,0,0,1,0,0,1,0,0,0,0,0,0,0,0,1,0,1,1,0,0,0,1,0,0,0,0,1,1,0,0,0,1,0,0,0,0,0,269837.8125,270000.0
5350,0,3,0,1,0.0,3.0,2,1,0,1,0,2,0,0,0,0,0,0,0,1,0,0,0,0,0,0,0,0,0,0,0,0,1,0,0,0,0,0,0,0,1,0,0,0,1,0,0,0,0,0,555.3553466796875,700.0
5355,0,3,1,1,0.0,3.0,2,1,0,1,1,2,1,0,0,0,0,0,1,0,0,1,0,0,0,1,0,0,0,0,0,0,0,0,1,0,0,0,0,0,0,1,1,0,0,0,0,0,0,0,944.2030029296875,745.0
2881,1,6,2,1,0.0,0.0,2,1,0,2,1,3,1,0,0,1,0,0,1,0,0,0,0,0,1,0,0,0,1,0,1,0,0,0,0,0,0,0,0,1,1,0,0,1,0,0,0,0,0,0,247849.828125,250000.0
2852,1,4,3,1,0.0,1.0,4,1,1,2,1,5,1,0,0,1,1,0,0,0,0,0,0,0,1,0,0,0,0,1,1,0,0,0,0,0,0,0,0,0,1,0,0,1,1,0,0,0,0,0,364641.3125,360000.0
2863,1,4,4,1,0.0,2.0,3,1,0,1,1,5,0,0,0,1,0,0,1,0,0,1,0,0,1,0,0,0,0,1,1,0,1,0,0,1,0,1,0,0,1,0,0,1,1,0,0,0,0,0,403436.0,400000.0
768,0,3,0,1,0.0,15.0,2,1,1,1,1,4,0,0,0,1,0,0,1,0,0,0,0,0,1,0,0,1,0,1,0,0,0,0,0,0,0,0,0,1,1,0,0,0,0,0,0,0,0,0,748.8768310546875,600.0
2849,0,3,3,1,0.0,3.0,4,1,0,2,1,7,1,0,0,1,1,0,0,0,0,0,0,0,1,0,0,0,1,0,1,0,0,0,1,0,0,0,0,0,1,0,0,1,1,0,0,0,0,0,1015.9744873046875,1250.0
2724,1,4,2,1,0.0,1.0,2,1,1,1,1,5,0,0,0,0,0,0,0,1,0,0,0,0,1,0,0,0,0,1,1,0,0,0,1,0,0,0,0,1,1,0,0,0,1,0,0,0,0,0,260736.5,260000.0
766,1,7,0,1,0.0,1.0,2,1,0,1,1,4,1,0,0,1,0,0,1,0,0,0,0,0,0,0,0,1,0,1,1,0,0,0,1,0,0,0,0,0,1,0,0,1,1,0,0,0,0,0,76197.359375,155000.0
2876,0,3,1,1,0.0,3.0,2,1,1,1,0,3,0,0,0,1,1,0,1,0,0,0,0,0,0,1,0,0,0,0,0,0,0,0,1,0,0,0,0,0,1,0,0,1,1,0,0,0,0,0,854.5643310546875,850.0
2895,1,4,2,1,0.0,2.0,3,1,1,1,1,5,1,0,0,0,1,0,1,0,0,0,0,0,0,0,0,1,0,1,1,0,0,0,1,0,0,0,0,0,1,0,0,1,1,0,0,0,0,0,273045.0625,275000.0
2810,1,2,2,1,0.0,3.0,3,1,0,1,1,5,0,0,0,1,1,0,1,0,0,0,0,0,0,0,0,1,0,1,1,0,0,0,1,0,0,0,0,0,1,0,0,1,1,0,0,0,0,0,267480.21875,260000.0
1373,0,3,1,1,0.0,1.0,2,1,1,0,1,2,0,0,0,0,1,0,0,0,0,0,0,0,0,1,0,0,0,0,0,0,1,0,0,0,0,0,0,0,0,0,0,0,1,0,0,0,0,0,440.8456115722656,695.0
4540,0,3,0,3,0.0,1.0,4,1,0,1,1,2,0,0,0,0,0,0,0,0,0,0,0,0,0,0,0,0,1,0,0,0,0,0,1,0,0,0,0,0,0,0,0,0,1,0,0,0,0,0,472.7489318847656,475.0
4603,0,3,0,1,0.0,1.0,3,1,1,2,1,2,0,0,0,1,0,0,1,0,0,0,0,0,1,0,0,0,0,0,1,0,1,0,1,0,0,0,0,0,1,0,0,0,1,0,0,0,0,0,580.5447998046875,550.0
4701,0,3,0,1,0.0,2.0,1,1,0,1,1,1,0,0,0,0,0,0,1,0,0,0,0,1,0,0,0,0,0,0,0,0,0,0,1,0,0,0,0,0,1,0,1,0,0,0,0,0,0,0,526.2489013671875,425.0
4704,0,3,1,1,0.0,0.0,3,1,1,1,1,4,0,0,0,0,0,0,1,0,0,1,1,0,1,0,1,0,1,0,0,0,1,0,1,0,0,0,0,0,1,0,0,0,1,0,0,0,0,0,548.7205810546875,590.0
4671,0,3,0,1,0.0,2.0,2,1,0,1,1,1,0,0,0,0,0,0,0,1,0,0,0,0,1,0,1,0,1,0,0,0,0,0,1,0,0,0,0,0,1,0,0,0,1,0,0,0,0,0,511.5428771972656,440.0
4485,0,3,0,1,0.0,1.0,3,1,1,1,1,1,0,0,0,0,0,0,0,1,0,0,0,0,1,0,1,0,1,0,0,0,0,0,1,0,0,0,0,0,1,0,0,0,1,0,0,0,0,0,730.3143310546875,575.0
4601,1,4,2,1,0.0,1.0,3,1,1,2,1,5,0,0,0,1,0,0,1,0,0,0,0,0,1,0,0,0,1,0,1,0,1,0,1,0,0,0,0,0,1,0,0,0,1,0,0,0,0,0,195628.890625,190000.0
4621,0,3,0,1,0.0,1.0,0,0,1,0,0,1,0,0,0,0,0,0,0,0,0,0,0,0,0,0,0,0,0,0,0,0,0,0,1,0,0,0,0,0,0,0,1,0,0,0,0,0,0,0,514.7283935546875,275.0
4650,0,3,0,1,0.0,1.0,2,1,0,1,1,2,0,0,0,0,0,1,1,0,0,0,0,1,0,0,0,0,0,0,0,0,0,0,1,0,0,0,0,0,1,0,0,0,1,0,0,0,0,0,280.9413146972656,385.0
4726,1,7,1,1,0.0,1.0,3,1,1,1,1,2,0,0,0,1,0,0,1,0,0,0,0,0,1,0,1,0,0,0,1,0,1,0,0,0,0,0,0,0,1,0,0,0,1,0,0,0,0,0,156817.890625,160000.0
4556,0,3,1,1,0.0,1.0,1,1,0,1,1,1,1,0,0,0,0,0,1,0,0,0,0,1,0,0,0,0,0,0,0,0,0,0,1,0,0,0,0,0,1,0,0,0,1,0,0,0,0,0,519.2108154296875,475.0
4498,0,3,0,1,0.0,3.0,1,1,0,1,1,1,0,0,0,0,0,0,0,1,0,0,0,0,0,0,0,0,0,0,0,0,0,0,1,0,0,0,0,0,1,0,0,0,1,0,0,0,0,0,556.3690185546875,385.0
4497,0,3,0,1,0.0,1.0,1,1,1,1,1,0,0,0,0,0,0,0,0,0,0,0,0,0,0,0,0,0,0,0,0,0,0,0,1,0,0,0,0,0,1,0,1,0,0,0,0,0,0,0,491.9579162597656,395.0
4502,1,4,1,4,0.0,5.0,2,1,0,2,2,4,0,0,0,1,1,0,1,0,0,0,0,0,1,0,1,0,1,0,0,0,0,0,1,0,0,0,0,0,0,0,0,0,1,0,0,0,0,0,108443.7109375,110000.0
4688,0,3,0,1,0.0,3.0,3,1,0,2,1,2,0,0,0,0,0,0,0,1,0,0,0,0,1,0,1,0,1,0,0,0,0,0,1,0,0,0,0,0,0,0,0,0,1,0,0,0,0,0,594.5780029296875,525.0
4621,0,3,0,1,0.0,2.0,0,1,1,1,0,0,0,0,0,0,0,0,0,0,0,0,0,0,0,0,0,0,0,0,0,0,0,0,1,0,0,0,0,0,1,0,1,0,0,0,0,0,0,0,454.5604553222656,367.0
4692,0,3,1,1,0.0,1.0,2,1,0,1,1,2,0,0,0,1,0,0,1,0,0,1,0,0,1,0,1,0,1,0,0,0,1,0,1,0,0,0,0,0,1,0,0,0,1,0,0,0,0,0,480.3319396972656,540.0
4690,0,3,0,1,0.0,3.0,2,1,1,1,1,4,0,0,0,0,0,0,0,1,0,0,0,0,1,0,1,0,1,0,0,0,0,0,1,0,0,0,0,0,0,0,0,0,1,0,0,0,0,0,194.56826782226562,550.0
4689,0,3,0,1,0.0,1.0,2,1,0,1,1,1,0,0,0,1,0,1,1,0,0,0,0,0,0,0,0,1,0,0,0,0,1,0,1,0,0,0,0,0,1,0,0,0,1,0,0,0,0,0,595.3065185546875,550.0
4641,0,3,0,1,0.0,0.0,2,1,0,2,1,1,0,0,0,0,0,0,1,0,0,0,1,0,0,1,0,0,0,0,0,0,0,0,1,0,0,0,0,0,1,0,0,0,1,0,0,0,0,0,0.0,530.0
4557,1,4,3,1,0.0,1.0,3,1,0,2,1,1,1,0,0,0,0,0,1,0,0,0,0,1,0,1,0,0,0,0,0,0,1,0,1,0,0,0,0,0,1,0,1,0,0,0,0,0,0,0,180675.578125,220000.0
4482,0,3,0,1,0.0,1.0,3,1,1,1,1,1,0,0,0,0,0,0,0,1,0,0,0,1,1,0,1,0,0,0,1,0,0,0,1,0,0,0,0,0,1,0,0,0,1,0,0,0,0,0,536.3026123046875,545.0
4551,0,3,1,1,0.0,1.0,2,1,0,1,1,1,1,0,0,0,0,0,1,0,0,0,0,0,0,1,0,0,0,0,0,0,0,0,1,0,0,0,0,0,1,0,0,0,1,0,0,0,0,0,830.8182373046875,525.0
4572,0,3,1,1,0.0,4.0,2,1,1,1,1,2,1,0,0,0,0,0,1,0,0,0,0,1,0,0,0,0,0,0,0,0,0,0,1,0,0,0,0,0,1,0,0,0,1,0,0,0,0,0,540.7791748046875,475.0
4624,0,3,0,1,0.0,2.0,1,1,1,1,1,2,1,0,0,0,0,0,1,0,0,0,0,1,1,0,0,0,1,0,1,0,1,0,0,0,0,0,0,0,1,0,1,0,0,1,0,0,0,0,433.6766662597656,440.0
4678,0,3,0,1,0.0,1.0,2,1,1,1,1,1,0,0,0,0,0,0,0,1,0,0,0,0,1,0,1,0,1,0,0,0,1,0,1,0,0,0,0,0,0,0,0,0,1,0,0,0,0,0,464.6385803222656,425.0
4652,0,3,0,1,0.0,1.0,1,1,1,1,0,0,0,0,0,0,0,0,0,0,0,0,0,0,0,0,0,0,0,0,0,0,0,0,1,0,0,0,0,0,1,0,1,0,0,1,0,0,0,0,586.5726318359375,350.0
4609,1,4,1,1,0.0,3.0,2,1,1,1,0,4,0,0,0,1,0,0,1,0,0,0,0,0,1,0,0,1,1,0,0,0,0,0,1,0,0,0,0,0,1,0,0,0,1,0,0,0,0,0,120882.0546875,120000.0
4495,0,3,0,1,0.0,1.0,1,1,1,0,0,2,0,0,0,0,0,0,0,1,0,0,0,0,1,0,0,0,1,0,1,0,0,0,1,0,0,0,0,0,1,0,0,0,1,0,0,0,0,0,350.8299865722656,400.0
4695,0,3,0,1,0.0,2.0,2,1,1,1,1,2,0,0,0,0,0,0,0,1,0,0,0,0,1,0,0,0,1,0,1,0,1,0,1,0,0,0,0,0,1,0,0,0,1,0,0,0,0,0,525.6658935546875,450.0
4631,1,4,0,1,0.0,0.0,2,1,0,1,1,2,0,0,0,0,0,0,1,0,0,0,0,1,0,0,0,0,0,0,0,0,0,0,1,0,0,0,0,0,1,0,0,0,1,0,0,0,0,0,127612.9453125,125000.0
4616,0,3,2,1,0.0,1.0,2,1,1,1,0,5,0,0,0,1,1,0,1,0,0,0,0,0,1,0,0,1,1,0,0,0,0,0,1,0,0,0,0,0,1,0,0,0,1,0,0,0,0,0,627.7449951171875,570.0
4527,0,3,0,1,0.0,1.0,2,1,0,1,1,2,0,0,0,1,0,0,1,0,0,0,1,0,0,0,0,0,1,0,1,0,0,0,1,0,0,0,0,0,1,0,0,0,1,0,0,0,0,0,416.9940490722656,460.0
4536,1,4,0,1,0.0,2.0,2,1,1,1,1,2,0,0,0,0,0,0,0,1,0,0,0,0,1,0,1,0,0,0,1,0,1,0,1,0,0,0,0,0,1,0,0,0,1,0,0,0,0,0,124745.6328125,125000.0
4639,1,2,2,1,0.0,1.0,3,1,1,1,1,5,0,0,0,1,1,0,1,0,0,0,0,0,1,0,0,0,1,0,1,0,1,0,1,0,0,0,0,0,0,0,0,0,1,0,0,0,0,0,202559.109375,200000.0
4619,0,3,1,1,0.0,1.0,3,1,0,1,1,1,0,0,0,0,0,0,1,0,0,0,0,0,1,0,0,0,0,1,1,0,0,0,1,0,0,0,0,0,1,0,0,0,1,0,0,0,0,0,678.6033935546875,530.0
4665,0,3,0,1,0.0,2.0,2,1,1,1,1,3,0,0,0,0,0,0,0,1,0,0,0,0,1,0,0,0,1,0,0,0,1,0,0,0,0,0,0,0,1,0,0,0,1,0,0,0,0,0,547.1131591796875,440.0
4720,0,3,1,1,0.0,2.0,2,1,1,1,1,1,0,0,0,0,0,0,0,1,0,0,0,0,1,0,0,0,1,0,1,0,1,0,1,0,0,0,0,0,1,0,0,1,0,0,0,0,0,0,513.5155029296875,530.0
4579,1,4,2,4,0.0,3.0,3,1,0,1,1,5,0,0,0,1,1,0,1,0,0,0,0,0,1,0,1,0,0,0,1,0,1,0,0,0,0,0,0,0,1,0,0,0,1,0,0,0,0,0,198669.421875,200000.0
4552,0,3,0,1,0.0,1.0,2,1,0,1,1,0,1,0,0,0,0,0,1,0,0,0,0,1,0,1,0,0,0,0,0,0,0,0,1,0,0,0,0,0,1,0,0,0,1,0,0,0,0,0,418.1820373535156,495.0
4500,0,3,0,1,0.0,2.0,3,1,1,2,1,3,0,0,0,0,0,0,0,1,0,0,0,0,1,0,0,0,1,0,1,0,0,0,1,0,0,0,0,0,1,0,0,0,1,0,0,0,0,0,291.2792053222656,530.0
4677,0,3,2,1,0.0,3.0,3,1,0,2,1,4,1,0,0,0,0,0,1,0,0,0,1,0,1,0,1,0,0,0,1,0,0,0,1,0,0,0,0,0,1,0,0,0,1,0,0,0,0,0,0.0,650.0
4627,1,4,0,1,0.0,1.0,3,1,1,1,1,5,0,0,0,0,0,0,1,0,0,1,1,0,1,0,0,0,1,0,1,0,0,0,1,0,0,0,0,0,0,0,0,0,1,0,0,0,0,0,140685.46875,140000.0
4728,1,7,2,1,0.0,0.0,3,1,0,1,1,4,0,0,0,1,0,0,1,0,0,0,0,0,1,0,1,0,0,0,1,0,1,0,1,0,0,0,0,0,1,0,0,0,1,0,0,0,0,0,199291.703125,200000.0
40,1,2,2,1,0.0,3.0,2,1,1,1,1,0,1,0,0,0,0,0,0,0,1,0,0,1,0,1,0,0,0,0,0,1,0,1,0,0,0,1,0,0,1,0,1,0,0,0,0,0,0,0,285267.625,280000.0
39,1,2,4,1,0.0,3.0,4,1,1,2,1,3,0,0,0,1,1,0,1,0,0,0,0,0,1,0,0,0,0,1,1,0,0,0,0,0,0,0,0,1,1,0,0,0,1,0,0,0,0,0,522398.0,500000.0
40,1,2,2,1,0.0,1.0,2,1,1,1,0,1,1,1,0,0,0,0,1,0,0,0,0,0,0,1,0,0,0,0,0,1,1,1,0,0,0,1,0,1,1,0,0,0,1,0,0,0,0,0,319093.875,315000.0
41,1,2,2,1,0.0,2.0,3,1,1,1,0,3,0,1,0,0,0,0,1,0,0,0,0,0,1,0,0,0,0,1,1,0,0,0,0,0,0,0,0,0,1,0,1,0,1,0,0,0,0,0,345397.125,350000.0
5283,1,6,2,1,0.0,3.0,3,1,1,1,1,3,0,0,0,1,1,0,1,0,0,0,0,0,1,0,0,1,1,0,0,0,0,0,1,0,0,0,0,0,1,0,0,0,1,0,0,0,0,0,169112.90625,165000.0
5297,1,7,0,1,3.0,2.0,1,1,1,1,1,2,1,0,0,0,0,0,0,0,0,0,0,0,0,1,0,0,0,0,0,0,1,1,0,0,0,0,0,0,1,0,1,0,0,0,0,0,0,0,94810.3828125,110000.0
5209,1,7,0,1,0.0,2.0,4,1,2,2,1,4,0,0,0,1,1,0,1,0,0,0,0,0,0,0,1,1,0,0,0,0,1,0,1,0,0,0,0,0,1,0,0,0,1,0,0,0,0,1,162467.40625,160000.0
5296,1,7,2,1,0.0,0.0,3,1,2,1,0,4,0,0,0,1,1,0,0,1,0,0,0,0,1,0,1,1,0,0,0,0,1,0,1,0,0,0,0,0,1,0,0,1,0,0,0,0,0,0,233686.140625,230000.0
5298,1,7,2,1,0.0,1.0,3,1,2,1,1,4,0,0,0,1,0,0,1,0,0,0,0,0,1,0,1,0,0,0,0,0,1,0,0,0,0,0,0,0,1,0,0,0,1,0,0,0,0,0,187631.796875,190000.0
5301,1,7,0,1,0.0,1.0,2,1,1,1,1,2,0,0,0,0,0,0,0,1,0,0,0,0,0,0,1,1,1,0,0,0,1,0,1,0,0,0,0,0,1,0,0,0,1,0,0,0,0,0,138898.109375,135000.0
5302,1,5,1,1,7.0,1.0,3,1,1,2,1,5,0,0,0,1,1,0,1,0,0,0,0,0,1,0,0,1,1,0,0,0,0,0,1,0,0,0,0,0,1,0,0,0,1,0,0,0,0,0,206353.796875,205000.0
5280,1,6,0,1,0.0,2.0,2,1,1,1,0,2,0,0,0,0,0,0,0,1,0,0,0,0,1,0,1,1,0,0,0,0,0,0,1,0,0,0,0,0,1,0,0,0,1,0,0,0,0,0,120654.2421875,125000.0
5288,1,7,0,1,0.0,1.0,2,1,1,1,1,4,0,0,0,0,0,0,1,0,1,0,0,0,1,0,1,1,0,0,0,0,0,0,1,0,0,0,0,0,0,0,0,0,1,0,0,0,0,0,140377.296875,140000.0
5291,1,7,3,1,0.0,1.0,5,1,1,2,1,2,0,0,0,1,0,0,1,0,0,0,0,0,1,0,1,1,0,0,0,0,1,0,1,0,0,0,0,0,1,0,0,0,1,0,0,0,0,0,291518.84375,290000.0
5274,1,7,3,1,0.0,2.0,4,1,1,2,1,6,0,0,0,1,0,0,1,0,0,0,0,0,1,0,1,1,0,0,0,0,0,0,1,0,0,0,0,0,1,0,1,0,1,0,0,0,0,0,244381.390625,240000.0
731,1,2,4,1,0.0,4.0,3,1,0,1,1,4,0,0,0,1,1,0,0,0,0,0,0,0,1,0,0,0,0,0,1,0,0,0,0,0,0,0,0,0,1,0,0,0,1,0,0,0,0,0,501081.9375,500000.0
641,0,3,1,1,0.0,3.0,1,1,0,1,0,2,0,0,0,0,0,0,0,0,0,0,0,0,0,0,0,0,0,0,0,0,0,0,0,0,0,0,0,0,1,0,1,0,0,0,0,0,0,0,923.0487060546875,850.0
3972,1,2,2,1,0.0,5.0,4,1,0,2,1,5,0,0,0,1,0,0,0,0,0,0,0,0,0,0,0,0,0,1,1,0,0,0,0,0,0,0,0,0,1,0,0,0,1,0,0,0,0,0,344045.5625,340000.0
737,0,3,2,1,0.0,0.0,2,1,0,1,0,3,1,0,0,0,0,0,0,0,0,0,0,0,0,0,0,0,0,0,0,0,0,0,0,0,0,0,0,0,1,0,0,0,1,0,0,0,0,0,897.1971435546875,1150.0
709,0,3,1,1,0.0,2.0,2,1,0,1,0,2,0,0,0,1,0,0,0,0,0,0,0,0,0,0,0,1,0,0,1,0,0,0,0,0,0,0,0,1,0,0,0,0,1,0,0,0,0,0,1033.1951904296875,1250.0
705,1,4,2,1,0.0,4.0,2,1,1,1,0,1,1,0,0,0,0,0,0,0,0,0,0,0,0,1,0,0,0,0,0,0,1,0,0,0,0,0,0,0,0,0,1,0,0,0,0,0,0,0,274347.25,275000.0
3671,1,2,3,1,0.0,1.0,3,1,1,0,1,1,0,0,0,1,1,0,1,0,0,0,0,0,1,0,0,0,0,1,1,0,0,0,0,0,0,0,0,0,1,0,0,0,1,0,0,0,0,0,378088.625,375000.0
3653,1,2,2,1,0.0,2.0,2,1,0,0,1,1,0,0,0,1,1,0,1,0,0,0,0,0,0,0,1,0,1,0,1,0,0,0,0,0,0,0,0,0,1,0,0,0,1,0,0,0,0,0,279777.40625,280000.0
3672,1,2,3,1,0.0,1.0,3,1,1,0,1,0,0,0,0,0,0,0,0,1,0,0,0,0,1,0,0,0,0,0,0,1,0,0,0,0,0,0,0,0,0,0,0,0,0,0,0,0,0,0,374257.03125,375000.0
3652,1,2,2,1,0.0,1.0,1,1,1,1,1,0,0,0,0,1,0,0,1,0,0,0,0,0,1,0,0,0,0,1,1,0,0,0,0,0,0,0,0,0,1,0,0,0,1,0,0,0,0,0,344968.875,275000.0
3982,0,3,1,1,0.0,6.0,2,1,1,1,0,0,0,0,0,0,0,0,0,0,0,0,0,0,0,0,0,0,0,0,0,0,0,0,0,0,0,0,0,1,0,0,0,0,0,0,0,0,0,0,677.7869873046875,925.0
1155,0,3,2,1,0.0,3.0,3,1,0,1,1,6,0,0,0,0,0,0,0,1,0,0,0,1,1,0,1,0,0,0,1,0,0,0,1,0,0,0,0,1,1,0,0,1,0,0,0,0,0,0,1185.2655029296875,1050.0
1100,0,3,1,1,0.0,0.0,2,1,1,1,0,3,0,0,0,0,0,0,0,1,1,0,0,0,0,0,1,0,1,0,1,0,0,0,1,0,0,0,0,1,1,0,0,1,0,0,0,0,0,0,806.1737060546875,795.0
1129,0,3,0,1,0.0,2.0,2,1,0,1,0,1,0,0,0,0,0,0,0,0,0,0,0,0,0,0,0,0,0,0,0,0,0,0,1,0,0,0,0,1,1,0,0,1,0,0,0,0,0,0,876.7869873046875,595.0
1116,0,3,2,1,0.0,5.0,2,1,1,1,1,2,0,0,0,0,0,0,0,0,0,0,0,0,1,0,1,0,1,0,0,0,1,0,0,0,0,0,0,0,1,0,0,1,1,0,0,0,0,0,1057.4940185546875,725.0
1122,0,3,1,1,0.0,4.0,2,1,1,1,0,3,1,0,0,1,0,0,1,0,0,0,0,0,0,1,0,0,0,0,0,1,0,0,1,0,0,0,0,0,1,0,0,1,1,0,0,0,0,0,863.6854248046875,775.0
1157,0,3,5,1,0.0,0.0,4,1,3,2,1,5,0,0,0,1,1,0,0,0,0,1,0,0,1,0,1,0,1,0,0,0,0,0,1,0,0,0,0,1,0,0,0,1,0,0,0,0,0,1,1143.5526123046875,2500.0
1112,0,3,1,1,0.0,0.0,2,1,0,1,1,1,0,0,0,1,0,0,1,0,0,1,0,0,1,0,1,0,0,0,1,0,0,0,1,0,0,0,0,1,1,0,0,1,0,0,0,0,0,0,711.9432373046875,775.0
1092,0,3,0,1,0.0,2.0,1,1,1,1,1,0,0,0,0,0,0,0,0,1,1,0,0,0,0,0,0,0,1,0,0,0,1,0,0,0,0,0,0,1,0,0,0,1,1,0,0,0,0,0,891.6424560546875,595.0
1112,0,3,1,1,0.0,1.0,2,1,0,1,1,1,0,0,0,1,0,0,1,0,0,1,0,0,1,0,1,0,0,0,1,0,0,0,1,0,0,0,0,1,1,0,0,1,0,0,0,0,0,0,685.4549560546875,775.0
1095,0,3,0,1,0.0,1.0,1,1,1,1,0,0,1,0,0,1,0,0,0,0,0,1,0,0,1,1,1,0,0,0,0,0,0,0,1,0,0,0,0,1,0,0,0,1,1,0,0,0,0,0,974.1522216796875,700.0
1165,0,3,1,1,0.0,2.0,2,1,0,1,0,1,1,0,0,0,0,0,1,0,0,0,0,0,0,1,0,1,0,0,0,0,0,0,0,0,0,0,0,0,0,0,0,0,1,0,0,0,0,0,863.8709716796875,845.0
1129,0,3,0,1,0.0,3.0,2,1,1,0,1,1,0,0,0,0,0,0,0,1,1,0,0,0,0,0,0,0,0,0,0,0,1,0,0,0,0,0,0,1,1,0,0,1,0,0,0,0,0,0,923.6112060546875,645.0
1089,0,3,0,1,0.0,1.0,2,1,1,0,1,2,0,0,0,0,0,0,0,1,1,0,0,0,1,0,1,0,1,0,0,0,1,0,1,0,0,0,0,1,1,0,0,1,0,0,0,0,0,0,893.6033935546875,750.0
1162,0,3,1,1,0.0,1.0,2,1,1,1,1,2,1,0,0,0,0,0,1,0,0,0,0,1,0,0,0,0,0,0,0,0,0,0,1,0,0,0,0,0,1,0,1,0,0,0,0,0,0,0,556.1463623046875,850.0
1095,0,3,0,1,0.0,0.0,1,1,0,1,1,0,1,0,0,0,0,0,1,0,0,1,0,0,0,1,0,0,0,0,1,0,0,0,1,0,0,0,0,0,0,0,0,1,1,0,0,0,0,0,668.8651123046875,725.0
1095,0,3,0,1,0.0,1.0,1,1,1,1,0,1,1,0,0,1,0,0,0,0,0,0,0,1,0,1,0,0,1,0,1,0,0,0,0,0,0,0,0,0,0,0,0,1,1,0,0,0,0,0,735.8631591796875,750.0
1165,0,3,1,1,0.0,1.0,2,1,1,0,0,2,1,0,0,0,0,0,1,0,0,0,0,1,0,0,0,0,0,0,0,0,0,0,1,0,0,0,0,0,1,0,0,0,1,0,0,0,0,0,716.6961669921875,850.0
1108,0,3,1,1,0.0,6.0,3,1,1,2,1,2,0,0,0,1,0,0,1,0,0,1,0,0,1,0,1,1,0,0,0,0,0,0,1,0,0,0,0,1,1,0,0,1,0,0,0,0,0,0,1178.3768310546875,850.0
1126,0,3,1,1,0.0,1.0,2,1,0,1,1,0,1,0,0,0,0,0,0,0,0,1,0,1,0,1,0,0,0,0,0,0,0,1,0,0,0,0,0,1,1,0,0,1,0,0,0,0,0,0,817.4549560546875,725.0
1110,1,2,1,4,0.0,3.0,2,1,1,1,1,0,0,0,0,1,0,0,1,0,0,1,0,0,1,0,1,0,1,0,0,0,0,0,1,0,0,0,0,1,0,0,0,1,1,0,0,0,0,0,164450.125,167500.0
1151,0,3,2,1,0.0,2.0,2,1,0,0,1,4,0,0,0,0,0,0,0,1,1,0,0,1,0,0,1,0,1,1,0,0,0,0,1,0,0,0,0,0,1,0,0,1,1,0,0,0,0,0,860.5291748046875,895.0
1097,0,3,0,1,0.0,3.0,1,1,1,1,1,1,0,0,0,0,0,0,0,1,1,0,0,0,0,0,0,0,0,0,0,0,0,0,1,0,0,0,0,1,1,0,0,1,0,0,0,0,0,0,456.4081115722656,575.0
1141,0,3,0,1,0.0,4.0,2,1,1,1,1,1,0,0,0,0,0,0,1,0,0,1,1,0,0,0,0,0,0,0,0,0,0,0,1,0,0,0,0,0,0,0,1,0,0,1,0,0,0,0,722.8494873046875,750.0
1129,0,3,0,1,0.0,4.0,1,1,1,1,0,0,0,0,0,0,0,0,0,1,1,0,0,0,0,0,0,0,0,0,0,0,0,0,1,0,0,0,0,1,1,0,0,1,0,0,0,0,0,0,564.3768310546875,550.0
4100,1,4,2,1,0.0,0.0,3,1,1,1,1,3,0,0,0,1,1,0,1,0,0,0,0,0,0,1,0,1,0,0,0,0,0,0,0,0,0,0,0,0,1,0,0,0,1,0,0,0,0,0,301582.71875,300000.0
4139,1,6,5,3,0.0,3.0,4,1,1,1,1,4,0,0,0,1,0,0,1,0,0,0,0,0,1,0,0,0,0,1,1,0,0,0,0,0,0,0,0,0,1,0,0,0,1,0,0,0,0,0,497808.1875,500000.0
4133,1,4,2,1,0.0,2.0,2,1,1,1,1,2,0,0,0,1,0,0,1,0,0,0,0,0,1,0,0,0,0,1,1,0,0,0,0,0,0,0,0,0,1,0,0,0,1,0,0,0,0,0,291786.375,270000.0
4057,1,4,2,1,0.0,2.0,1,1,1,1,0,2,1,0,0,0,0,0,1,0,0,0,0,0,0,1,0,0,0,0,0,0,0,0,0,0,0,0,0,0,0,0,0,0,1,0,0,0,0,0,231857.640625,230000.0
4159,1,4,5,1,0.0,0.0,4,1,1,1,1,4,0,0,0,1,1,0,1,0,0,0,0,0,1,0,0,0,0,1,1,0,0,0,0,0,0,0,0,0,0,0,0,0,1,0,0,0,0,0,757257.0625,750000.0
4136,1,4,3,1,0.0,2.0,3,1,1,1,0,2,0,0,0,0,0,0,1,0,0,1,1,0,1,0,0,1,0,1,0,0,0,0,0,0,0,0,0,0,1,0,0,0,1,0,0,0,0,0,424591.03125,415000.0
4159,1,6,5,1,0.0,2.0,4,1,1,1,1,4,0,0,0,1,1,0,1,0,0,0,0,0,1,0,0,0,0,1,1,0,0,0,0,0,0,0,0,0,0,0,0,0,1,0,0,0,0,0,680517.9375,685000.0
4126,1,4,2,1,0.0,2.0,2,1,1,1,1,1,0,0,0,1,0,0,1,0,0,1,0,0,1,0,0,0,0,1,1,0,0,0,0,0,0,0,0,0,0,0,0,0,1,0,0,0,0,0,341664.0625,340000.0
4168,1,4,3,1,0.0,3.0,3,1,1,1,1,3,0,0,0,0,1,0,1,0,0,0,0,0,0,0,0,1,0,1,1,0,0,0,0,0,0,0,0,0,0,0,0,0,1,0,0,0,0,0,323438.75,325000.0
4146,1,4,2,1,0.0,3.0,1,1,1,1,1,1,1,0,0,0,0,0,1,0,0,1,0,0,0,0,0,0,1,1,1,0,0,0,0,0,0,0,0,0,0,0,1,0,0,0,0,0,0,0,177178.109375,180000.0
4101,1,4,3,1,0.0,2.0,3,1,1,1,1,5,0,0,0,0,1,0,1,0,0,1,0,0,1,0,0,1,0,1,0,0,0,0,0,0,0,0,0,0,1,0,0,0,1,0,0,1,0,0,453763.3125,450000.0
2122,1,7,4,1,0.0,2.0,3,1,1,2,1,2,1,0,0,0,0,0,1,0,0,0,0,0,1,0,1,0,0,0,0,0,0,0,1,0,0,0,0,0,1,0,0,0,1,0,0,0,0,0,407687.53125,415000.0
2120,0,3,4,3,0.0,2.0,4,1,1,1,1,3,0,0,0,0,0,0,1,1,0,0,0,0,1,0,0,0,0,0,0,0,0,0,1,0,0,0,0,0,1,0,0,0,1,0,0,0,0,0,1035.8299560546875,1400.0
2120,1,1,4,3,0.0,0.0,4,1,1,1,1,3,0,0,0,0,0,0,1,1,0,0,0,0,1,0,0,0,0,0,0,0,0,0,1,0,0,0,0,0,1,0,0,0,1,0,0,0,0,0,463922.375,450000.0
2125,0,3,3,1,0.0,1.0,1,1,1,1,1,1,1,0,0,0,0,0,0,0,0,0,0,1,0,1,0,0,0,0,0,0,0,0,1,0,0,0,0,0,0,0,1,0,0,1,0,0,0,0,641.8739013671875,925.0
2135,0,3,4,1,0.0,5.0,3,1,1,1,0,2,0,0,0,0,0,0,1,0,0,0,0,0,1,0,0,1,0,0,0,0,0,0,1,0,0,0,0,0,1,0,0,0,1,0,0,0,0,0,1837.4002685546875,1650.0
2123,0,3,5,1,0.0,0.0,4,1,1,1,1,4,0,0,0,0,0,0,0,1,0,0,0,0,1,1,0,0,0,0,0,0,0,0,1,0,0,0,0,0,1,0,0,0,1,0,0,0,0,0,1578.3065185546875,1850.0
1296,1,7,2,1,0.0,1.0,4,1,0,2,1,5,0,0,0,0,1,0,0,1,0,0,0,0,0,0,1,0,0,1,0,0,0,0,0,0,0,0,0,0,0,0,0,1,0,0,0,0,0,0,395960.21875,400000.0
1322,1,7,4,1,0.0,0.0,4,1,1,2,1,5,0,0,0,1,1,0,0,0,0,0,0,0,1,0,1,1,0,0,0,0,0,0,0,0,0,0,0,0,0,0,0,1,0,0,0,0,0,0,368127.25,370000.0
1298,0,3,3,1,0.0,1.0,3,1,0,2,1,6,0,0,0,1,1,0,0,0,0,0,0,0,1,0,1,1,0,0,0,0,0,0,0,0,0,0,0,0,1,0,0,0,1,0,0,0,0,0,699.8084716796875,1150.0
1292,1,6,1,1,0.0,5.0,3,1,0,1,1,2,0,0,0,0,0,0,1,0,0,0,0,0,1,0,0,0,0,0,1,0,0,0,0,0,0,0,0,0,1,0,0,0,1,0,0,0,0,1,272098.875,275000.0
1291,1,2,2,1,16.0,7.0,3,1,0,1,1,2,0,0,0,0,0,0,1,0,0,1,0,0,0,0,0,1,0,0,0,0,0,0,0,0,0,0,0,1,0,0,0,0,1,0,0,0,0,0,251548.09375,335000.0
1328,1,7,6,1,0.0,0.0,5,1,2,1,1,7,0,0,0,0,0,0,1,0,0,0,0,0,0,0,0,0,1,1,0,0,0,0,0,1,0,0,0,0,0,0,0,0,0,0,0,0,0,0,1050219.75,1100000.0
1240,1,7,3,1,0.0,1.0,4,1,0,2,1,4,0,0,0,1,0,0,0,0,0,0,0,0,1,0,0,1,0,0,0,0,0,0,0,0,0,0,0,0,0,0,0,0,1,0,0,0,0,0,271643.375,270000.0
1278,1,7,1,1,0.0,8.0,2,1,0,1,0,2,0,0,0,1,1,0,1,0,0,0,0,0,1,0,0,1,1,0,0,0,0,0,0,0,0,0,0,0,0,0,0,0,1,0,0,0,0,0,159503.84375,160000.0
5075,0,3,1,1,0.0,2.0,2,1,1,2,1,2,0,0,0,0,0,0,1,0,0,0,0,0,0,0,1,1,0,0,0,0,1,0,0,0,0,0,0,0,0,0,1,0,0,0,0,0,0,0,817.2635498046875,725.0
5108,0,3,0,1,0.0,2.0,1,1,1,1,0,0,0,0,0,0,0,0,0,0,0,0,0,0,0,0,0,0,0,0,0,0,0,0,1,0,0,0,0,0,0,0,1,0,0,0,0,0,0,0,562.2147216796875,525.0
2508,1,0,3,1,0.0,4.0,4,1,1,2,1,7,0,0,0,1,0,0,1,0,0,0,0,0,0,0,1,0,0,1,1,0,0,0,0,0,0,0,0,0,1,0,0,0,1,0,0,0,0,1,449824.9375,450000.0
2521,1,0,2,1,0.0,6.0,3,1,1,1,1,5,0,1,0,0,0,0,0,1,0,0,0,0,1,0,0,1,1,0,0,0,1,0,0,0,0,0,0,0,1,0,0,0,1,0,0,0,0,0,277551.1875,280000.0
2478,0,3,3,1,0.0,14.0,2,2,2,1,2,6,0,0,0,0,0,0,0,1,0,0,0,0,0,0,0,0,0,0,0,1,0,1,0,0,0,0,0,0,0,0,1,0,0,0,0,0,0,0,253.60342407226562,1000.0
2510,0,3,0,1,0.0,2.0,1,1,1,0,0,5,0,0,0,0,0,0,1,0,0,0,0,0,0,1,0,0,0,0,0,0,1,0,1,0,0,0,0,0,1,0,0,0,1,0,0,0,0,0,469.5565490722656,525.0
2484,0,3,0,1,0.0,6.0,2,1,1,1,0,5,0,1,0,0,0,0,0,0,0,0,0,0,0,1,1,0,0,1,0,0,0,0,1,0,0,0,0,0,0,0,0,0,1,0,0,0,0,0,0.0,550.0
4740,0,3,5,1,0.0,0.0,0,1,1,0,1,2,0,0,0,0,0,0,0,1,1,0,0,1,1,1,0,0,0,0,1,0,0,0,1,0,0,0,0,0,0,0,0,0,1,0,0,0,0,0,0.0,700.0
2424,0,3,4,1,0.0,3.0,4,1,0,1,1,3,0,0,0,1,0,0,0,0,0,0,0,0,1,0,0,0,0,0,0,0,1,0,0,0,0,0,0,1,0,0,0,0,0,0,0,0,0,0,1418.8924560546875,1000.0
2414,0,3,0,1,0.0,2.0,2,1,1,1,1,0,0,0,0,0,0,0,0,1,0,0,0,0,1,0,0,0,0,0,0,0,0,0,1,0,0,0,0,0,0,0,0,0,1,0,0,0,0,0,479.3104553222656,625.0
3432,1,6,2,4,0.0,2.0,4,1,2,3,1,6,0,0,0,1,1,0,1,0,0,0,0,0,0,0,0,1,0,0,1,0,0,0,0,0,0,0,0,1,0,0,0,0,0,0,1,0,0,0,157437.859375,160000.0
3454,1,6,4,1,0.0,1.0,3,1,0,2,2,8,0,0,0,1,0,1,0,0,0,0,0,0,0,0,0,1,0,0,1,0,0,0,0,0,0,0,0,0,0,1,0,0,0,0,1,0,0,0,350337.84375,340000.0
3430,1,2,2,1,0.0,0.0,4,1,0,1,1,7,0,0,0,1,0,0,0,0,0,0,0,0,1,0,1,0,1,0,0,0,0,0,0,0,0,0,0,0,0,0,0,0,1,0,0,0,0,0,227453.40625,225000.0
3436,1,2,0,1,0.0,1.0,2,1,1,2,0,1,0,0,0,0,0,0,0,1,0,0,0,0,0,0,0,0,1,0,0,0,0,0,1,0,0,0,0,0,1,0,0,0,1,0,0,0,0,0,89048.890625,89950.0
3435,1,2,0,1,0.0,2.0,2,1,1,1,0,3,0,0,0,0,0,0,1,0,0,0,0,0,1,0,1,0,0,0,0,0,0,0,0,0,0,0,0,0,1,0,0,0,1,0,0,0,0,0,70459.359375,110000.0
5346,0,3,3,1,0.0,1.0,2,1,0,1,1,5,1,0,0,0,0,0,0,0,0,0,0,0,0,1,0,0,0,0,0,0,1,1,0,0,0,0,0,0,0,0,1,0,0,0,0,0,0,0,791.3143310546875,1100.0
5356,0,3,2,1,0.0,3.0,4,1,1,0,1,0,0,0,0,0,0,0,0,1,1,0,0,0,0,0,0,0,0,0,0,0,0,0,1,0,0,0,0,1,0,0,0,1,1,0,0,0,0,0,1069.2147216796875,1560.0
5348,0,3,2,1,0.0,2.0,1,1,1,1,0,2,0,0,0,0,0,0,0,0,0,0,0,0,0,0,0,0,0,0,0,0,0,0,0,0,0,0,0,0,0,0,0,0,0,0,0,0,0,1,713.1014404296875,875.0
5516,0,3,2,1,0.0,2.0,3,1,1,1,0,0,0,0,0,1,1,0,1,0,0,0,0,0,1,0,0,0,0,0,0,0,0,0,1,0,0,0,0,0,0,0,0,1,1,0,0,0,0,0,1070.1483154296875,725.0
5526,0,3,3,1,0.0,6.0,4,1,0,2,2,4,0,0,0,1,1,0,1,0,0,0,0,0,1,0,1,0,0,1,0,0,0,0,1,0,0,0,0,1,1,0,0,0,0,0,1,0,0,0,1414.5057373046875,1000.0
5509,0,3,5,1,0.0,2.0,5,1,0,2,1,5,0,0,0,1,1,0,0,0,0,0,0,0,1,0,0,0,0,0,0,0,0,0,1,0,0,0,0,0,0,0,0,0,1,0,0,0,0,0,2098.05859375,2250.0
5421,0,3,2,1,0.0,3.0,2,1,1,1,0,3,0,0,0,1,1,0,0,0,0,0,0,0,1,0,0,1,0,0,0,0,0,0,1,0,0,0,0,0,0,0,0,1,1,0,0,0,0,0,880.0233154296875,875.0
5416,0,3,1,1,0.0,6.0,2,1,1,1,1,2,0,0,0,0,0,0,0,1,0,0,0,0,1,0,0,0,0,0,0,0,0,0,1,0,0,0,0,0,0,0,0,0,1,0,0,0,0,0,936.9237060546875,750.0
5460,0,3,2,1,0.0,1.0,2,1,0,1,1,2,1,0,0,0,0,0,1,0,0,0,0,0,0,0,1,0,1,0,0,0,0,0,1,0,0,0,0,0,0,0,0,0,1,0,0,0,0,0,529.4139404296875,875.0
5472,0,3,0,1,0.0,15.0,1,1,1,1,0,2,0,0,0,0,0,0,0,0,0,0,0,0,0,0,0,0,0,0,0,0,0,0,1,0,0,0,0,0,1,0,0,1,1,0,0,0,0,0,727.8963623046875,650.0
675,0,3,2,1,0.0,3.0,3,1,0,2,0,3,0,0,0,0,0,0,0,1,0,0,0,0,0,0,0,0,0,0,1,0,0,0,0,0,0,0,0,0,1,0,0,0,1,0,0,0,0,0,0.0,1450.0
2490,0,3,1,1,0.0,1.0,2,1,0,1,1,3,1,0,0,0,0,0,0,0,0,0,0,0,0,1,0,0,0,0,0,0,0,0,0,0,0,0,0,0,0,0,1,0,0,0,0,0,0,0,928.5018310546875,675.0
2560,1,6,1,1,0.0,0.0,2,1,1,1,1,5,0,0,0,0,0,0,1,0,0,0,0,0,0,0,0,1,1,0,0,0,0,0,0,0,0,0,0,0,1,0,0,0,1,0,0,0,0,0,179991.171875,180000.0
1260,0,3,0,1,0.0,0.0,2,1,1,1,0,0,0,0,0,0,0,0,0,1,0,0,0,0,0,0,0,0,0,0,0,0,0,0,0,0,0,0,0,0,0,0,0,0,1,0,0,0,0,0,653.7088623046875,450.0
1871,1,7,0,3,0.0,2.0,3,1,1,1,1,2,0,0,0,0,0,0,0,1,0,0,0,0,1,0,0,1,0,0,0,0,0,0,0,0,0,0,0,0,0,0,0,0,1,0,0,0,0,0,96977.1796875,95000.0
913,1,7,2,1,0.0,2.0,2,1,0,1,1,5,0,0,0,1,1,0,0,0,0,0,0,0,1,0,0,1,0,0,0,0,0,0,0,0,0,0,0,1,0,0,0,0,0,0,1,0,0,0,184670.46875,190000.0
882,0,3,0,1,0.0,2.0,2,1,0,1,0,4,1,0,0,0,0,0,0,0,0,0,0,0,0,0,0,0,0,0,1,0,0,0,0,0,0,0,0,0,0,0,0,0,1,0,0,0,0,0,1010.8319091796875,495.0
889,1,7,0,1,0.0,5.0,2,1,0,1,1,2,1,0,0,0,0,1,1,0,0,0,0,0,0,0,0,0,0,0,0,0,0,1,0,0,0,0,0,0,0,0,1,0,0,0,0,0,0,0,84402.4140625,85000.0
898,1,7,0,1,0.0,0.0,1,1,0,1,0,4,1,0,0,0,0,0,0,0,0,1,0,0,0,0,0,0,0,0,1,0,0,0,0,0,0,0,0,1,1,0,0,0,0,0,0,0,0,0,94154.5859375,94750.0
3764,1,7,2,1,0.0,0.0,2,1,0,1,1,1,0,0,0,0,0,0,0,0,1,0,0,0,0,0,0,0,0,0,0,0,0,0,0,0,0,0,0,0,0,0,0,0,1,0,0,0,0,0,270215.40625,270000.0
2177,0,3,3,1,0.0,5.0,3,1,1,1,1,1,0,0,0,0,0,1,0,0,0,1,0,0,0,0,0,0,1,0,0,0,0,0,1,0,0,0,0,1,0,0,0,0,0,0,0,0,0,0,1095.6971435546875,935.0
2192,0,3,0,1,0.0,2.0,2,1,1,1,0,0,1,0,0,0,0,0,0,0,0,0,0,0,0,0,0,0,0,0,0,0,0,0,1,0,0,0,0,0,0,0,0,0,1,0,0,0,0,0,857.8280029296875,950.0
5107,0,3,1,1,0.0,6.0,2,0,0,1,1,2,0,0,0,1,0,0,0,0,0,0,0,0,1,0,0,0,0,0,0,0,1,0,0,0,0,0,0,0,0,0,0,0,1,0,0,0,0,0,819.6307373046875,750.0
5104,1,7,1,1,0.0,0.0,3,1,1,1,0,0,0,0,0,1,1,0,0,0,0,0,0,0,1,0,1,1,0,0,0,0,1,0,0,0,0,0,0,1,1,0,0,0,0,0,1,0,0,0,239278.171875,240000.0
5078,0,3,0,1,0.0,2.0,2,1,0,1,0,1,0,0,0,0,0,0,1,0,0,0,0,0,0,0,0,0,0,0,0,0,0,0,1,0,0,0,0,0,0,0,1,0,0,0,0,0,0,0,554.1033935546875,600.0
5109,1,7,2,1,0.0,1.0,3,1,0,2,1,4,0,0,0,1,0,0,1,0,0,0,0,0,1,0,0,0,0,0,0,0,1,0,0,0,0,0,0,0,1,0,0,0,1,0,0,0,0,0,255632.015625,260000.0
5094,1,2,0,1,0.0,1.0,3,1,0,1,1,2,0,0,0,0,0,0,0,1,0,0,0,0,1,0,1,0,1,0,0,0,0,0,1,0,0,0,0,0,1,0,0,0,1,0,0,0,0,0,154200.421875,155000.0
5096,1,2,0,1,0.0,1.0,1,1,0,0,0,4,0,0,0,1,1,0,0,1,0,0,0,0,0,0,0,1,0,0,0,0,0,0,1,0,0,0,0,0,0,0,0,1,0,0,0,0,0,0,151681.359375,150000.0
5103,0,3,1,1,0.0,3.0,2,1,2,1,1,1,0,0,0,0,0,0,0,1,0,0,0,0,0,0,1,0,0,1,0,0,0,0,1,0,0,0,0,0,0,0,0,0,0,0,1,0,0,0,389.8690490722656,725.0
5102,1,7,2,1,0.0,1.0,3,1,0,2,0,4,0,0,0,1,0,0,1,0,0,0,0,0,1,0,1,0,0,0,1,0,0,0,0,0,0,0,0,0,1,0,0,0,0,0,0,0,0,1,286804.03125,290000.0
5097,1,7,3,3,0.0,1.0,3,1,0,0,1,6,0,0,0,1,1,0,1,0,0,0,0,0,0,0,1,0,0,1,1,0,1,0,0,1,0,0,0,0,1,0,0,0,1,0,0,0,0,0,312863.375,315000.0
5092,1,0,1,1,0.0,5.0,2,1,0,2,1,1,0,0,0,1,0,0,1,0,0,0,0,0,1,0,1,0,0,0,0,0,1,0,0,0,0,0,0,0,1,0,0,0,1,0,0,0,0,0,120342.515625,122475.0
3752,0,3,2,1,0.0,4.0,2,1,1,1,0,5,1,0,0,0,0,0,0,0,0,0,0,0,0,1,0,0,0,0,0,0,0,0,1,0,0,0,0,0,0,0,0,0,0,0,0,0,0,1,1039.0760498046875,1200.0
4903,1,2,2,1,3.0,0.0,2,1,1,1,0,1,0,0,0,0,0,0,0,0,0,0,0,1,0,1,0,0,0,0,0,0,0,1,0,0,0,0,0,0,1,0,1,0,0,0,0,0,0,0,134012.203125,135000.0
4770,1,7,1,1,0.0,0.0,3,1,1,1,1,2,0,0,0,1,0,0,1,0,0,0,0,0,1,0,1,1,0,0,0,0,0,0,0,0,0,0,0,0,1,0,0,0,1,0,0,0,0,0,171298.515625,175000.0
2461,1,6,1,3,0.0,4.0,3,1,0,1,1,6,0,0,0,1,0,0,1,0,0,0,0,0,0,0,0,0,1,1,1,0,1,0,0,0,0,0,0,0,1,0,0,0,1,0,0,0,0,0,160501.265625,160000.0
2252,1,6,1,1,0.0,1.0,2,1,0,1,1,7,0,0,0,1,0,0,1,0,0,0,0,0,0,0,0,1,1,0,1,0,0,0,1,0,0,0,0,0,1,0,0,0,1,0,0,0,0,0,172041.71875,170000.0
2456,1,6,1,1,0.0,1.0,3,1,0,2,1,7,0,0,0,1,1,0,1,0,0,0,0,0,0,0,0,1,0,0,1,0,1,0,0,0,0,0,0,0,1,0,0,0,1,0,0,0,0,0,236335.1875,240000.0
2259,1,4,1,1,0.0,2.0,2,1,0,1,0,6,0,0,0,0,1,0,0,1,0,0,0,0,0,0,0,1,0,0,1,0,0,0,1,0,0,0,0,0,1,0,0,0,1,0,0,0,0,0,180853.203125,175000.0
2468,1,4,6,3,0.0,1.0,4,1,0,4,1,18,0,0,0,1,1,0,1,0,0,0,0,0,0,0,0,1,0,0,1,1,0,0,1,0,0,0,0,0,1,0,0,0,1,0,0,0,0,0,707784.8125,700000.0
2244,0,3,3,1,0.0,2.0,4,1,0,1,1,7,0,0,0,1,1,0,1,0,0,0,0,0,0,0,0,1,1,0,1,0,1,0,0,0,0,0,0,0,1,0,0,0,1,0,0,0,0,0,783.1346435546875,975.0
2223,0,3,1,1,0.0,3.0,2,1,0,1,0,6,1,0,0,0,0,0,1,0,0,0,0,0,0,0,0,1,0,1,1,0,0,0,1,0,0,0,0,0,1,0,0,0,1,0,0,0,0,0,720.4197998046875,675.0
2209,1,6,3,1,0.0,1.0,4,1,0,1,1,7,0,0,0,1,1,0,0,0,0,0,0,0,0,0,0,0,0,1,1,0,1,0,0,0,0,0,0,0,1,0,0,0,1,0,0,0,0,0,291648.28125,290000.0
3121,0,3,0,1,0.0,2.0,2,1,1,1,1,4,0,0,0,0,0,0,0,1,0,0,0,0,1,0,1,0,0,0,1,0,0,0,1,0,0,0,0,0,1,0,0,0,0,1,0,0,0,0,413.5409240722656,460.0
3202,0,3,0,1,0.0,2.0,2,1,0,1,1,2,0,0,0,0,0,0,1,0,0,0,1,0,0,0,0,0,0,0,0,0,0,0,1,0,0,0,0,0,1,0,0,0,1,0,0,0,0,0,491.6776428222656,625.0
3219,1,4,2,1,0.0,1.0,3,1,0,0,2,7,0,0,0,1,1,0,1,0,0,0,0,0,0,0,1,0,0,1,1,0,0,0,1,0,0,0,0,0,1,0,0,0,1,0,0,0,0,0,278957.96875,280000.0
3207,1,7,0,1,0.0,1.0,3,1,1,1,1,6,0,0,0,0,0,0,0,1,0,0,0,0,0,0,1,1,0,0,1,0,0,0,1,0,0,0,0,0,1,0,0,0,1,0,0,0,0,0,159536.703125,160000.0
3214,1,4,1,3,0.0,1.0,3,1,0,2,1,4,0,0,0,1,0,0,1,0,0,0,0,0,1,0,1,0,0,0,1,0,0,0,1,0,0,0,0,0,1,0,0,0,1,0,0,0,0,0,160636.203125,160000.0
3180,1,2,4,1,0.0,2.0,4,1,1,2,1,8,0,0,0,1,1,0,1,0,0,0,0,0,0,0,1,0,0,1,1,0,0,0,1,0,0,0,0,0,1,0,0,0,1,0,0,0,0,0,325899.25,325000.0
3099,1,4,1,1,0.0,4.0,3,1,1,1,1,4,0,0,0,1,0,0,1,0,0,0,0,0,0,0,1,0,0,1,1,0,0,0,1,0,0,0,0,0,1,0,0,0,1,0,0,0,0,0,239458.140625,195000.0
3145,1,7,1,1,0.0,4.0,3,1,0,2,0,7,0,0,0,1,1,0,1,0,0,0,0,0,0,0,1,0,0,1,1,0,1,0,1,0,0,0,0,0,1,0,0,0,1,0,0,0,0,0,210895.65625,210000.0
3147,1,4,3,1,0.0,2.0,4,1,1,2,1,9,0,0,0,1,1,0,1,0,0,0,0,0,0,0,1,0,0,1,1,0,1,0,1,0,0,0,0,0,1,0,0,0,1,0,0,0,0,0,404906.5625,400000.0
3242,1,4,2,1,0.0,3.0,3,1,0,2,1,6,0,0,0,1,1,0,1,0,0,0,0,0,0,0,1,0,0,1,1,0,0,0,1,0,0,0,0,0,1,0,0,0,0,0,1,0,0,0,235771.296875,240000.0
3215,1,4,4,1,0.0,2.0,4,1,1,2,1,6,0,0,0,1,1,0,1,0,0,0,0,0,0,0,1,0,1,0,1,0,0,0,1,0,0,0,0,0,1,0,0,0,1,0,0,0,0,0,271590.6875,270000.0
3231,1,4,4,1,0.0,5.0,4,1,0,1,1,10,0,0,0,1,1,0,1,0,0,0,0,0,0,0,1,0,1,0,1,0,0,0,1,0,0,0,0,0,1,0,0,0,1,0,0,0,0,0,607925.5625,290000.0
3268,1,4,4,1,0.0,2.0,3,1,2,2,1,9,0,0,0,1,1,0,1,0,0,0,0,0,0,0,0,1,1,0,1,0,0,0,1,0,0,0,0,0,1,0,0,0,0,0,1,0,0,0,395363.3125,400000.0
3167,1,7,0,1,0.0,1.0,3,1,1,1,1,7,0,0,0,1,1,0,1,0,0,0,0,0,0,0,1,1,0,1,0,0,0,0,1,0,0,0,0,0,1,0,0,0,1,0,0,0,0,0,199654.515625,200000.0
3247,1,2,3,1,0.0,1.0,3,1,0,2,1,6,0,0,0,1,1,0,1,0,0,0,0,0,0,0,1,1,0,0,1,0,0,0,1,0,0,0,0,0,1,0,0,0,1,0,0,0,0,0,268110.25,270000.0
3148,1,7,2,1,0.0,1.0,3,1,0,1,1,9,0,0,0,1,1,0,1,0,0,0,0,0,0,0,1,1,0,0,1,0,1,0,1,0,0,0,0,0,1,0,0,0,1,0,0,0,0,0,220811.3125,220000.0
3243,1,2,1,3,0.0,1.0,3,1,1,1,0,6,0,0,0,1,0,0,1,0,0,0,0,0,0,0,1,0,0,1,1,0,0,0,1,0,0,0,0,0,1,0,0,0,0,1,0,0,0,0,208692.703125,210000.0
3250,1,2,5,1,0.0,1.0,5,1,0,2,1,10,0,0,0,1,1,0,1,0,0,0,0,0,0,0,0,0,1,0,1,0,0,0,1,0,0,0,0,0,1,0,0,0,1,0,0,0,0,0,554516.75,550000.0
3231,1,4,2,1,0.0,3.0,3,1,0,1,0,6,0,0,0,1,0,0,1,0,0,0,0,0,0,0,1,0,0,1,1,0,0,0,1,0,0,0,0,0,1,0,0,0,1,0,0,0,0,0,182537.125,180000.0
3281,0,3,5,1,0.0,1.0,5,1,1,3,1,9,0,0,0,1,1,0,1,0,0,0,0,0,1,0,1,0,0,1,0,0,0,0,1,0,0,0,0,0,1,0,0,0,1,0,0,0,0,0,1550.1151123046875,1250.0
3187,1,2,0,1,0.0,4.0,2,1,0,1,1,4,0,0,0,1,0,0,1,0,0,0,0,0,0,0,1,0,0,1,1,0,0,0,1,0,0,0,0,0,1,0,0,0,1,0,0,0,0,0,154006.046875,155000.0
3102,1,4,3,1,0.0,2.0,2,1,1,0,1,9,0,0,0,0,1,0,0,0,0,0,0,0,0,0,1,0,0,0,1,1,0,0,1,0,0,0,0,0,1,0,0,0,1,0,0,0,0,0,294714.4375,300000.0
3176,1,7,3,1,0.0,4.0,5,1,1,2,1,8,0,0,0,1,1,0,1,0,0,0,0,0,0,0,0,0,0,1,1,1,0,0,1,0,0,0,0,0,1,0,0,0,1,0,0,1,0,0,349087.78125,340000.0
3232,1,4,2,1,0.0,1.0,3,1,1,1,1,3,0,0,0,1,1,0,1,0,0,0,0,0,1,0,0,1,0,0,0,0,0,0,0,0,0,0,0,0,1,0,0,0,1,0,0,0,0,0,176714.796875,180000.0
3211,1,4,2,1,0.0,1.0,3,1,0,2,1,7,0,0,0,1,1,0,1,0,0,0,0,0,0,0,1,0,0,1,1,0,0,0,1,0,0,0,0,0,1,0,0,0,1,0,0,0,0,0,207842.015625,200000.0
3233,1,4,0,1,0.0,1.0,2,1,1,1,0,3,0,0,0,0,0,0,0,0,0,0,0,0,1,0,0,0,1,1,0,0,0,0,0,0,0,0,0,0,1,0,0,0,1,0,0,0,0,0,150160.6875,150000.0
3171,1,4,1,1,0.0,1.0,3,1,0,1,1,4,0,0,0,0,0,0,0,1,0,0,0,0,0,0,1,0,0,1,0,1,0,0,1,0,0,0,0,0,1,0,0,0,1,0,0,0,0,0,177320.6875,175000.0
3100,1,4,2,1,0.0,1.0,3,1,0,1,1,7,0,0,0,1,1,0,1,0,0,0,0,0,0,0,0,0,0,1,1,1,0,0,1,0,0,0,0,0,1,0,0,0,1,0,0,0,0,0,247131.203125,240000.0
3144,1,4,2,1,0.0,3.0,3,1,1,1,0,4,0,0,0,1,1,0,1,0,0,0,0,0,0,0,0,0,0,1,1,1,0,0,0,0,0,0,0,0,1,0,0,0,1,0,0,0,0,0,253413.140625,250000.0
3184,1,7,1,1,0.0,2.0,4,1,1,1,1,5,0,0,0,1,0,0,1,0,0,0,0,0,0,0,1,0,0,1,1,0,0,0,1,0,0,0,0,0,1,0,0,0,1,0,0,0,0,0,199953.203125,200000.0
3228,1,7,1,1,0.0,0.0,4,1,1,1,0,9,0,0,0,1,1,0,1,0,0,0,0,0,0,0,1,0,0,1,1,0,0,0,1,0,0,0,0,1,0,0,0,0,0,0,1,0,0,0,397381.4375,400000.0
3196,1,4,4,1,1.0,1.0,4,1,0,2,1,7,0,0,0,1,1,0,1,0,0,0,0,0,0,0,1,0,1,0,1,0,0,0,1,0,0,0,0,0,1,0,0,0,1,0,0,0,0,0,277872.96875,280000.0
3227,1,6,0,1,0.0,1.0,3,1,0,1,1,4,0,0,0,1,0,0,1,0,0,0,0,0,0,0,0,0,0,0,1,0,0,0,0,0,0,0,0,0,1,0,0,0,1,0,0,0,0,0,149226.78125,150000.0
3215,1,4,3,1,0.0,1.0,4,1,1,1,1,4,0,0,0,1,1,0,1,0,0,0,0,0,1,0,1,0,0,0,1,0,0,0,1,0,0,0,0,0,1,0,0,0,1,0,0,0,0,0,271484.625,270000.0
3140,1,4,0,1,0.0,2.0,2,1,1,2,1,5,0,0,0,0,0,0,0,1,0,0,0,0,0,0,1,0,0,1,1,0,0,0,1,0,0,0,0,0,1,0,0,0,1,0,0,0,0,0,159959.984375,160000.0
3231,1,2,1,1,0.0,0.0,3,1,0,1,0,4,0,0,0,1,1,0,0,0,0,0,0,0,1,0,1,0,0,0,1,0,0,0,0,0,0,0,0,0,1,0,0,0,1,0,0,0,0,0,182225.609375,180000.0
3270,1,4,1,1,0.0,2.0,3,1,1,2,1,6,0,0,0,1,0,0,1,0,0,0,0,0,0,0,1,0,0,1,1,0,0,0,1,0,0,0,0,0,0,0,1,0,0,0,0,0,0,0,236007.921875,240000.0
2581,1,6,3,1,0.0,5.0,5,1,2,3,1,2,0,0,0,1,1,0,0,0,0,0,0,0,1,1,0,1,0,0,0,0,0,0,0,0,0,0,0,0,1,0,0,0,1,0,0,0,0,0,446481.03125,450000.0
2579,1,6,2,1,0.0,3.0,4,1,1,1,1,1,0,0,0,1,1,0,0,0,0,0,0,0,1,0,0,1,1,0,0,0,0,0,0,0,0,0,0,0,1,0,0,0,1,0,0,0,0,0,309745.75,315000.0
2580,1,6,2,1,0.0,1.0,4,1,1,1,2,2,0,0,0,1,1,0,0,0,0,0,0,0,1,0,0,1,0,0,0,0,0,0,0,0,0,0,0,0,0,0,0,0,1,0,0,0,0,0,420382.125,425000.0
3498,1,6,1,1,0.0,0.0,2,1,1,0,1,7,0,0,0,1,1,0,1,0,0,0,0,0,1,0,1,0,0,0,1,0,0,0,1,0,0,0,0,0,1,0,0,1,1,0,0,0,0,0,177504.078125,180000.0
3699,1,2,2,3,0.0,1.0,1,1,1,0,0,1,0,0,0,1,0,0,1,0,0,1,0,0,1,0,1,0,0,1,0,0,0,0,0,0,0,0,0,0,1,0,0,1,1,0,0,0,0,0,217826.609375,220000.0
3690,1,2,3,1,0.0,1.0,3,1,0,0,1,3,1,0,0,1,1,0,0,0,0,0,0,0,1,0,0,0,1,1,0,0,0,0,0,0,0,0,0,1,1,0,0,0,1,0,0,0,0,0,356304.125,350000.0
3691,1,2,2,1,0.0,2.0,3,1,0,0,1,1,0,0,0,1,1,0,1,0,0,0,0,0,1,0,1,0,0,1,0,0,0,0,0,0,0,0,0,1,1,0,0,0,1,0,0,0,0,0,283963.5,285000.0
3659,1,2,4,1,0.0,1.0,5,1,0,0,0,2,0,0,0,1,1,0,1,0,0,0,0,0,1,0,1,0,0,1,0,0,0,0,0,0,0,0,0,0,1,0,0,1,1,0,0,0,0,0,447972.25,450000.0
3691,1,2,2,1,0.0,0.0,3,1,1,0,1,0,1,0,0,0,1,0,0,0,0,1,0,0,1,0,0,1,0,1,0,0,0,0,0,0,0,0,0,1,1,0,0,0,1,0,0,0,0,0,298471.90625,300000.0
3681,1,2,4,3,0.0,2.0,3,1,1,0,0,1,0,0,0,1,0,0,1,0,0,1,0,0,1,0,0,0,0,1,1,0,1,0,0,0,0,0,0,0,1,0,0,1,1,0,0,0,0,0,440937.53125,440000.0
3661,1,2,2,1,0.0,4.0,3,1,1,0,1,0,0,0,0,0,0,0,0,1,0,0,0,0,1,0,1,1,0,0,0,0,0,0,0,0,0,0,0,0,1,0,0,1,1,0,0,0,0,0,275821.5625,275000.0
3716,1,2,4,1,0.0,1.0,4,1,1,0,1,2,0,0,0,1,1,0,1,0,0,0,0,0,0,0,1,0,1,0,1,0,0,0,0,0,0,0,0,0,1,0,0,1,1,0,0,0,0,0,500308.5625,500000.0
3660,1,2,1,1,0.0,1.0,2,0,0,0,0,1,0,0,0,1,0,0,1,0,0,1,0,0,1,0,1,0,0,1,0,0,0,0,0,0,0,0,0,0,1,0,0,1,1,0,0,0,0,0,204253.828125,200000.0
3692,1,2,2,1,0.0,2.0,2,1,0,0,0,1,0,0,0,1,0,0,1,0,0,1,0,0,1,0,1,0,0,1,0,0,0,0,0,0,0,0,0,0,1,0,0,1,1,0,0,0,0,0,248717.46875,250000.0
3679,1,2,3,1,0.0,1.0,4,1,0,0,1,0,1,0,0,0,0,0,0,0,0,1,0,1,1,0,1,0,1,0,0,0,0,0,0,0,0,0,0,0,1,0,0,1,1,0,0,0,0,0,333757.875,330000.0
3721,1,2,1,3,0.0,2.0,3,1,0,0,1,3,0,0,0,1,0,0,1,0,0,1,0,0,1,0,1,0,0,1,0,0,0,0,0,0,0,0,0,0,1,0,0,1,1,0,0,0,0,0,328944.6875,330000.0
3708,1,2,3,3,0.0,3.0,4,1,0,0,1,3,0,0,0,1,0,0,1,0,0,1,0,0,1,0,1,0,0,1,0,0,0,0,0,0,0,0,0,0,1,0,0,0,1,0,0,0,0,1,360630.875,365000.0
3697,1,2,3,1,0.0,1.0,3,1,0,0,1,2,0,0,0,1,1,0,1,0,0,0,0,0,1,0,0,1,0,1,0,0,0,0,0,0,0,0,0,0,1,0,0,1,1,0,0,0,0,0,351810.375,350000.0
3680,1,2,4,3,0.0,3.0,4,1,1,0,1,1,0,0,0,1,1,0,1,0,0,0,0,0,1,0,1,0,0,1,0,0,0,0,0,0,0,0,0,0,1,0,0,1,1,0,0,0,0,0,443753.875,450000.0
3748,1,2,4,1,0.0,0.0,3,1,1,0,2,3,0,0,0,1,1,1,0,0,0,0,0,0,1,0,0,1,0,1,0,0,0,0,0,0,0,0,0,0,1,0,0,0,0,0,1,0,0,0,559892.75,570000.0
3709,1,2,3,1,0.0,1.0,3,1,0,0,1,1,0,0,0,1,1,0,1,0,0,0,0,0,1,0,1,1,0,0,0,0,1,0,0,0,0,0,0,0,1,0,0,1,1,0,0,0,0,0,361110.3125,360000.0
3702,1,2,2,3,0.0,2.0,2,1,0,0,1,1,0,0,0,1,1,0,1,0,0,0,0,0,1,0,1,0,0,0,1,0,0,0,0,0,0,0,0,0,1,0,0,1,1,0,0,0,0,0,267527.1875,235000.0
3675,1,2,3,1,0.0,2.0,3,1,1,1,1,4,0,0,0,1,1,0,1,0,0,0,0,0,1,0,0,1,0,1,0,0,1,0,0,0,0,0,0,0,1,0,0,0,0,0,1,0,0,1,604588.375,600000.0
3705,1,2,2,1,0.0,2.0,2,1,0,0,1,3,0,0,0,1,1,0,1,0,0,0,0,0,1,0,1,0,0,1,0,0,1,0,0,0,1,0,0,0,1,0,0,1,1,0,0,0,0,0,301055.5625,300000.0
3726,1,2,5,1,0.0,1.0,5,1,1,0,1,4,0,0,0,1,1,0,1,0,0,0,0,0,1,0,1,0,0,1,0,0,0,0,0,0,0,0,0,0,1,0,0,1,1,0,0,0,0,0,567917.3125,570000.0
3710,1,2,4,1,0.0,4.0,4,1,1,0,1,2,0,0,0,1,1,0,1,0,0,0,0,0,1,0,1,0,1,0,0,0,0,0,0,0,0,0,0,0,1,0,0,1,1,0,0,0,0,0,379593.125,380000.0
3676,1,2,3,3,0.0,3.0,3,1,1,0,0,2,0,0,0,1,1,0,1,0,0,0,0,0,1,0,1,0,0,1,0,0,0,0,0,0,0,0,0,0,1,0,0,1,1,0,0,0,0,0,334102.5625,335000.0
4272,1,2,3,1,0.0,1.0,2,1,0,0,0,3,0,0,0,1,0,0,1,0,0,0,0,0,1,0,0,0,1,1,0,0,0,0,0,0,0,0,0,0,1,0,0,0,0,0,0,0,0,1,319213.5,310000.0
657,1,2,4,1,0.0,1.0,2,1,1,1,0,3,0,0,0,1,1,0,1,0,0,0,0,0,1,0,0,0,0,1,1,0,1,0,0,0,0,0,0,1,1,0,0,0,1,0,0,0,0,0,447439.28125,450000.0
668,1,2,3,1,0.0,5.0,3,1,0,1,1,2,0,0,0,1,0,0,1,0,0,1,0,0,1,0,0,0,0,1,1,0,0,0,1,0,0,0,0,0,1,0,0,0,0,0,0,0,0,0,348177.25,350000.0
3307,0,3,0,1,0.0,4.0,3,1,0,1,0,6,0,0,0,1,0,0,0,0,0,0,0,0,1,0,1,0,0,0,0,0,0,0,0,0,0,0,0,0,1,0,0,0,1,0,0,0,0,0,709.8748779296875,700.0
2157,1,4,2,1,0.0,1.0,3,1,1,1,2,2,0,0,0,0,0,0,0,0,0,0,0,0,1,0,0,0,0,0,0,0,0,0,1,0,0,0,0,1,1,0,0,0,0,0,0,0,0,0,236094.484375,235000.0
2165,0,3,3,1,0.0,10.0,3,1,1,2,1,3,0,0,0,1,1,0,0,0,0,0,0,0,1,0,0,0,0,0,0,0,0,0,1,0,0,0,0,1,1,0,0,0,0,0,0,0,0,0,1089.1776123046875,950.0
2154,1,4,1,1,0.0,1.0,3,1,1,1,1,4,0,0,0,1,1,0,0,0,0,0,0,0,1,0,0,1,0,0,0,0,0,0,1,0,0,0,0,0,1,0,0,0,1,0,0,0,0,0,170373.703125,170000.0
2191,1,2,0,4,0.0,1.0,3,1,1,1,0,2,0,0,0,0,0,0,0,0,1,0,0,1,0,0,0,0,0,0,0,0,0,0,1,0,0,0,0,0,0,0,1,0,0,0,0,0,0,0,123552.6640625,120000.0
1539,0,3,0,1,0.0,2.0,2,1,0,1,1,5,0,0,0,0,0,0,0,1,0,0,0,0,0,0,0,1,0,0,1,0,1,0,0,0,0,0,0,0,1,0,0,0,1,0,0,0,0,0,648.9979248046875,550.0
1677,1,6,3,1,0.0,3.0,5,1,0,1,0,13,0,0,0,1,1,0,1,0,0,0,0,0,0,0,0,1,0,0,1,0,1,0,0,0,0,0,0,0,1,0,0,0,1,0,0,0,0,0,333537.125,350000.0
5402,1,7,5,1,5.0,3.0,4,1,0,1,1,11,0,0,0,1,1,0,1,0,0,0,0,0,0,0,0,1,0,0,1,0,1,0,0,0,0,0,0,0,1,0,0,0,0,0,1,0,0,0,457398.375,450000.0
1666,0,3,1,1,0.0,1.0,3,1,0,1,1,5,0,0,0,0,1,0,1,0,0,0,0,0,0,0,0,1,0,0,1,0,1,0,0,0,0,0,0,0,1,0,0,0,1,0,0,0,0,0,623.5252685546875,700.0
1568,0,3,0,1,0.0,1.0,2,1,0,1,1,4,0,0,0,0,0,0,0,1,0,0,0,0,0,0,0,1,0,0,1,0,1,0,0,0,0,0,0,0,1,0,0,0,1,0,0,0,0,0,641.2088623046875,600.0
1645,0,3,2,1,0.0,2.0,3,1,0,1,0,9,0,0,0,1,0,0,1,0,0,0,0,0,1,0,0,1,0,0,0,0,1,0,0,0,0,0,0,0,1,0,0,0,1,0,0,0,0,0,865.2811279296875,700.0
1579,1,2,2,1,0.0,5.0,2,1,0,1,1,5,0,0,0,1,0,0,1,0,0,0,0,0,0,0,0,1,0,0,1,0,1,0,0,0,0,0,0,0,1,0,0,0,1,0,0,0,0,0,242792.265625,240000.0
1544,1,2,1,1,0.0,2.0,2,1,1,0,0,3,1,0,0,0,0,0,1,0,0,0,0,0,0,0,0,0,0,0,0,0,0,0,1,0,0,0,0,0,1,0,1,0,0,0,0,0,0,0,139566.125,140000.0
1563,1,2,2,1,0.0,3.0,3,1,0,1,1,6,1,0,0,0,0,0,1,0,0,0,0,0,0,0,0,1,0,0,1,0,1,0,0,0,0,0,0,0,1,0,0,0,1,0,0,0,0,0,201551.921875,200000.0
1615,1,2,2,1,0.0,2.0,2,1,0,0,0,6,0,0,0,0,0,0,0,1,0,0,0,0,0,0,0,0,0,1,1,0,1,0,0,0,0,0,0,0,1,0,0,0,1,0,0,0,0,0,229008.546875,225000.0
1586,1,2,1,1,0.0,2.0,3,1,0,1,1,8,0,0,0,1,1,0,1,0,0,0,0,0,0,0,0,1,0,0,1,0,1,0,0,0,0,0,0,0,1,0,0,0,1,0,0,0,0,0,221996.921875,225000.0
1599,1,2,2,4,0.0,7.0,3,1,0,1,1,9,0,0,0,0,0,0,0,0,0,0,0,0,0,0,0,1,0,0,1,0,1,0,0,0,0,0,0,0,1,0,0,0,1,0,0,0,0,0,197732.328125,195000.0
1661,1,6,1,1,0.0,3.0,2,1,1,1,0,2,1,0,0,0,0,0,1,0,0,0,0,0,0,0,0,0,0,0,0,0,1,0,0,0,0,0,0,0,1,0,0,0,1,0,0,0,0,0,187728.796875,150000.0
1560,1,2,0,1,7.0,2.0,3,1,0,1,1,5,0,0,0,0,0,0,0,1,0,0,0,0,1,0,0,0,0,0,0,0,1,0,0,0,0,0,0,0,1,0,0,0,1,0,0,0,0,0,156260.828125,160000.0
1671,1,2,2,1,0.0,3.0,3,1,0,0,1,8,0,0,0,1,1,0,1,0,0,0,0,0,0,0,0,1,0,0,1,0,1,0,0,0,0,0,0,0,1,0,0,0,1,0,0,0,0,0,186523.34375,190000.0
1613,1,2,5,1,4.0,4.0,4,1,1,1,1,16,0,0,0,1,1,0,1,0,0,0,0,0,0,0,0,1,0,0,1,0,1,0,0,0,0,0,0,0,1,0,0,0,1,0,0,0,0,0,542131.25,540000.0
1641,1,2,3,1,0.0,1.0,4,1,0,1,1,13,0,0,0,1,1,0,1,0,0,0,0,0,0,0,0,1,0,0,1,0,1,0,0,0,0,0,0,0,1,0,0,0,1,0,0,0,0,0,317779.0,320000.0
1594,1,2,2,1,0.0,1.0,2,1,0,1,1,1,0,0,0,0,0,0,0,1,0,0,0,0,0,0,0,0,0,0,0,0,0,0,1,0,0,0,0,0,1,0,0,0,1,0,0,0,0,0,129256.53125,125000.0
1722,1,2,2,1,0.0,1.0,2,1,0,0,1,5,0,0,0,1,1,0,1,0,0,0,0,0,0,0,0,1,0,0,1,0,1,0,0,0,0,0,0,0,1,0,0,0,1,0,0,0,0,0,150242.015625,150000.0
1833,1,2,2,1,0.0,1.0,3,1,0,1,1,11,0,0,0,1,1,0,1,0,0,0,0,0,0,0,0,1,0,0,1,0,1,0,0,0,0,0,0,0,1,0,0,0,1,0,0,0,0,0,157142.109375,155000.0
1601,1,2,5,1,0.0,1.0,4,1,1,2,1,10,0,0,0,1,1,0,1,0,0,0,0,0,0,0,0,1,0,0,1,0,1,0,0,0,0,0,0,0,1,0,0,0,1,0,0,0,0,0,450664.625,450000.0
5305,0,3,2,1,0.0,5.0,3,1,1,1,1,0,0,0,0,1,0,0,0,0,0,0,0,0,0,0,1,0,0,0,0,0,0,0,0,0,0,0,0,0,0,0,0,0,1,0,0,0,0,0,890.5672607421875,795.0
3900,0,3,3,1,0.0,0.0,4,1,1,2,1,7,0,0,0,1,1,0,0,0,0,1,0,0,0,0,0,1,0,1,1,0,0,0,0,0,0,0,0,0,1,0,0,0,1,0,0,0,0,0,0.0,810.0
3908,1,7,1,1,0.0,0.0,2,1,0,1,1,4,0,0,0,1,0,0,0,0,0,0,0,0,0,0,1,0,0,0,1,1,0,0,0,0,0,0,0,0,1,0,0,0,1,0,0,0,0,0,143250.390625,145000.0
3908,0,3,1,1,0.0,2.0,2,1,0,1,1,4,0,0,0,1,0,0,0,0,0,0,0,0,0,0,1,0,0,0,1,1,0,0,0,0,0,0,0,0,1,0,0,0,1,0,0,0,0,0,587.8143310546875,625.0
3041,0,3,5,1,0.0,1.0,4,1,2,0,1,3,0,0,0,1,1,0,1,0,0,0,0,0,0,0,0,0,1,1,1,0,0,0,0,0,0,0,0,0,1,0,0,0,1,0,0,0,0,0,1807.0408935546875,2000.0
1004,0,3,3,1,0.0,1.0,3,1,0,1,1,4,0,0,0,0,1,0,1,1,0,0,0,0,0,0,0,0,0,0,0,0,0,0,0,0,0,0,0,0,1,0,0,0,1,0,0,0,0,0,985.4705810546875,1600.0
4228,1,6,3,1,0.0,1.0,3,1,1,1,1,4,1,0,0,0,0,0,1,0,0,0,0,0,1,0,1,0,0,0,1,0,0,0,0,0,0,0,0,0,1,0,0,0,1,0,0,0,0,0,279394.53125,280000.0
4237,1,6,3,1,1.0,7.0,3,1,1,1,1,2,1,0,0,1,0,0,1,0,0,0,0,0,1,0,1,0,0,0,1,0,0,0,0,0,0,0,0,0,1,0,1,0,1,0,0,0,0,0,222691.765625,230000.0
4215,1,6,2,1,0.0,5.0,2,1,1,1,0,2,1,0,0,0,0,0,1,0,0,0,0,0,1,0,0,0,1,0,1,0,0,0,0,0,0,0,0,0,1,0,1,0,1,0,0,0,0,0,197336.4375,200000.0
4229,1,6,3,1,0.0,1.0,3,1,1,1,0,3,0,0,0,1,1,0,1,0,0,0,0,0,1,0,1,0,0,0,1,0,0,0,0,0,0,0,0,0,1,0,1,0,1,0,0,0,0,0,219435.3125,225000.0
4241,1,0,1,1,0.0,2.0,1,1,1,1,1,2,1,0,0,0,0,0,1,0,0,0,0,0,0,0,0,0,0,0,0,0,0,0,0,0,0,0,0,0,1,0,1,0,1,0,0,0,0,0,136378.765625,138000.0
4232,1,7,4,1,0.0,0.0,4,1,1,1,1,4,0,0,0,0,1,0,1,0,0,0,0,0,1,0,1,0,0,0,1,0,0,0,0,0,0,0,0,0,1,0,0,1,1,0,0,0,0,0,280586.53125,280000.0
4217,1,4,4,1,0.0,0.0,4,1,1,1,1,4,0,0,0,1,1,0,1,0,0,0,0,0,1,0,1,0,1,0,0,0,0,0,0,0,0,0,0,0,1,0,0,0,1,0,0,0,0,0,341089.0,345000.0
4240,1,6,1,1,0.0,0.0,1,1,1,1,0,2,1,0,0,0,0,0,1,0,0,0,0,0,0,1,0,0,0,0,0,0,1,0,0,0,0,0,0,0,1,0,0,0,1,0,0,0,0,0,136145.671875,140000.0
4235,1,6,3,1,0.0,3.0,3,1,1,1,1,5,0,0,0,1,1,0,1,0,0,0,0,0,1,0,1,0,0,0,1,0,0,0,0,0,0,0,0,0,1,0,0,0,1,0,0,0,0,0,225665.109375,235000.0
4222,1,6,3,1,0.0,2.0,3,1,1,0,1,5,0,0,0,1,1,0,1,0,0,0,0,0,1,0,1,0,0,0,1,0,0,0,0,0,0,0,0,0,1,0,0,0,1,0,0,0,0,0,226453.28125,230000.0
4221,1,4,2,1,0.0,1.0,2,1,1,1,1,2,1,0,0,0,0,0,1,0,0,0,0,0,0,0,0,0,0,0,0,0,1,0,0,0,0,0,0,0,0,0,1,0,0,0,0,0,0,0,134762.65625,135000.0
4230,1,6,3,1,0.0,8.0,3,1,1,1,1,5,0,0,0,1,1,0,1,0,0,0,0,0,1,0,1,0,0,0,1,0,0,0,0,0,0,0,0,0,1,0,0,0,1,0,0,0,0,0,242160.1875,240000.0
4236,1,6,3,1,0.0,1.0,3,1,1,1,1,6,0,0,0,1,1,0,1,0,0,0,0,0,1,0,1,0,0,0,1,0,0,0,0,0,0,0,0,0,1,0,0,0,1,0,0,0,0,0,221201.109375,220000.0
4231,1,6,4,1,15.0,7.0,5,1,1,1,2,5,0,0,0,1,1,0,1,0,0,0,0,0,1,0,1,0,0,0,1,0,0,0,0,0,0,0,0,0,1,0,0,0,1,0,0,0,0,0,279483.4375,275000.0
4229,1,4,4,1,0.0,6.0,5,1,1,1,1,6,0,0,0,1,1,0,1,0,0,0,0,0,1,0,1,0,0,0,1,0,0,0,0,0,0,0,0,0,1,0,0,1,0,0,0,0,0,0,297557.8125,295000.0
4233,1,4,4,1,0.0,4.0,6,1,1,1,1,6,0,0,0,0,1,0,1,0,0,0,0,0,1,0,1,0,0,0,1,0,0,0,0,0,0,0,0,0,1,0,0,0,1,0,0,0,0,0,355610.15625,350000.0
4326,1,7,1,1,0.0,1.0,2,1,1,1,1,3,1,0,0,0,1,0,1,0,0,0,0,0,0,0,0,0,0,0,0,1,0,0,0,0,0,0,0,0,1,0,0,1,1,0,0,0,0,0,342953.46875,340000.0
4290,1,2,1,1,0.0,0.0,5,1,0,1,0,1,0,1,0,0,0,0,1,0,1,0,0,0,0,0,0,0,0,0,0,0,0,0,0,0,0,1,0,0,1,0,1,0,0,0,0,0,0,0,322829.59375,320000.0
4362,1,7,2,1,0.0,0.0,2,1,0,1,0,2,1,0,0,0,0,1,1,0,0,0,0,0,0,0,0,0,0,0,0,0,0,1,0,0,0,1,0,0,1,0,1,0,0,0,0,0,0,0,182875.390625,185000.0
4393,1,2,4,1,0.0,0.0,5,1,1,1,1,6,1,0,0,1,0,0,1,0,0,0,0,0,1,0,0,0,0,1,1,0,0,0,0,0,0,0,0,0,1,0,0,1,1,0,0,0,0,0,583429.5,580000.0
4412,1,7,2,3,0.0,4.0,3,1,1,2,0,2,1,0,0,1,0,0,1,0,0,0,0,0,1,0,0,0,0,1,1,0,0,0,0,0,0,0,0,0,1,0,0,1,1,0,0,0,0,0,270706.875,270000.0
4349,1,7,2,1,0.0,0.0,2,1,1,1,0,2,1,0,0,0,0,1,1,0,0,0,0,0,0,0,0,0,0,0,0,0,0,0,1,0,0,1,0,0,1,0,1,0,0,0,0,0,0,0,180356.65625,182500.0
4318,1,7,0,1,0.0,2.0,2,1,1,1,1,4,0,0,0,0,0,0,0,1,0,0,0,0,1,1,0,0,0,0,1,0,0,0,0,0,0,0,0,0,1,0,0,1,1,0,0,0,0,0,182515.234375,180000.0
4357,1,7,2,1,0.0,3.0,2,1,1,0,1,6,1,0,0,1,0,0,1,0,0,0,0,0,1,0,0,0,0,1,1,0,0,0,0,0,0,0,0,0,0,0,0,0,0,0,0,0,0,0,270802.0,275000.0
2296,0,3,0,1,0.0,1.0,2,1,1,1,1,0,0,0,0,0,0,0,0,1,0,0,0,0,1,0,0,0,0,0,0,0,0,0,0,0,0,0,0,0,0,0,0,0,1,0,0,0,0,0,811.6190185546875,575.0
2338,0,3,0,3,0.0,1.0,1,1,1,1,1,1,0,0,0,0,0,0,0,1,0,0,0,0,0,0,0,0,0,0,0,0,0,0,0,0,0,0,0,0,0,0,1,0,0,0,0,0,0,0,224.88858032226562,325.0
2325,0,3,3,1,0.0,0.0,2,1,1,1,1,0,0,0,0,0,0,0,0,1,0,0,0,0,1,0,0,0,0,0,0,0,0,0,0,0,0,0,0,0,0,0,0,0,1,0,0,0,0,0,842.2283935546875,625.0
5355,0,3,1,1,0.0,1.0,2,1,0,1,1,2,1,0,0,0,0,0,1,0,0,1,0,0,0,1,0,0,0,0,0,0,0,0,1,0,0,0,0,0,0,1,1,0,0,0,0,0,0,0,964.4027099609375,795.0
5499,1,6,3,1,1.0,9.0,2,1,0,1,1,3,1,0,0,0,0,0,0,0,0,0,0,0,0,1,0,0,0,1,0,0,1,0,0,0,0,0,0,0,0,0,1,0,0,0,0,0,0,0,168238.953125,170000.0
5422,1,6,0,1,0.0,4.0,2,1,1,1,0,2,0,0,0,1,0,0,1,0,0,0,0,0,1,0,0,1,0,0,0,0,0,0,1,0,0,0,0,0,1,0,0,0,1,0,0,0,0,0,168990.890625,170000.0
5518,1,6,1,1,0.0,5.0,2,1,1,1,1,2,0,0,0,0,1,0,1,0,0,0,0,0,1,0,0,1,0,0,0,0,0,0,1,0,0,0,0,0,1,0,0,0,1,0,0,0,0,0,180903.921875,180000.0
5504,0,3,1,1,0.0,1.0,2,1,1,1,0,2,1,0,0,0,0,0,0,0,0,0,0,0,1,0,0,0,0,0,0,0,0,0,1,0,0,0,0,0,0,0,0,0,1,0,0,0,0,0,674.0584716796875,750.0
5483,1,6,2,1,10.0,7.0,3,1,0,0,0,2,0,0,0,0,0,0,0,1,0,0,0,0,0,0,0,0,1,0,0,0,0,0,1,0,0,0,0,1,0,0,0,1,0,0,0,0,0,0,196056.578125,200000.0
5414,1,6,1,1,0.0,6.0,3,1,1,1,1,2,0,0,0,1,0,0,1,0,0,0,0,0,1,0,0,0,0,1,0,0,0,0,1,0,0,0,0,1,0,0,0,0,1,0,0,0,0,0,238850.546875,235000.0
5371,0,3,1,1,0.0,0.0,2,1,1,1,1,1,0,0,0,0,0,0,0,1,0,0,0,0,0,0,0,0,1,0,0,0,0,0,1,0,0,0,0,1,0,0,0,0,1,0,0,0,0,0,336.8924865722656,875.0
5412,1,6,1,1,0.0,2.0,2,1,1,1,1,2,0,0,0,0,0,0,0,1,0,0,0,0,0,0,0,0,0,0,0,0,0,0,1,0,0,0,0,0,0,0,0,0,1,0,0,0,0,0,162026.765625,165000.0
5460,0,3,2,1,0.0,0.0,2,1,0,1,1,2,1,0,0,0,0,0,1,0,0,0,0,0,0,0,1,0,1,0,0,0,0,0,1,0,0,0,0,0,0,0,0,0,1,0,0,0,0,0,539.7713623046875,975.0
5392,1,6,2,4,0.0,5.0,3,1,1,1,1,1,0,0,0,1,0,0,0,0,0,0,0,0,1,0,0,1,0,0,0,0,0,0,1,0,0,0,0,0,1,0,0,0,1,0,0,0,0,0,219627.109375,215000.0
5508,1,6,1,1,0.0,1.0,2,1,0,1,1,2,0,0,0,1,0,0,1,0,0,0,0,0,1,0,0,0,0,1,1,0,0,0,1,0,0,0,0,1,0,0,0,1,0,0,0,0,0,0,183950.828125,182500.0
783,1,2,2,1,18.0,4.0,4,1,0,1,1,4,0,0,0,1,0,1,1,0,0,0,0,0,1,0,0,1,0,1,0,0,1,0,0,0,0,0,0,0,1,0,0,0,1,0,0,0,0,0,425528.59375,425000.0
1445,1,4,3,1,0.0,1.0,4,1,1,1,0,9,0,0,0,1,0,0,0,0,0,0,0,0,0,0,1,0,0,1,0,0,0,0,1,0,0,0,0,0,0,0,0,0,1,0,0,0,0,1,500075.0,500000.0
1458,0,3,3,1,0.0,5.0,5,1,1,3,1,8,0,0,0,1,1,0,0,0,0,0,0,0,1,0,1,0,0,0,0,0,0,0,1,0,0,0,0,0,1,0,0,0,1,0,0,0,0,0,1309.2869873046875,2000.0
1454,1,7,4,1,0.0,2.0,4,1,1,1,1,10,0,0,0,1,0,0,1,0,0,0,0,0,1,0,1,0,0,0,0,0,0,0,1,0,0,0,0,0,0,0,0,0,1,0,0,0,0,0,529074.25,530000.0
1446,0,3,2,1,0.0,1.0,2,1,1,1,1,0,1,0,0,0,0,0,0,0,0,0,0,0,0,1,0,0,0,0,0,0,1,0,0,0,0,0,0,0,0,0,0,0,0,1,0,0,0,0,1063.7908935546875,875.0
1444,0,3,3,1,0.0,1.0,3,1,1,2,1,4,0,0,0,1,0,0,1,0,0,0,0,0,1,0,0,0,0,0,0,0,0,0,1,0,0,0,0,0,0,0,0,0,1,0,0,0,0,0,1517.6033935546875,1600.0
1433,0,3,2,1,0.0,1.0,2,1,1,1,0,2,0,1,0,0,0,0,0,0,0,0,0,0,0,1,0,0,0,0,0,0,0,0,1,0,0,0,0,0,0,0,1,0,0,1,0,0,0,0,596.1649169921875,825.0
1432,0,3,2,1,0.0,1.0,2,1,1,1,0,3,1,0,0,0,0,0,0,0,0,0,0,0,0,1,0,0,0,0,0,0,0,0,1,0,0,0,0,0,1,0,0,0,0,0,0,0,0,0,1074.8924560546875,1025.0
1442,0,3,1,1,0.0,1.0,2,1,1,1,1,0,0,1,0,0,0,0,0,0,0,0,0,0,0,1,0,0,0,0,0,0,0,0,1,0,0,0,0,0,0,0,0,0,0,1,0,0,0,0,946.2713623046875,850.0
1471,0,3,5,1,0.0,1.0,4,1,3,1,1,10,0,0,0,1,1,0,0,0,0,0,0,0,0,0,1,0,0,1,0,0,0,0,1,0,0,0,0,0,0,0,0,0,0,0,0,0,0,1,2619.080078125,3000.0
1430,0,3,6,1,0.0,2.0,4,1,1,2,1,9,0,0,0,1,1,0,0,0,0,0,0,0,1,0,0,1,0,0,0,0,0,0,1,0,0,0,0,0,1,0,0,0,1,0,0,0,0,0,2328.751953125,2650.0
4174,1,2,4,2,0.0,1.0,2,1,1,2,0,3,0,0,0,1,1,0,0,0,0,0,0,0,0,0,0,1,0,0,1,0,0,0,1,0,0,0,0,0,0,0,0,0,1,0,0,0,0,0,446461.1875,450000.0
1429,0,3,2,1,0.0,8.0,2,1,1,1,1,3,1,1,0,0,0,0,0,0,0,0,0,0,0,0,0,0,0,0,0,0,0,0,1,0,0,0,0,0,0,0,0,0,1,0,0,0,0,0,992.6737060546875,1150.0
4177,1,4,5,1,0.0,0.0,4,1,1,1,1,8,0,0,0,1,1,0,0,0,0,0,0,0,0,0,0,1,0,0,1,0,0,0,1,0,0,0,0,0,0,0,0,0,1,0,0,0,0,0,696459.4375,700000.0
4176,1,2,4,1,0.0,2.0,5,1,1,1,1,9,0,0,0,1,1,0,0,0,0,0,0,0,1,0,1,0,0,0,0,0,0,0,1,0,0,0,0,0,1,0,0,0,1,0,0,0,0,0,753239.3125,750000.0
858,1,7,1,3,0.0,3.0,3,1,0,1,0,2,0,0,0,1,1,0,0,0,0,0,0,0,1,0,0,1,0,0,0,0,0,1,0,0,0,0,0,0,1,0,0,0,1,0,0,0,0,0,159825.703125,160000.0
5543,1,7,2,1,0.0,5.0,3,1,0,1,1,2,0,0,0,0,0,0,0,0,0,0,0,0,1,0,0,1,0,0,0,0,0,0,0,0,0,0,0,0,1,0,0,0,1,0,0,0,0,0,128514.5078125,130000.0
835,1,6,0,1,0.0,1.0,3,1,0,2,1,2,0,0,0,0,0,0,0,0,0,0,0,0,1,0,0,0,0,0,0,0,0,0,0,0,0,0,0,0,1,0,0,0,1,0,0,0,0,0,83465.7578125,80000.0
845,1,6,1,4,0.0,3.0,3,1,0,1,1,2,0,0,0,0,0,0,0,0,0,0,0,0,1,0,0,0,0,0,0,0,0,0,0,0,0,0,0,0,0,0,0,0,1,0,0,0,0,0,103397.9140625,100000.0
857,0,3,2,1,0.0,1.0,2,1,0,1,1,3,0,0,0,1,1,0,0,0,0,0,0,0,1,0,0,1,1,0,0,0,1,0,0,0,0,0,0,0,1,0,0,0,1,0,0,0,0,0,655.2537841796875,750.0
839,1,6,0,4,16.0,3.0,2,1,1,1,1,1,0,0,0,0,1,0,0,0,0,0,0,0,1,0,0,0,0,0,0,0,1,0,0,0,0,0,0,0,0,0,1,0,0,0,0,0,0,0,121928.765625,125000.0
836,1,7,0,1,0.0,1.0,2,1,0,1,1,2,0,0,0,0,0,0,0,0,0,0,0,0,0,0,1,0,0,0,0,0,0,0,0,0,0,0,0,0,0,0,0,0,1,0,0,0,0,0,77442.671875,80000.0
850,1,6,0,1,0.0,3.0,3,1,1,1,1,3,0,0,0,1,0,0,0,0,0,0,0,0,1,0,0,1,0,0,0,0,1,0,0,0,0,0,0,0,1,0,0,0,1,0,0,0,0,0,142540.03125,140000.0
947,1,6,1,1,28.0,5.0,3,1,1,1,1,1,0,0,0,1,1,0,0,0,0,0,0,0,1,0,0,1,0,0,0,0,1,0,0,0,0,0,0,0,1,0,0,0,1,0,0,0,0,0,122793.0859375,120000.0
1623,0,3,1,1,0.0,0.0,2,1,0,1,1,6,0,0,0,0,0,0,0,1,0,0,0,0,0,0,0,1,0,0,1,0,1,0,0,0,0,0,0,0,1,0,0,0,1,0,0,0,0,0,761.5565185546875,675.0
1621,1,2,2,1,0.0,1.0,3,1,0,1,0,6,0,0,0,0,0,0,1,0,0,1,0,0,0,0,0,0,0,0,1,0,1,0,0,0,0,0,0,0,1,0,0,0,1,0,0,0,0,0,219787.484375,215000.0
1526,1,7,5,1,0.0,0.0,5,1,0,1,1,13,0,0,0,1,1,0,1,0,0,0,0,0,0,0,0,1,0,0,1,0,1,0,0,0,0,0,0,0,1,0,0,0,1,0,0,0,0,0,359031.4375,350000.0
5184,1,4,4,1,0.0,1.0,3,1,1,1,1,1,0,0,0,0,0,0,0,1,0,0,0,0,1,0,0,0,0,0,0,0,0,0,1,0,0,0,0,0,1,0,0,0,0,0,0,0,0,0,507341.0625,500000.0
5188,0,3,3,1,0.0,1.0,2,1,1,1,0,0,1,0,0,0,0,0,0,0,0,0,0,0,0,0,0,0,0,0,0,0,0,0,0,0,0,0,0,0,0,0,1,0,0,0,0,0,0,0,1096.5916748046875,1000.0
2737,1,4,1,1,10.0,1.0,2,1,1,1,1,3,0,0,1,0,0,1,1,0,0,0,0,0,0,1,0,0,0,0,0,0,0,1,0,0,0,0,0,0,1,0,1,0,0,0,0,0,0,0,205013.203125,210000.0
2598,1,7,4,1,0.0,0.0,4,1,0,0,1,2,0,0,0,1,0,0,0,0,0,0,0,0,1,0,1,0,0,0,1,0,0,0,1,0,0,0,0,0,1,0,0,0,1,0,0,0,0,0,437691.84375,435000.0
2679,1,2,1,1,0.0,0.0,3,1,0,1,0,2,0,0,0,0,0,0,0,1,0,0,0,0,1,0,1,1,0,0,0,0,1,0,0,0,0,0,0,0,1,0,0,0,1,0,0,0,0,0,252656.671875,265000.0
2692,1,0,3,1,0.0,2.0,4,1,0,1,1,4,0,0,0,1,0,0,1,0,0,0,0,0,1,0,1,0,0,1,0,0,0,0,1,0,0,0,0,0,1,0,0,0,1,0,0,0,0,0,460360.84375,460000.0
4522,1,4,2,1,22.0,5.0,4,1,1,1,0,0,1,0,0,0,0,0,0,0,0,0,0,0,1,0,0,0,0,0,0,0,0,0,0,0,0,0,0,0,0,0,0,0,1,0,0,0,0,0,203263.96875,200000.0
4518,1,7,2,1,1.0,5.0,2,1,1,1,1,2,1,0,0,0,0,0,0,0,0,0,0,0,0,0,0,0,0,0,0,0,0,1,0,0,0,0,0,0,0,0,1,0,0,0,0,0,0,0,131396.625,135000.0
4570,1,7,2,1,0.0,1.0,3,1,1,1,1,3,0,0,0,1,0,0,1,0,0,0,0,0,1,0,0,0,0,0,0,0,0,0,0,0,0,0,0,0,0,0,0,1,1,0,0,0,0,0,192789.6875,185000.0
3929,1,7,2,1,0.0,0.0,3,1,1,1,0,5,0,0,0,1,0,0,1,0,0,0,0,0,1,0,1,0,0,0,0,0,0,0,0,0,0,0,0,1,1,0,0,0,0,0,0,0,0,0,242400.421875,190000.0
3782,1,7,1,3,0.0,5.0,3,1,0,0,1,6,0,0,0,1,0,1,1,0,0,0,0,0,1,0,0,1,0,0,0,0,0,0,0,0,0,0,0,0,0,0,0,0,1,0,0,0,0,0,248554.234375,140000.0
3788,1,7,1,1,0.0,6.0,2,1,0,1,0,6,0,0,0,1,0,1,1,0,0,0,0,0,0,0,1,0,0,1,1,0,0,0,0,0,0,0,0,0,1,0,0,0,1,0,0,0,0,0,261493.984375,145000.0
1318,1,6,2,1,0.0,2.0,3,1,0,1,0,1,0,0,0,0,0,0,1,0,0,0,0,0,0,0,0,0,1,0,0,0,0,0,0,0,0,0,0,0,0,0,0,1,0,0,0,0,0,0,179516.171875,235000.0
1249,1,7,2,1,0.0,1.0,3,1,0,1,1,1,0,0,0,0,0,0,0,1,0,0,0,0,0,0,0,1,1,0,0,0,0,0,0,0,0,0,0,0,0,0,0,0,1,0,0,0,0,0,164199.640625,160000.0
1246,1,6,0,1,0.0,1.0,3,1,0,1,0,2,0,0,0,0,0,0,0,1,0,0,0,0,0,1,0,0,0,0,0,0,0,0,0,0,0,0,0,1,0,0,0,1,0,0,0,0,0,0,95233.75,95000.0
1275,1,6,0,1,0.0,3.0,2,1,0,1,0,1,0,0,0,0,0,0,0,1,0,0,0,0,0,0,0,1,0,0,0,0,0,0,1,0,0,0,0,0,0,0,0,0,1,0,0,0,0,0,150250.75,150000.0
1321,1,6,4,1,0.0,3.0,4,1,0,2,1,5,0,0,0,1,1,0,0,0,0,0,0,0,1,0,1,1,0,0,0,0,0,0,0,0,0,0,0,1,0,0,0,0,1,0,0,0,0,0,355851.40625,350000.0
1221,1,7,3,1,0.0,2.0,3,1,1,2,1,3,0,0,0,0,0,0,1,0,0,0,0,0,1,0,0,0,0,1,1,0,1,0,0,0,0,0,0,0,0,0,1,0,0,0,0,0,0,0,471691.3125,475000.0
2671,1,2,2,1,0.0,1.0,2,1,1,1,0,0,1,0,0,0,0,0,0,0,0,0,0,0,0,0,0,0,0,0,0,0,0,0,0,0,0,0,0,0,0,0,0,0,1,0,0,0,0,0,189016.359375,187000.0
3646,1,6,2,1,0.0,2.0,2,1,0,1,1,2,1,0,0,0,0,0,0,0,0,0,0,0,1,0,0,0,0,0,0,0,0,0,0,0,0,0,0,0,0,0,0,0,1,0,0,0,0,0,306350.625,310000.0
3,1,6,2,1,0.0,0.0,2,1,1,1,1,0,0,1,0,0,0,0,1,0,0,0,0,0,0,0,0,0,0,0,0,0,0,0,1,0,0,0,0,0,1,0,1,0,0,0,0,0,0,0,86830.4921875,90000.0
27,0,3,0,1,0.0,2.0,1,1,1,1,0,2,0,1,0,0,0,0,1,0,0,0,0,0,0,0,0,0,0,0,0,0,0,0,1,0,0,0,0,0,1,0,0,0,1,0,0,0,0,0,533.1326904296875,450.0
3,0,3,2,1,0.0,1.0,2,1,1,1,1,0,0,1,0,0,0,0,1,0,0,0,0,0,0,0,0,0,0,0,0,0,0,0,1,0,0,0,0,0,1,0,1,0,0,0,0,0,0,0,745.0955810546875,500.0
19,0,3,5,1,0.0,4.0,2,1,2,1,1,2,0,0,0,1,1,0,0,0,0,0,0,0,1,0,0,1,0,0,0,0,0,0,1,0,0,0,0,0,1,0,0,0,1,0,0,0,0,0,301.0565490722656,1100.0
19,0,3,5,1,0.0,0.0,2,1,2,1,1,2,0,0,0,1,1,0,0,0,0,0,0,0,1,0,0,1,0,0,0,0,0,0,1,0,0,0,0,0,1,0,0,0,1,0,0,0,0,0,736.8143310546875,1050.0
3358,0,3,1,1,0.0,2.0,3,1,0,1,1,5,0,0,0,1,1,0,0,0,0,0,0,0,1,0,0,1,1,0,0,0,1,0,0,0,0,0,0,0,1,0,0,0,1,0,0,0,0,0,629.6619873046875,775.0
795,1,7,0,1,0.0,2.0,3,1,0,1,1,6,0,0,0,1,0,1,1,0,0,0,0,0,0,0,0,1,1,0,1,0,1,0,0,0,0,0,0,0,1,0,0,0,1,0,0,0,0,0,159047.078125,160000.0
3072,1,7,0,3,0.0,1.0,3,1,0,1,1,8,0,0,0,1,0,1,0,0,0,0,0,0,0,0,0,1,1,0,1,0,1,0,0,0,1,0,0,0,1,0,0,0,1,0,0,0,0,0,140816.640625,140000.0
3079,1,7,1,1,0.0,0.0,2,1,1,1,1,4,0,0,0,0,0,0,0,1,0,0,0,0,1,0,0,0,1,0,1,0,1,0,0,0,0,0,0,0,1,0,0,0,1,0,0,0,0,0,148305.8125,145950.0
790,0,3,0,1,0.0,1.0,2,1,0,1,0,3,0,0,0,0,0,0,1,1,0,0,0,0,1,0,0,0,0,0,0,0,1,0,0,0,0,0,0,0,1,0,0,0,1,0,0,0,0,0,755.9783935546875,575.0
801,1,7,1,1,0.0,0.0,2,1,0,1,0,5,0,0,0,1,1,0,0,0,0,0,0,0,1,0,0,1,0,0,0,0,1,0,0,0,0,0,0,0,0,0,0,0,1,0,0,0,0,0,172181.515625,170000.0
3355,1,7,0,1,0.0,1.0,3,1,0,1,1,2,0,0,0,0,0,0,0,1,0,0,0,0,1,0,0,0,1,0,1,0,1,0,0,0,0,0,0,0,0,0,0,0,1,0,0,0,0,0,149042.328125,150000.0
786,1,7,0,1,0.0,1.0,3,1,0,1,1,3,0,0,0,0,0,0,0,1,0,0,0,0,1,0,0,0,0,0,0,0,1,0,0,0,0,0,0,0,1,0,0,0,1,0,0,0,0,0,113839.2734375,115000.0
792,1,7,0,1,0.0,1.0,2,1,0,1,1,3,0,0,0,0,0,0,0,1,0,0,0,0,0,0,0,0,1,0,1,0,1,0,0,0,0,0,0,0,1,0,0,0,1,0,0,0,0,0,114265.9140625,110000.0
3086,1,7,1,1,0.0,0.0,4,1,0,2,1,6,0,0,0,1,0,0,1,0,0,0,0,0,1,0,0,1,0,1,0,0,1,0,0,0,0,0,0,0,1,0,0,0,1,0,0,0,0,0,255373.8125,255000.0
3071,1,7,0,1,0.0,1.0,3,1,0,1,1,6,0,0,0,1,1,0,1,0,0,0,0,0,0,0,0,1,1,0,1,0,1,0,0,0,0,0,0,0,0,0,0,0,1,0,0,0,0,0,182752.421875,180000.0
3076,1,7,1,1,0.0,1.0,2,1,0,1,0,6,0,0,0,1,1,0,0,0,0,0,0,0,1,0,0,1,0,0,1,0,1,0,0,0,0,0,0,0,1,0,0,0,1,0,0,0,0,0,282836.6875,280000.0
3374,1,7,1,1,35.0,2.0,2,1,0,1,1,6,0,0,0,1,1,0,0,0,0,0,0,0,0,0,0,1,0,0,1,0,1,0,0,0,0,0,0,0,1,0,0,0,1,0,0,0,0,0,188453.828125,185000.0
789,1,7,0,1,0.0,1.0,3,1,0,1,1,4,0,0,0,1,1,0,0,0,0,0,0,0,1,0,0,0,1,0,1,0,1,0,0,0,0,0,0,0,1,0,0,0,1,0,0,0,0,0,187948.609375,160000.0
3367,1,7,0,1,0.0,1.0,3,1,0,1,1,5,0,0,0,1,0,0,1,0,0,0,0,0,1,0,0,1,0,0,1,0,1,0,0,0,0,0,0,0,1,0,0,0,1,0,0,0,0,0,196034.109375,195000.0
3362,1,7,0,1,0.0,1.0,3,1,0,1,1,4,0,0,0,0,0,0,1,0,0,0,0,0,1,0,0,0,1,0,1,0,1,0,0,0,0,0,0,0,1,0,0,0,1,0,0,0,0,0,194343.03125,195000.0
3086,1,7,1,1,14.0,1.0,4,1,2,1,1,4,0,0,0,1,0,0,1,0,0,0,0,0,0,0,0,0,0,0,1,0,1,0,0,0,0,0,0,0,1,0,0,0,1,0,0,0,0,0,192554.828125,195000.0
3356,1,7,0,1,0.0,1.0,3,1,0,1,1,6,0,0,0,1,1,0,1,0,0,0,0,0,0,0,0,0,1,1,1,0,1,0,0,0,0,0,0,0,1,0,0,0,1,0,0,0,0,0,220733.703125,210000.0
781,1,7,0,1,0.0,1.0,2,1,1,0,1,5,0,0,0,1,1,0,1,0,0,0,0,0,1,0,0,1,1,0,0,0,1,0,0,0,0,0,0,0,1,0,0,0,1,0,0,0,0,0,130512.0859375,120000.0
3089,1,7,0,1,0.0,1.0,3,1,0,1,0,6,0,0,0,1,1,0,1,0,0,0,0,0,0,0,0,0,1,0,1,0,1,0,0,0,0,0,0,0,1,0,1,0,0,0,0,0,0,0,188195.0625,190000.0
3377,1,7,0,1,0.0,1.0,2,1,0,1,0,3,0,1,0,0,0,0,1,0,0,0,0,0,0,0,0,0,0,0,0,0,1,0,0,0,0,0,0,0,0,0,1,0,0,0,0,0,0,0,89357.515625,90000.0
3320,1,7,1,1,0.0,1.0,3,1,0,0,1,5,0,0,0,1,1,1,0,0,0,0,0,0,0,0,0,1,0,0,1,0,1,0,0,0,0,0,0,0,1,0,0,0,1,0,0,0,0,0,268686.5625,265000.0
2535,1,6,1,1,0.0,2.0,3,1,1,1,1,0,0,0,0,0,0,0,0,1,0,0,0,0,1,0,0,1,1,0,0,0,0,0,0,0,0,0,0,0,0,0,1,0,0,0,0,0,0,0,203726.9375,200000.0
1369,0,3,1,1,0.0,8.0,2,1,1,1,1,0,0,0,0,1,0,0,0,0,0,0,0,0,1,0,0,0,0,0,0,0,0,0,0,0,0,0,0,0,0,0,0,0,1,0,0,0,0,0,802.6580810546875,650.0
2536,1,6,5,1,0.0,2.0,4,1,1,2,1,1,0,0,0,1,1,0,1,0,0,0,0,0,1,0,0,0,1,0,0,0,0,0,0,0,0,0,0,0,1,0,0,0,0,0,1,0,0,0,400140.84375,400000.0
1371,1,6,4,1,0.0,3.0,4,1,1,2,1,3,0,0,0,1,0,0,0,0,0,0,0,0,1,0,0,1,0,0,0,0,0,0,0,0,0,0,0,0,1,0,0,0,1,0,0,0,0,0,389617.25,375000.0
1423,0,3,2,1,0.0,2.0,2,1,1,1,1,0,0,0,0,0,0,0,0,1,0,0,0,0,1,0,0,1,0,0,0,0,0,0,0,0,0,0,0,0,0,0,0,0,1,0,0,0,0,0,799.6580810546875,600.0
1341,1,6,3,1,0.0,0.0,2,1,1,1,1,1,0,0,0,0,0,0,0,1,0,0,0,0,0,0,0,0,0,0,0,0,0,0,0,0,0,0,0,0,1,0,0,0,1,0,0,0,0,0,322788.1875,325000.0
4733,0,3,4,1,0.0,2.0,2,0,1,1,0,2,1,0,0,0,0,0,1,0,1,0,0,0,1,1,1,0,0,0,0,0,0,1,0,0,0,0,0,0,0,1,1,0,0,0,0,0,0,0,1529.9891357421875,1600.0
4733,0,3,4,1,0.0,0.0,2,0,1,1,0,2,1,0,0,0,0,0,1,0,1,0,0,0,1,1,1,0,0,0,0,0,0,1,0,0,0,0,0,0,0,1,1,0,0,0,0,0,0,0,1860.7069091796875,1750.0
4981,1,6,4,1,6.0,10.0,5,1,0,2,1,11,0,0,0,1,1,0,1,0,0,0,0,0,0,0,1,1,0,0,1,0,0,0,0,0,0,0,0,1,1,0,0,1,0,0,0,0,0,0,272322.375,270000.0
4826,1,7,1,1,0.0,3.0,2,1,1,1,0,7,0,1,0,0,0,0,0,1,0,0,0,0,1,0,0,1,1,0,0,0,0,0,0,0,0,0,0,1,1,0,0,1,0,0,0,0,0,0,138371.703125,135000.0
4829,1,7,2,1,0.0,4.0,3,1,1,1,1,4,0,0,0,1,1,0,1,0,0,0,0,0,1,0,0,1,0,1,0,0,0,0,0,0,0,0,0,0,1,0,0,1,1,0,0,0,0,0,265898.4375,270000.0
4820,1,7,2,1,0.0,4.0,4,1,0,1,1,7,0,0,0,1,1,0,1,0,0,0,0,0,1,0,1,1,0,0,0,0,0,0,0,0,0,0,0,1,1,0,0,0,1,0,0,0,0,0,291894.5,290000.0
4844,1,7,2,3,0.0,0.0,3,1,1,2,1,5,0,0,0,1,1,0,1,0,0,0,0,0,1,0,1,1,0,0,0,0,0,0,0,0,0,0,0,0,1,0,0,1,1,0,0,0,0,0,187771.828125,190000.0
4844,1,7,2,3,0.0,1.0,3,1,1,2,1,5,0,0,0,1,1,0,1,0,0,0,0,0,1,0,1,1,0,0,0,0,0,0,0,0,0,0,0,1,1,0,0,1,0,0,0,0,0,0,157365.09375,190000.0
4865,1,7,2,1,0.0,0.0,3,1,0,2,1,6,1,0,0,1,0,0,1,0,0,0,0,0,1,0,1,1,0,0,0,0,0,0,0,0,0,1,0,1,1,0,0,1,0,0,0,0,0,0,262915.8125,260000.0
4872,1,7,1,1,0.0,1.0,3,1,0,2,1,5,1,0,0,1,0,0,1,0,0,0,0,0,1,0,0,0,1,0,1,0,0,0,0,0,0,0,0,0,1,0,0,1,1,0,0,0,0,0,154731.859375,150000.0
4867,1,6,1,1,0.0,2.0,3,1,1,1,1,4,0,1,0,0,0,0,0,1,0,0,0,0,1,0,0,1,0,1,0,0,0,0,0,0,0,0,0,1,1,0,0,1,0,0,0,0,0,0,188878.96875,185000.0
4831,1,7,4,1,0.0,3.0,4,1,0,2,1,9,0,0,0,1,1,0,1,0,0,0,0,0,0,0,0,1,0,1,1,0,0,0,0,0,0,0,0,0,1,0,0,1,1,0,0,0,0,0,372457.625,372000.0
4816,1,7,0,1,0.0,5.0,2,1,1,1,1,2,1,1,0,0,0,0,1,0,0,0,0,0,0,1,1,0,0,1,0,0,0,0,0,0,0,0,0,0,1,0,0,1,1,0,0,0,0,0,122195.734375,125000.0
4977,1,7,1,1,0.0,3.0,3,1,0,1,1,6,0,0,0,1,1,0,1,0,0,0,0,0,1,0,1,1,0,0,0,0,0,0,0,0,0,0,0,1,1,0,0,0,1,0,0,0,0,0,186797.109375,185000.0
4875,1,7,3,1,0.0,3.0,3,1,0,1,0,12,0,0,0,0,1,0,1,0,0,0,0,0,1,0,0,1,0,1,0,0,0,0,0,0,0,0,0,1,1,0,0,0,0,0,0,0,0,0,353394.0,350000.0
4824,1,7,1,1,0.0,5.0,2,1,0,2,1,4,1,0,0,1,0,0,1,0,0,0,0,0,1,0,0,1,0,1,0,0,0,0,0,0,0,0,0,1,1,0,0,1,0,0,0,0,0,0,167570.40625,170000.0
4945,1,7,1,1,0.0,4.0,2,1,0,1,1,8,0,0,0,0,0,0,0,1,0,0,0,0,1,0,0,1,1,0,0,0,0,0,0,0,0,0,0,1,0,0,0,1,1,0,0,0,0,0,238347.046875,240000.0
4858,1,7,0,1,0.0,3.0,1,1,1,1,1,5,1,1,0,0,0,0,1,0,0,0,0,0,0,1,0,0,1,1,0,0,0,0,0,0,0,0,0,1,0,0,1,0,0,0,0,0,0,0,106675.4765625,108000.0
4827,1,7,3,1,0.0,1.0,3,1,0,1,1,12,0,0,0,1,0,0,1,0,0,0,0,0,1,0,0,1,0,1,0,0,0,0,0,0,0,0,0,1,1,0,0,1,0,0,0,0,0,0,288219.0,280000.0
4868,1,7,3,1,0.0,7.0,3,1,0,1,0,13,0,0,0,1,1,0,1,0,0,0,0,0,1,0,1,0,0,1,0,0,0,0,0,0,0,0,0,1,1,0,0,0,1,0,0,0,0,0,434962.71875,425000.0
4856,1,7,2,1,0.0,7.0,3,1,0,1,1,7,1,1,0,0,0,0,1,0,0,0,0,0,1,1,1,0,0,0,0,0,1,0,0,1,0,0,0,1,1,0,0,1,0,0,0,0,0,0,208416.828125,210000.0
4851,1,7,1,1,6.0,2.0,2,1,0,1,1,2,1,0,0,0,0,1,1,0,0,0,0,0,0,1,0,0,0,1,0,1,0,1,0,0,0,1,0,0,0,0,0,0,1,0,0,0,0,0,189138.65625,220000.0
4037,0,3,4,1,0.0,8.0,4,1,0,2,1,2,0,0,0,1,1,0,1,0,0,0,0,0,1,0,0,1,0,0,0,0,0,0,1,0,0,0,0,0,1,0,0,0,1,0,0,0,0,0,1188.9783935546875,1595.0
620,1,7,2,1,0.0,1.0,2,1,1,1,1,4,0,0,0,1,1,0,1,0,0,0,0,0,1,0,0,1,1,0,0,0,0,0,0,0,0,0,0,0,1,0,0,1,1,0,0,0,0,0,205820.890625,205000.0
427,1,7,4,1,0.0,0.0,4,1,1,1,1,8,0,0,0,1,1,0,1,0,0,0,0,0,0,0,1,0,1,0,1,0,0,0,0,0,0,1,0,0,1,0,0,0,1,0,0,0,0,0,560605.25,575000.0
1885,1,7,0,1,0.0,3.0,2,1,1,1,0,2,0,0,0,0,0,0,0,1,0,0,0,0,0,0,1,1,0,0,0,0,0,0,0,0,0,0,0,0,0,0,0,0,1,0,0,0,0,0,52192.9921875,50000.0
1964,1,7,3,1,0.0,1.0,3,1,1,1,1,3,0,0,0,1,1,0,1,0,0,0,0,0,0,0,0,1,0,0,1,0,0,0,0,0,0,0,0,0,0,0,0,0,1,0,0,0,0,0,185558.078125,185000.0
228,1,7,2,1,0.0,2.0,4,1,1,1,1,5,0,0,0,1,0,0,1,0,0,0,0,0,0,0,0,1,1,0,1,0,0,0,0,0,0,0,0,0,0,0,0,0,1,0,0,0,0,0,176649.828125,179950.0
1909,1,7,2,1,0.0,1.0,3,1,1,1,1,6,0,0,0,1,1,0,1,0,0,0,0,0,1,0,0,1,1,0,0,0,0,0,0,0,0,0,0,0,0,0,0,0,1,0,0,0,0,0,196624.671875,195000.0
1995,1,6,3,1,0.0,2.0,4,1,2,1,1,9,0,0,0,1,1,0,1,0,0,0,0,0,0,0,1,1,0,1,0,0,0,0,0,0,0,0,0,0,0,0,0,0,1,0,0,0,0,0,281205.625,275000.0
1959,1,4,0,1,0.0,2.0,2,1,1,1,0,1,0,0,0,0,0,0,0,1,0,0,0,0,0,0,0,1,0,0,1,0,0,0,0,0,0,0,0,0,0,0,0,0,1,0,0,0,0,0,85566.7421875,85000.0
1999,1,7,5,1,0.0,1.0,4,1,1,1,1,12,0,0,0,1,1,0,1,0,0,0,0,0,0,0,0,1,0,1,1,0,0,0,0,0,0,0,0,0,0,0,0,0,1,0,0,0,0,0,518321.375,525000.0
1961,1,4,1,1,0.0,1.0,3,1,1,1,1,4,0,0,0,0,0,0,0,1,0,0,0,0,0,0,1,1,0,0,1,0,0,0,0,0,0,0,0,0,0,0,0,0,1,0,0,0,0,0,161702.609375,160000.0
2003,1,7,6,1,0.0,0.0,4,1,1,1,0,13,0,0,0,1,0,0,1,0,0,0,0,0,0,0,0,0,1,1,1,0,0,0,0,0,0,0,0,0,0,0,0,0,1,0,0,0,0,0,527381.875,525000.0
261,1,7,3,1,2.0,0.0,5,1,1,1,1,5,0,0,0,0,0,0,0,1,0,0,0,0,0,0,0,0,1,0,1,0,0,0,0,0,0,0,0,0,0,0,0,0,0,0,0,0,0,0,300403.375,299950.0
1889,1,7,0,4,0.0,4.0,2,1,1,1,1,3,0,0,0,0,0,0,0,1,0,0,0,0,0,0,1,1,0,0,1,0,0,0,0,0,0,0,0,0,0,0,0,0,0,0,0,0,0,0,81443.796875,80000.0
1907,1,7,3,1,0.0,1.0,3,1,1,1,1,9,0,0,0,1,1,0,1,0,0,0,0,0,0,0,1,0,1,0,1,0,0,0,0,0,0,0,0,0,0,0,0,0,1,0,0,0,0,0,200081.359375,199950.0
1962,1,7,1,1,0.0,0.0,3,1,1,1,1,6,0,0,0,1,0,0,1,1,0,0,0,0,0,0,0,1,0,0,1,0,0,0,0,0,0,0,0,0,0,0,0,0,1,0,0,0,0,0,167122.53125,170000.0
267,1,7,2,3,0.0,1.0,2,1,1,0,1,5,0,0,0,0,1,0,1,0,0,0,0,0,0,0,0,1,1,0,1,0,0,0,0,0,0,0,0,0,0,0,0,0,0,0,0,0,0,0,169822.421875,170000.0
1895,1,7,0,1,0.0,2.0,3,1,1,1,0,3,0,0,0,0,0,0,0,1,0,0,0,0,0,0,1,1,0,0,1,0,0,0,0,0,0,0,0,0,0,0,0,0,1,0,0,0,0,0,107129.9140625,105000.0
1970,1,7,0,1,0.0,0.0,2,1,1,0,1,4,0,0,0,0,1,0,1,0,0,0,0,0,0,0,0,1,1,0,1,0,0,0,0,0,0,0,0,0,0,0,0,0,1,0,0,0,0,0,139055.703125,140000.0
1948,0,3,3,1,0.0,4.0,3,1,1,1,1,4,0,0,0,1,0,0,1,0,0,0,0,0,0,0,1,1,0,0,1,0,0,0,0,0,0,0,0,0,0,0,0,0,1,0,0,0,0,0,634.6033935546875,595.0
1256,1,7,0,1,0.0,1.0,4,1,1,1,1,4,0,0,0,0,0,0,0,1,0,0,0,0,0,0,1,1,0,0,1,0,0,0,0,0,0,0,0,0,0,0,0,0,1,0,0,0,0,0,168130.78125,165000.0
1969,1,7,0,1,0.0,4.0,3,1,1,1,1,2,0,0,0,1,0,0,1,0,0,0,0,0,1,0,0,1,1,0,0,0,0,0,0,0,0,0,0,0,0,0,0,0,1,0,0,0,0,0,82864.0234375,80000.0
1899,1,7,0,1,0.0,2.0,3,1,1,1,1,3,0,0,0,1,1,0,1,0,0,0,0,0,0,0,1,1,0,0,1,0,0,0,0,0,0,0,0,0,0,0,0,0,1,0,0,0,0,0,120464.3515625,120000.0
1880,1,7,2,1,0.0,1.0,4,1,1,1,1,4,0,0,0,0,0,0,0,1,0,0,0,0,0,0,0,1,0,0,1,0,0,0,0,0,0,0,0,0,0,0,0,0,1,0,0,0,0,0,183177.828125,180000.0
1977,1,7,2,1,0.0,1.0,3,1,1,1,2,2,0,0,0,1,1,0,1,0,0,0,0,0,0,0,1,0,0,0,1,1,0,0,0,0,0,0,0,0,0,0,0,0,1,0,0,0,0,0,180770.328125,185000.0
334,1,7,2,1,0.0,2.0,3,1,1,1,1,6,0,0,0,1,1,0,1,0,0,0,0,0,0,0,1,1,0,0,1,0,0,0,0,0,0,0,0,0,0,0,0,0,1,0,0,0,0,0,166866.671875,160000.0
225,1,7,1,1,0.0,1.0,2,1,1,1,1,3,0,0,0,0,0,0,0,1,0,0,0,0,0,0,0,0,0,0,0,0,0,0,0,0,0,0,0,0,0,0,0,0,1,0,0,0,0,0,91303.3671875,90000.0
1888,1,7,0,1,0.0,2.0,2,1,1,1,1,2,0,0,0,0,0,0,0,1,0,0,0,0,0,0,0,1,0,0,1,0,0,0,0,0,0,0,0,0,0,0,0,0,1,0,0,0,0,0,89739.5078125,90000.0
252,1,7,0,1,0.0,1.0,4,1,1,1,1,3,0,0,0,1,0,0,1,0,0,0,0,0,0,0,0,1,0,0,0,0,0,0,0,0,0,0,0,0,0,0,0,0,1,0,0,0,0,0,143145.046875,115000.0
1262,1,7,1,1,0.0,0.0,5,1,1,1,1,4,0,0,0,1,0,0,1,0,0,0,0,0,0,0,0,1,1,0,1,0,0,0,0,0,0,0,0,0,0,0,0,0,1,0,0,0,0,0,208732.578125,210000.0
1902,0,3,0,1,0.0,3.0,3,1,1,1,1,2,0,0,0,1,0,0,0,1,0,0,0,0,0,0,0,1,1,0,1,0,0,0,0,0,0,0,0,0,0,0,0,0,1,0,0,0,0,0,670.4783935546875,550.0
1975,0,3,0,1,0.0,0.0,2,1,1,1,1,2,0,0,0,0,0,0,0,1,0,0,0,0,0,1,0,0,0,0,0,0,0,0,0,0,0,0,0,0,0,0,0,0,1,0,0,0,0,0,0.0,475.0
214,0,3,0,1,0.0,5.0,3,1,1,1,1,2,0,0,0,0,0,0,0,1,0,0,0,0,1,0,0,1,0,0,0,0,1,0,0,0,0,0,0,0,0,0,0,0,1,0,0,0,0,0,539.5408935546875,600.0
2000,1,7,2,1,0.0,5.0,3,1,1,1,1,2,0,0,0,1,1,0,1,0,0,0,0,0,0,0,0,1,1,0,1,0,0,0,0,0,0,0,0,0,0,0,0,0,1,0,0,0,0,0,197593.0,200000.0
1904,1,6,2,1,0.0,4.0,4,1,1,1,1,5,0,0,0,1,0,0,0,1,0,0,0,0,0,0,1,1,0,0,1,0,0,0,0,0,0,0,0,0,0,0,0,0,1,0,0,0,0,0,183016.84375,180000.0
437,1,2,1,1,0.0,0.0,2,1,1,0,0,1,0,0,0,0,1,0,1,0,0,1,0,0,0,0,0,0,0,0,0,0,0,0,0,0,0,0,0,1,0,0,0,1,1,0,0,0,0,0,445404.875,450000.0
441,1,4,1,1,0.0,5.0,1,1,1,1,0,2,0,0,0,0,0,0,0,1,0,0,0,0,0,0,0,0,0,0,0,0,0,0,1,0,0,0,0,1,0,0,0,0,1,0,0,0,0,0,329017.75,325000.0
444,0,3,1,1,0.0,0.0,2,1,0,1,0,1,0,0,0,0,0,0,0,1,0,0,0,0,1,1,0,0,0,1,0,0,0,0,1,0,0,0,0,1,0,0,0,1,1,0,0,0,0,0,1237.2518310546875,1275.0
431,0,3,0,1,0.0,1.0,1,1,0,1,1,0,0,0,0,0,0,0,0,0,0,0,0,0,0,0,0,0,0,0,0,0,0,0,0,0,0,0,0,0,0,0,1,0,0,0,0,0,0,0,524.9354248046875,750.0
426,0,3,5,1,0.0,1.0,4,1,1,1,0,3,0,0,0,1,1,0,1,0,0,0,0,0,1,0,0,1,0,0,0,1,1,0,0,0,0,0,0,1,1,0,0,0,1,0,0,0,0,0,786.3065185546875,2000.0
456,0,3,0,1,0.0,6.0,1,1,1,2,0,1,0,0,0,0,0,0,0,1,0,0,0,1,0,0,0,0,0,0,0,0,0,0,1,0,0,0,0,0,1,0,0,1,1,0,0,0,0,0,424.6913146972656,825.0
469,0,3,0,1,0.0,3.0,1,1,1,1,0,0,0,0,0,0,0,0,0,1,0,0,0,0,1,0,1,0,0,1,0,0,0,0,1,0,0,0,0,1,0,0,0,1,1,0,0,0,0,0,876.6307373046875,1000.0
406,0,3,1,1,0.0,1.0,2,1,1,1,0,0,0,0,0,0,0,0,0,0,1,1,0,1,0,1,0,0,0,0,0,0,0,0,1,0,0,0,0,0,0,0,1,0,0,0,0,0,0,0,662.0457763671875,1100.0
465,0,3,2,1,0.0,0.0,2,0,1,1,0,1,0,0,0,0,0,0,0,1,0,0,0,0,0,0,1,1,0,1,0,0,1,0,0,0,0,0,0,0,0,0,0,1,1,0,0,0,0,0,1051.5721435546875,1750.0
483,1,4,3,2,0.0,6.0,3,1,3,1,2,1,1,0,0,1,1,0,0,0,0,0,0,0,1,0,0,1,0,1,0,0,1,0,0,0,0,0,0,0,0,0,0,0,0,0,0,0,0,0,420003.9375,425000.0
450,0,3,0,1,0.0,4.0,1,1,1,1,1,2,0,0,0,0,0,0,0,1,0,0,0,0,0,0,0,0,0,0,0,0,0,0,1,0,0,0,0,0,0,0,1,0,0,0,0,0,0,0,717.2283935546875,765.0
423,1,6,1,1,0.0,0.0,1,1,1,1,1,1,0,0,0,0,0,0,0,1,0,0,0,0,0,0,0,0,0,0,0,0,1,0,0,0,0,0,0,1,1,0,0,0,1,0,0,0,0,0,134208.171875,250000.0
456,0,3,0,1,0.0,3.0,1,1,1,1,0,1,0,0,0,0,0,0,0,0,1,0,0,0,1,0,0,0,0,1,1,0,0,0,1,0,0,0,0,1,1,0,0,0,1,0,0,0,0,0,1046.4862060546875,1000.0
457,0,3,0,1,0.0,0.0,1,1,1,1,0,1,0,0,0,0,0,0,0,1,0,0,0,1,1,0,1,0,0,1,0,0,0,0,1,0,0,0,0,1,1,0,0,0,1,0,0,0,0,0,0.0,1030.0
484,1,6,1,1,0.0,0.0,1,1,1,1,0,1,0,0,0,1,0,0,1,0,0,1,0,0,1,0,0,0,1,1,0,0,1,0,0,0,0,0,0,1,1,0,0,0,1,0,0,0,0,0,173466.546875,290000.0
403,1,2,1,1,0.0,1.0,2,1,1,1,0,1,0,0,0,0,0,0,0,1,1,0,0,0,0,0,1,0,1,1,0,0,1,0,0,0,0,0,0,1,1,0,0,0,1,0,0,0,0,0,400168.625,400000.0
474,1,4,1,1,0.0,0.0,2,1,1,1,1,1,1,0,0,0,0,0,1,0,0,1,0,0,0,0,0,0,0,0,0,0,0,0,1,0,0,0,0,0,0,0,0,1,1,0,0,0,0,0,320941.1875,325000.0
448,0,3,1,1,0.0,1.0,2,1,1,2,0,0,0,0,0,0,0,0,0,1,0,0,0,0,0,0,0,0,0,0,0,0,0,0,1,0,0,0,0,1,1,0,0,0,1,0,0,0,0,0,1105.6112060546875,1450.0
412,1,2,2,1,0.0,3.0,3,1,1,2,1,3,0,0,0,1,0,0,1,0,0,1,0,0,1,0,0,0,0,1,1,0,1,0,0,0,0,0,0,1,1,0,0,0,1,0,0,0,0,0,354410.96875,350000.0
3637,1,6,5,1,0.0,4.0,5,1,2,1,0,11,0,0,0,1,1,0,1,0,0,0,0,0,1,0,1,0,0,1,0,0,0,0,0,0,0,0,0,1,1,0,0,0,1,0,0,0,0,0,556299.5,550000.0
3594,1,6,1,1,0.0,1.0,3,1,1,1,0,4,0,0,0,1,1,0,0,0,0,0,0,0,0,0,0,0,1,1,0,0,0,0,1,0,0,0,0,0,1,0,0,0,1,0,0,0,0,0,156580.046875,160000.0
5338,1,7,1,1,0.0,0.0,4,1,1,1,0,3,0,0,0,1,0,0,1,0,0,0,0,0,1,0,0,1,0,1,0,0,0,0,1,0,0,0,0,0,1,1,0,0,1,0,0,0,0,0,183541.765625,170000.0
3593,1,6,4,1,0.0,2.0,4,1,0,2,1,10,0,0,0,1,1,0,1,0,0,0,0,0,1,0,1,0,0,1,0,0,0,0,1,0,0,0,0,0,1,0,0,0,1,0,0,0,0,0,423453.53125,425000.0
3612,1,7,4,1,10.0,5.0,2,1,1,0,0,4,1,0,0,0,0,1,1,0,0,0,0,0,0,1,0,0,0,0,0,0,0,1,0,0,0,0,0,1,1,0,0,0,1,0,0,0,0,0,196318.75,200000.0
2514,1,4,5,1,0.0,0.0,4,1,1,1,1,7,0,0,0,1,0,0,1,0,0,1,0,0,0,0,1,1,0,1,0,0,1,0,0,0,0,0,0,0,1,0,0,0,1,0,0,0,0,0,545247.375,550000.0
2537,1,6,4,1,11.0,12.0,3,1,1,2,1,4,1,0,0,1,0,0,1,0,0,0,0,0,1,0,0,0,1,1,0,0,1,0,0,0,0,0,0,0,1,0,0,0,1,0,0,0,0,0,502333.25,365000.0
269,1,4,1,1,0.0,6.0,3,1,1,2,1,5,0,0,0,1,0,0,1,0,0,0,0,0,1,0,0,0,0,1,0,1,0,0,0,0,0,0,0,0,1,0,0,0,1,0,0,0,0,0,159114.703125,160000.0
1042,1,4,1,1,0.0,2.0,2,1,1,2,1,1,0,0,0,0,0,0,0,1,0,0,0,0,0,0,1,1,0,0,1,0,0,0,0,0,0,0,0,0,1,0,0,0,1,0,0,0,0,0,231518.796875,230000.0
1036,0,3,1,1,0.0,1.0,3,1,1,0,1,0,0,0,0,0,0,0,0,0,0,0,0,0,0,0,0,0,0,0,1,0,0,0,0,0,0,0,0,0,1,0,0,0,1,0,0,0,0,0,827.1190185546875,1000.0
1032,0,3,1,1,0.0,4.0,2,1,1,0,1,0,0,0,0,0,0,0,0,0,0,0,0,0,0,0,0,0,0,0,0,0,0,0,0,0,0,0,0,0,0,0,0,1,1,0,0,0,0,0,459.0370178222656,750.0
1034,1,2,0,1,0.0,1.0,1,1,1,0,0,1,0,0,0,0,0,0,0,0,0,0,0,0,0,0,0,0,0,0,0,0,0,0,0,0,0,0,0,0,1,0,0,1,1,0,0,0,0,0,107683.2265625,110000.0
1043,1,4,3,1,0.0,1.0,2,1,0,1,1,1,0,1,0,0,1,0,0,0,0,0,0,0,0,1,0,0,0,0,0,0,0,1,0,0,0,0,0,0,0,0,0,1,1,0,0,0,0,0,320719.8125,325000.0
1095,0,3,0,1,0.0,0.0,1,1,1,1,0,0,1,0,0,1,0,0,0,0,0,1,0,0,1,1,1,0,0,0,0,0,0,0,1,0,0,0,0,1,0,0,0,1,1,0,0,0,0,0,976.4490966796875,700.0
2329,1,4,5,1,0.0,2.0,4,1,1,1,1,7,0,0,0,1,1,0,1,0,0,0,0,0,0,0,1,0,1,0,1,0,0,0,0,0,0,0,0,0,0,0,0,0,1,0,0,0,0,0,450128.6875,450000.0
2326,1,7,3,1,0.0,0.0,3,1,1,2,1,8,0,0,0,1,1,0,1,0,0,0,0,0,0,0,0,0,0,0,1,0,0,0,0,0,0,0,0,0,0,0,0,0,1,0,0,0,0,0,356134.71875,350000.0
2437,1,4,4,1,3.0,3.0,4,1,0,2,1,8,0,0,0,1,1,0,1,0,0,0,0,0,0,0,1,0,1,0,1,0,0,0,0,0,0,0,0,0,0,0,0,0,1,0,0,0,0,0,356866.125,350000.0
3092,1,4,3,1,0.0,2.0,4,1,0,2,1,10,0,0,0,1,0,0,0,0,0,0,0,0,0,0,0,0,0,1,0,0,0,0,0,0,0,0,0,1,0,0,0,0,0,0,1,0,0,0,514042.4375,500000.0
2337,1,6,3,1,5.0,3.0,4,1,1,2,0,7,0,0,0,1,1,0,1,0,0,0,0,0,0,0,0,0,1,1,1,0,0,0,0,0,0,0,0,0,0,0,0,0,1,0,0,0,0,0,293146.5625,290000.0
2288,1,7,3,1,0.0,0.0,4,1,2,1,1,6,0,0,0,0,0,0,1,0,0,0,0,0,0,0,1,0,1,0,1,0,0,0,0,0,0,0,0,0,0,0,0,0,1,0,0,0,0,0,341471.5,350000.0
2299,1,7,6,3,0.0,3.0,4,1,2,3,1,11,0,0,0,1,1,0,1,0,0,0,0,0,0,0,1,0,1,1,0,0,0,0,0,0,0,0,0,0,0,0,0,0,1,0,0,0,0,0,550075.6875,550000.0
2275,1,7,2,1,0.0,2.0,4,1,1,1,1,8,0,0,0,1,1,0,1,0,0,0,0,0,0,0,1,0,0,1,1,0,0,0,0,0,0,0,0,0,0,0,0,0,1,0,0,0,0,0,220853.125,220000.0
2324,1,6,4,1,0.0,3.0,4,1,1,2,1,5,0,0,0,1,1,0,1,0,0,0,0,0,0,0,1,0,0,1,1,0,0,0,0,0,0,0,0,0,0,0,0,0,1,0,0,0,0,0,408896.09375,400000.0
2349,1,6,2,1,0.0,2.0,2,1,1,1,0,5,0,0,0,1,1,0,0,0,0,0,0,0,0,0,1,0,1,0,1,0,0,0,0,0,0,0,0,0,0,0,0,0,0,0,0,0,0,0,185356.046875,180000.0
2289,1,7,1,1,0.0,2.0,3,1,1,2,1,4,0,0,0,0,0,0,0,1,0,0,0,0,0,0,0,1,0,0,1,0,0,0,0,0,0,0,0,0,0,0,0,0,1,0,0,0,0,0,154112.703125,150000.0
2268,1,7,1,1,0.0,4.0,3,1,1,2,1,3,0,0,0,1,0,0,1,0,0,0,0,0,0,0,1,1,0,0,1,0,0,0,0,0,0,0,0,0,0,0,0,0,1,0,0,0,0,0,211299.75,210000.0
2339,1,6,0,1,0.0,4.0,2,1,1,1,1,5,0,0,0,0,0,0,0,1,0,0,0,0,0,0,1,0,1,0,1,0,0,0,0,0,0,0,0,0,0,0,0,0,1,0,0,0,0,0,130540.3671875,130000.0
2292,1,6,1,1,0.0,4.0,2,1,0,2,1,3,0,0,0,0,0,0,1,0,0,0,0,0,0,0,1,0,0,0,1,0,0,0,0,0,0,0,0,0,0,0,0,0,1,0,0,0,0,0,73084.9921875,70000.0
2308,1,0,1,1,0.0,1.0,3,1,0,1,1,5,0,0,0,1,0,0,1,0,0,0,0,0,0,0,1,0,1,0,1,0,0,0,0,0,0,0,0,0,0,0,0,0,1,0,0,0,0,0,192480.046875,190000.0
3110,0,3,0,1,0.0,8.0,4,1,0,1,0,2,0,0,0,0,0,0,0,0,1,0,0,0,0,0,0,0,1,0,0,0,0,0,0,0,0,0,0,0,0,0,0,1,1,0,0,0,0,0,613.6990966796875,560.0
3306,0,3,0,1,0.0,15.0,3,1,1,2,0,2,0,0,0,1,0,0,1,0,0,0,0,0,0,0,0,0,1,0,0,0,0,0,0,0,0,0,0,0,1,0,0,1,1,0,0,0,0,0,858.7850341796875,575.0
3067,0,3,0,1,0.0,9.0,2,1,1,2,1,1,0,0,0,0,0,0,0,0,0,0,0,0,0,0,0,0,0,0,0,0,0,0,0,0,0,0,0,0,0,0,0,0,1,0,0,0,0,0,657.2322998046875,600.0
3900,0,3,3,1,0.0,1.0,4,1,1,2,1,7,0,0,0,1,1,0,0,0,0,1,0,0,0,0,0,1,0,1,1,0,0,0,0,0,0,0,0,0,1,0,0,0,1,0,0,0,0,0,0.0,810.0
3881,1,2,1,1,0.0,1.0,2,1,1,1,1,4,0,0,0,0,0,0,0,1,0,0,0,0,0,0,0,0,0,0,0,0,0,1,0,0,0,0,0,0,0,0,1,0,0,0,0,0,0,0,88181.0859375,80000.0
3828,0,3,0,1,0.0,1.0,2,1,0,2,0,3,0,0,0,0,0,0,1,0,0,0,0,0,1,0,1,1,0,0,0,0,1,0,0,0,0,0,0,0,1,0,0,0,1,0,0,0,0,0,675.2728271484375,620.0
3781,1,6,3,1,1.0,8.0,4,1,1,1,1,9,0,0,0,1,1,1,0,0,0,0,0,0,1,0,0,0,1,1,0,0,0,0,1,0,0,0,0,0,1,0,0,0,1,0,0,1,0,0,379411.46875,375000.0
3839,1,4,4,1,0.0,1.0,3,1,0,1,2,9,0,0,0,1,1,0,0,0,0,0,0,0,1,0,0,1,0,0,0,0,0,0,1,0,0,0,0,0,1,0,0,0,1,0,0,0,0,0,317984.25,310000.0
3818,1,7,0,1,0.0,2.0,3,1,1,0,0,4,0,0,0,1,0,0,1,0,0,0,1,0,1,0,0,1,0,0,0,0,1,0,0,0,0,0,0,0,1,0,0,0,1,0,0,0,0,0,228483.515625,120000.0
3831,1,6,2,3,0.0,3.0,2,1,1,0,1,4,0,0,0,1,1,0,0,0,0,0,0,0,1,0,0,0,0,1,0,0,1,0,0,0,0,0,0,0,1,0,0,0,1,0,0,0,0,0,142059.609375,140000.0
311,0,3,1,1,0.0,1.0,2,1,1,1,0,3,1,0,0,0,0,0,0,0,0,1,0,0,0,1,0,0,0,0,0,0,0,0,1,0,0,0,0,0,1,0,0,1,1,0,0,0,0,0,728.2010498046875,625.0
815,0,3,2,1,0.0,6.0,2,1,1,1,0,1,0,0,0,0,0,0,0,1,0,0,0,0,1,0,0,1,0,0,1,0,0,0,1,0,0,0,0,1,1,0,0,0,1,0,0,0,0,0,439.6776428222656,440.0
300,1,7,0,1,0.0,1.0,1,1,1,0,1,3,1,0,0,0,0,0,1,0,0,0,0,0,0,0,0,0,0,0,0,0,0,0,1,0,0,0,0,0,1,0,1,0,0,0,0,0,0,0,80467.96875,83000.0
309,0,3,0,1,0.0,1.0,2,1,1,1,0,3,0,0,0,0,0,0,1,0,0,0,0,0,0,0,0,1,0,0,0,0,0,0,1,0,0,0,0,0,1,0,0,1,1,0,0,0,0,0,603.5330810546875,475.0
241,1,2,1,3,0.0,1.0,2,1,1,1,1,4,0,0,0,1,1,0,1,0,0,0,0,0,1,0,0,0,0,0,1,0,0,0,1,0,0,0,0,0,1,0,0,1,1,0,0,0,0,0,101009.640625,99950.0
309,0,3,0,1,0.0,1.0,2,1,1,1,0,3,0,0,0,0,0,0,1,0,0,0,0,0,0,0,0,1,0,0,0,0,0,0,1,0,0,0,0,0,1,0,0,1,1,0,0,0,0,0,603.5330810546875,475.0
309,0,3,0,1,0.0,0.0,2,1,1,1,0,3,0,0,0,0,0,0,1,0,0,0,0,0,0,0,0,1,0,0,0,0,0,0,1,0,0,0,0,0,1,0,0,1,1,0,0,0,0,0,591.7283935546875,475.0
3389,1,2,0,1,0.0,2.0,4,1,1,2,1,2,0,1,0,0,0,0,1,0,0,0,0,0,0,0,0,0,0,0,1,0,0,0,0,0,0,0,0,1,1,0,0,0,1,0,0,0,0,0,187304.046875,190000.0
3390,1,4,3,1,0.0,1.0,3,1,1,1,1,5,0,0,0,1,0,0,1,0,0,0,0,0,1,0,1,1,0,0,0,0,0,0,0,0,0,0,0,1,1,0,0,0,1,0,0,0,0,0,295963.4375,300000.0
109,0,3,1,1,0.0,2.0,2,1,1,1,1,5,0,0,0,0,1,0,1,0,0,0,0,0,0,0,1,1,0,0,1,0,0,0,0,0,0,0,0,0,1,0,0,0,1,0,0,0,0,0,542.9119873046875,675.0
105,0,3,0,1,0.0,6.0,1,1,1,1,1,2,1,0,0,0,0,0,0,0,0,0,0,0,0,0,0,0,0,0,0,0,0,0,1,0,0,0,0,0,1,0,0,0,1,0,0,0,0,0,715.7283935546875,495.0
105,0,3,1,1,0.0,4.0,2,2,1,1,0,2,1,0,0,0,0,0,1,0,0,0,0,0,0,0,0,0,0,0,0,0,0,0,1,0,0,0,0,0,1,0,0,0,1,0,0,0,0,0,498.8651428222656,625.0
105,0,3,1,1,0.0,4.0,2,2,1,1,0,2,1,0,0,0,0,0,1,0,0,0,0,0,0,0,0,0,0,0,0,0,0,0,1,0,0,0,0,0,1,0,0,0,1,0,0,0,0,0,498.8651428222656,625.0
105,0,3,1,1,0.0,1.0,2,2,1,1,0,2,1,0,1,0,0,0,0,0,0,0,0,0,0,0,0,0,0,0,0,0,0,0,1,0,0,0,0,0,1,0,0,0,1,0,0,0,0,0,508.0975646972656,625.0
3991,1,2,3,1,0.0,1.0,2,0,0,2,1,3,0,0,1,0,0,1,0,0,0,0,0,0,0,0,0,0,0,0,0,0,0,1,0,0,0,0,0,1,0,0,0,0,1,0,0,0,0,0,507112.9375,495000.0
1456,0,3,3,1,0.0,2.0,3,1,1,1,1,8,0,0,0,1,1,0,0,0,0,0,0,0,0,0,0,1,0,0,1,0,0,0,1,0,0,0,0,0,0,0,0,0,1,0,0,0,0,0,1282.7752685546875,1500.0
1455,1,2,3,1,4.0,4.0,3,1,1,1,1,8,0,0,0,1,0,0,1,0,0,0,0,0,0,0,0,0,0,1,0,0,0,0,1,0,0,0,0,0,0,0,0,0,1,0,0,0,0,0,409693.9375,400000.0
1498,1,2,4,1,4.0,5.0,3,1,2,1,1,7,0,0,0,1,1,0,0,0,0,0,0,0,1,0,0,1,0,0,0,1,0,0,1,0,0,0,0,0,1,0,0,0,1,0,0,0,0,0,491460.5,490000.0
1437,0,3,2,1,0.0,2.0,2,0,1,1,0,2,1,1,0,0,0,0,1,0,0,0,0,0,0,0,0,0,0,0,0,1,0,0,1,0,0,0,0,0,0,0,0,0,1,0,0,0,0,0,1132.6737060546875,1200.0
1437,0,3,2,1,0.0,1.0,2,0,1,1,0,2,1,1,0,0,0,0,0,0,0,0,0,0,0,0,0,0,0,0,0,1,0,0,1,0,0,0,0,0,1,0,0,0,1,0,0,0,0,0,1062.9588623046875,1200.0
1427,0,3,4,1,0.0,1.0,4,1,1,1,1,6,0,0,0,0,0,0,1,0,0,0,0,0,0,0,1,0,0,0,0,0,0,0,1,0,0,0,0,0,0,0,0,0,1,0,0,0,0,0,1681.0565185546875,1620.0
1429,0,3,2,1,0.0,1.0,2,1,1,1,1,3,1,1,0,0,0,0,0,0,0,0,0,0,0,0,0,0,0,0,0,0,0,0,1,0,0,0,0,0,0,0,0,0,1,0,0,0,0,0,1023.6033935546875,1050.0
3284,1,6,3,1,0.0,2.0,4,1,0,1,1,10,0,0,0,1,1,0,1,0,0,0,0,0,1,0,1,0,0,0,0,0,0,0,0,0,0,0,0,1,0,0,0,0,0,0,1,0,0,1,439070.75,325000.0
3276,0,3,4,1,0.0,1.0,4,1,2,1,0,10,0,0,0,1,1,0,1,0,0,0,0,0,1,0,1,0,0,1,0,0,0,0,0,0,0,0,0,1,0,0,0,0,0,0,1,0,0,0,945.2030029296875,1500.0
3124,1,6,2,1,2.0,3.0,4,1,2,0,0,8,0,0,0,0,0,0,0,1,0,0,0,0,0,0,0,0,1,0,0,0,0,0,0,0,0,0,0,0,0,0,0,0,1,0,0,0,0,0,262738.84375,250000.0
3281,0,3,3,1,0.0,1.0,4,1,1,1,1,8,0,0,0,1,1,0,0,0,0,1,0,0,1,0,1,0,1,0,0,0,0,0,0,0,0,0,0,0,0,0,0,0,1,0,0,0,0,0,568.4315185546875,1000.0
3396,1,4,1,3,0.0,9.0,3,1,0,1,1,5,0,0,0,1,0,0,1,0,0,1,0,0,0,0,1,0,0,1,1,0,0,0,1,0,0,0,0,0,1,0,0,0,1,0,0,0,0,0,251485.234375,250000.0
3408,1,4,4,1,0.0,4.0,5,1,0,1,1,5,1,0,0,1,1,0,0,0,0,0,0,0,1,1,0,0,1,0,0,0,1,0,0,0,0,1,0,0,1,0,0,0,1,0,0,1,0,0,432386.71875,425000.0
521,0,3,4,1,0.0,11.0,3,1,1,1,0,4,1,0,0,0,0,0,1,0,0,0,0,0,1,0,0,1,1,0,0,0,0,0,1,0,0,0,0,0,1,0,0,0,1,0,0,0,0,0,1315.6072998046875,875.0
2594,0,3,0,1,0.0,0.0,1,0,1,1,1,2,0,0,0,0,0,0,0,0,0,0,0,0,0,0,0,0,0,0,0,0,0,0,0,0,0,0,0,0,0,0,0,0,0,0,0,0,0,0,842.8182373046875,775.0
1559,0,3,1,1,0.0,4.0,2,1,0,1,1,4,1,0,0,0,0,0,1,0,0,0,0,0,1,0,0,0,0,0,0,0,1,0,0,0,0,0,0,0,1,0,0,0,1,0,0,0,0,0,619.5799560546875,550.0
1579,0,3,0,1,0.0,3.0,2,1,0,1,0,5,0,0,0,1,0,0,1,0,0,0,0,0,0,0,0,1,0,0,1,0,1,0,0,0,0,0,0,0,1,0,0,0,1,0,0,0,0,0,689.6717529296875,600.0
1658,0,3,2,1,0.0,2.0,3,1,0,1,1,7,0,0,0,1,0,0,1,0,0,0,0,0,0,0,0,1,0,0,1,0,1,0,0,0,0,0,0,0,1,0,0,0,1,0,0,0,0,0,497.5838928222656,725.0
5530,1,7,3,1,0.0,0.0,4,1,0,1,1,10,0,0,0,1,1,0,1,0,0,0,0,0,0,0,0,1,0,0,1,0,1,0,0,0,0,0,0,0,1,0,0,0,1,0,0,0,0,0,297772.9375,290000.0
1659,0,3,2,1,0.0,2.0,2,1,0,1,1,6,0,0,0,1,0,0,1,0,0,0,0,0,0,0,0,1,0,0,1,0,1,0,0,0,0,0,0,0,1,0,0,0,1,0,0,0,0,0,712.8416748046875,650.0
1519,1,2,3,1,0.0,1.0,3,1,0,1,1,9,0,0,0,1,1,0,0,0,0,0,0,0,0,0,0,1,0,0,1,0,1,0,0,0,0,0,0,0,1,0,0,0,1,0,0,0,0,0,211400.140625,210000.0
1770,0,3,0,1,0.0,0.0,2,1,0,1,1,5,0,0,0,0,0,0,0,1,0,0,0,0,1,0,1,0,0,0,1,0,0,0,1,0,0,0,0,0,1,0,0,1,1,0,0,0,0,0,638.8455810546875,550.0
1023,1,4,3,1,0.0,6.0,3,1,1,1,1,5,0,0,0,1,1,1,0,0,0,0,0,0,1,0,0,1,0,1,0,0,0,0,0,1,0,0,0,0,1,0,0,1,0,0,0,0,0,0,302548.53125,300000.0
2844,1,4,3,1,0.0,3.0,3,1,0,2,1,5,1,0,0,0,1,0,1,0,0,0,0,0,1,0,0,0,1,1,0,0,0,0,0,0,0,0,0,0,1,0,0,1,1,0,0,0,0,0,316345.875,315000.0
2880,1,4,2,1,0.0,1.0,3,1,0,1,1,5,1,0,0,1,0,0,1,0,0,0,0,0,1,0,0,1,0,0,1,0,0,0,1,0,0,0,0,0,1,0,0,1,1,0,0,0,0,0,264156.6875,260000.0
3021,0,3,2,1,0.0,1.0,3,1,1,1,1,4,0,0,0,1,0,0,1,0,0,0,0,1,0,0,0,0,1,1,1,0,0,0,1,0,0,0,0,1,1,0,0,0,1,0,0,0,0,0,0.0,1200.0
2792,1,4,2,1,0.0,1.0,2,1,1,1,1,3,0,0,0,0,0,0,0,1,0,0,0,0,1,0,0,0,0,1,1,0,0,0,1,0,0,0,0,1,1,0,0,0,1,0,0,0,0,0,259702.859375,260000.0
2889,1,4,3,1,0.0,5.0,3,1,1,0,1,6,1,0,0,1,1,0,0,0,0,0,0,0,1,0,0,0,0,0,1,0,0,0,1,0,0,0,0,0,1,0,0,1,1,0,0,0,0,0,306477.5,300000.0
2716,1,2,1,1,0.0,3.0,2,1,1,1,1,5,0,1,0,0,0,0,1,0,0,0,0,0,1,0,0,0,0,1,1,0,0,0,1,0,0,0,0,0,1,0,0,1,1,0,0,0,0,0,296270.71875,300000.0
2860,1,4,2,1,0.0,0.0,3,1,0,1,1,4,1,0,0,1,0,0,1,0,0,0,0,0,1,0,0,0,0,1,1,0,0,0,1,0,0,0,0,0,1,0,0,1,1,0,0,0,0,0,299894.4375,290000.0
2874,1,4,1,1,0.0,3.0,2,1,0,1,1,2,1,0,0,0,0,0,1,0,0,1,0,0,0,0,0,0,0,0,0,0,1,0,0,0,0,0,0,0,1,0,0,1,1,0,0,0,0,0,183687.515625,185000.0
2902,1,6,2,1,0.0,0.0,3,1,1,1,1,8,0,0,0,1,1,0,1,0,0,0,0,0,1,0,0,0,0,1,1,0,0,0,0,0,0,0,0,1,1,0,0,0,0,0,1,0,0,0,305342.34375,305000.0
2740,1,4,1,1,0.0,1.0,3,1,1,1,0,6,0,0,0,0,0,0,0,1,1,0,0,1,1,0,0,1,0,0,1,0,0,0,1,0,0,0,0,0,1,0,0,1,1,0,0,0,0,0,255575.828125,255000.0
2785,1,4,1,1,0.0,2.0,3,1,0,2,1,5,1,0,0,1,1,0,0,0,0,0,0,0,1,0,1,0,0,0,1,0,1,0,0,0,0,0,0,0,1,0,0,1,1,0,0,0,0,0,228545.015625,225000.0
2865,1,4,2,1,0.0,5.0,4,1,1,1,1,7,0,0,0,1,1,0,1,0,0,0,0,0,1,0,0,0,0,1,1,0,0,0,1,0,0,0,0,0,1,0,0,1,1,0,0,0,0,0,415659.21875,415000.0
2783,1,4,1,1,0.0,2.0,2,1,0,1,1,6,1,0,1,0,0,0,1,0,0,0,0,0,0,1,0,0,0,0,0,0,0,0,1,0,0,0,0,0,1,0,0,1,1,0,0,0,0,0,179293.40625,180000.0
2876,1,4,1,1,0.0,5.0,2,1,1,1,0,3,0,0,0,1,1,0,1,0,0,0,0,0,0,1,0,0,0,0,0,0,0,0,1,0,0,0,0,0,1,0,0,1,1,0,0,0,0,0,212668.53125,210000.0
2721,1,4,3,1,0.0,3.0,2,1,1,1,1,3,1,0,0,1,0,0,1,0,0,0,0,0,0,1,0,0,0,0,0,0,0,0,0,0,0,0,0,0,0,0,1,0,0,0,0,0,0,0,287140.21875,290000.0
2859,1,4,1,1,0.0,2.0,2,1,1,1,1,3,0,0,0,0,0,0,0,1,0,0,0,0,1,0,0,0,0,1,1,0,0,0,1,0,0,0,0,0,1,0,0,1,1,0,0,0,0,0,256406.390625,260000.0
2797,1,2,5,1,13.0,10.0,4,1,2,2,1,6,0,0,0,1,1,0,1,0,0,0,0,0,1,0,0,0,1,1,0,0,0,0,0,0,0,0,0,0,1,0,0,1,1,0,0,0,0,0,717045.25,725000.0
2773,1,4,5,1,0.0,2.0,5,1,1,1,1,10,0,0,0,1,1,0,1,0,0,0,0,0,1,0,0,1,0,1,0,0,0,0,0,0,0,0,0,1,1,0,0,0,1,0,0,0,0,0,506768.34375,500000.0
2751,1,4,1,1,0.0,2.0,2,1,1,1,1,3,0,0,0,0,0,0,0,1,0,1,0,1,1,0,0,0,0,1,1,0,0,0,1,0,0,0,0,0,1,0,0,1,1,0,0,0,0,0,235601.953125,230000.0
2735,1,4,1,1,0.0,3.0,2,1,1,1,0,4,1,0,0,0,0,0,1,0,1,0,0,0,0,1,0,0,0,0,0,0,1,0,0,1,0,1,0,0,1,0,1,0,0,0,0,0,0,0,170372.828125,170000.0
2761,1,4,3,1,0.0,2.0,4,1,1,2,1,8,0,0,0,1,0,0,1,0,0,1,0,0,1,0,1,0,0,1,0,0,1,0,0,0,0,0,0,0,1,0,0,1,1,0,0,0,0,0,317785.375,500000.0
3027,1,4,1,1,0.0,2.0,2,1,1,1,0,4,1,0,0,0,0,0,1,0,0,0,0,1,0,1,0,0,0,0,0,0,0,0,0,0,0,0,0,1,1,0,0,0,1,0,0,0,0,0,199061.703125,200000.0
2899,1,4,3,3,0.0,4.0,2,1,1,2,1,5,0,0,0,1,1,0,1,0,0,0,0,0,0,0,0,1,0,1,1,0,1,0,0,0,0,1,0,0,1,0,0,1,1,0,0,0,0,0,328840.0625,325000.0
3024,1,4,6,1,0.0,2.0,5,1,1,1,1,9,0,0,0,1,1,0,1,0,0,0,0,0,1,0,0,1,1,0,0,0,0,0,1,0,0,0,0,0,1,0,0,1,1,0,0,0,0,0,560216.375,560000.0
2870,1,4,2,1,0.0,1.0,2,1,0,1,1,5,1,0,0,1,0,0,1,0,0,0,0,0,1,0,0,0,0,1,1,0,0,0,1,0,0,0,0,0,1,0,0,1,1,0,0,0,0,0,261039.46875,250000.0
2754,1,2,2,3,0.0,4.0,3,1,1,1,1,5,0,0,0,1,1,0,1,0,0,0,0,0,0,0,0,1,0,1,1,0,0,0,1,0,0,0,0,0,1,0,0,1,1,0,0,0,0,0,334750.625,335000.0
1067,1,6,3,1,0.0,0.0,1,1,1,1,0,0,0,0,0,0,1,0,1,1,0,0,0,0,1,0,0,1,0,1,0,0,1,0,0,0,0,0,0,0,1,0,0,0,1,0,0,0,0,0,160474.828125,170000.0
1077,1,6,0,3,0.0,0.0,2,1,0,1,0,1,0,0,0,0,0,0,1,0,0,0,0,0,0,1,0,0,0,0,0,0,0,0,0,0,0,1,0,1,0,0,0,0,0,0,0,0,0,0,139880.875,50000.0
3531,1,2,3,1,0.0,1.0,4,1,1,1,1,4,0,0,0,0,1,0,1,0,0,0,0,0,1,0,1,1,0,0,0,0,0,0,0,0,0,0,0,0,1,0,0,0,1,0,0,0,0,0,295580.59375,300000.0
499,0,3,3,1,0.0,2.0,4,1,1,1,0,3,1,0,0,0,0,0,0,0,0,0,0,0,1,0,0,0,0,0,0,0,0,0,0,0,0,0,0,0,0,0,0,0,1,0,0,0,0,0,1558.7987060546875,1600.0
495,0,3,1,1,0.0,0.0,1,1,1,1,0,4,1,0,0,0,0,0,0,0,0,0,0,0,0,0,0,0,1,0,0,0,1,0,0,0,0,0,0,0,0,0,0,0,0,0,0,0,0,1,1090.6405029296875,1000.0
1375,0,3,1,1,0.0,4.0,3,1,1,1,1,0,0,0,0,0,0,0,0,1,0,0,0,0,1,0,0,1,0,0,0,0,0,0,0,0,0,0,0,0,1,0,0,0,1,0,0,0,0,0,497.0057678222656,825.0
1361,0,3,2,1,0.0,4.0,2,1,1,1,0,0,0,0,0,0,0,0,0,1,0,0,0,0,0,0,0,0,1,0,0,0,0,0,0,0,0,0,0,0,0,0,0,0,1,0,0,0,0,0,1055.6151123046875,750.0
1348,0,3,2,1,0.0,0.0,2,1,1,2,1,0,0,0,0,1,0,0,0,0,0,0,0,0,1,0,0,0,0,0,0,0,0,0,0,0,0,0,0,0,0,0,0,0,0,0,0,1,0,0,64.45010375976562,900.0
1069,1,0,4,1,0.0,4.0,3,1,1,1,1,2,0,0,0,1,0,0,1,1,0,0,0,0,1,0,1,0,0,1,0,0,1,0,0,0,0,0,0,0,1,0,0,0,1,0,0,0,0,0,220731.78125,225000.0
2907,0,3,3,1,0.0,1.0,4,1,1,1,1,7,0,0,0,1,1,0,1,0,0,0,0,0,0,0,0,1,0,1,1,0,0,0,1,0,0,0,0,1,1,0,0,0,1,0,0,0,0,0,1354.9627685546875,1350.0
3954,1,2,2,1,0.0,4.0,4,1,1,1,1,1,0,0,0,0,0,0,0,1,0,0,0,0,1,0,0,1,0,0,0,0,0,0,0,0,0,0,0,0,1,0,0,0,1,0,0,0,0,0,804144.75,800000.0
3519,1,6,2,1,0.0,3.0,3,1,1,2,0,6,0,0,0,1,0,0,1,0,0,0,0,0,1,0,0,0,1,0,0,0,0,0,1,0,0,0,0,0,1,0,0,0,1,0,0,0,0,0,250761.171875,250000.0
3487,1,6,2,1,0.0,3.0,4,1,0,2,2,5,1,0,0,0,1,0,1,0,0,0,0,0,1,0,1,0,1,0,0,0,1,0,0,0,0,1,0,0,1,0,0,1,1,0,0,0,0,0,185239.046875,190000.0
3506,1,6,1,1,0.0,1.0,3,1,1,2,1,7,1,0,0,0,0,0,1,0,0,0,0,1,1,0,1,1,0,0,0,0,1,0,0,0,0,1,0,1,1,0,0,0,1,0,0,0,0,0,167589.140625,165000.0
3488,1,6,0,1,0.0,1.0,2,1,1,1,1,4,0,0,0,1,0,0,1,0,0,1,0,0,0,0,1,0,1,0,1,0,0,0,1,0,0,0,0,1,1,0,0,0,1,0,0,0,0,0,159283.53125,160000.0
3487,0,3,4,1,0.0,7.0,5,1,1,2,1,12,0,0,0,1,1,0,0,0,0,0,0,0,1,0,1,0,0,0,0,0,1,0,0,0,0,0,0,0,1,0,0,0,1,0,0,0,0,0,1369.6854248046875,1200.0
2448,1,6,2,1,12.0,4.0,4,1,0,1,2,1,0,0,0,1,0,0,1,0,0,0,0,0,1,0,1,0,0,1,0,0,0,0,0,0,0,0,0,0,1,0,0,1,1,0,0,0,0,0,318585.0,315000.0
4111,1,4,6,1,0.0,2.0,4,1,1,1,1,6,0,0,0,1,0,1,1,0,0,0,0,0,1,0,1,0,0,1,0,0,0,0,0,0,0,0,0,0,1,0,0,0,0,0,1,0,0,0,1616400.875,1650000.0
4046,1,4,6,1,0.0,0.0,3,1,1,0,1,5,0,0,0,1,0,0,1,0,0,1,0,0,1,0,0,0,0,1,1,0,0,0,0,0,0,0,0,0,1,0,0,0,1,0,0,1,0,0,787706.1875,775000.0
4141,1,4,4,1,0.0,2.0,4,1,1,2,1,5,0,0,0,1,1,0,1,0,0,0,0,0,1,0,0,1,0,1,0,0,0,0,0,0,0,0,0,0,0,0,0,0,0,0,0,0,0,0,705402.8125,700000.0
4049,1,4,3,1,0.0,5.0,2,1,1,1,1,3,1,0,0,0,0,0,1,0,0,1,0,0,0,1,0,0,0,0,0,0,0,0,0,0,0,0,0,0,1,0,0,0,1,0,0,0,0,0,255121.234375,260000.0
4091,1,4,5,1,0.0,0.0,5,1,1,1,1,6,0,0,0,1,0,0,1,0,0,1,0,0,1,0,0,0,0,1,1,0,0,0,0,0,0,0,0,0,1,0,0,0,1,0,0,0,0,0,729570.125,735000.0
1490,1,4,2,1,0.0,0.0,3,1,1,2,1,1,0,0,0,1,1,0,1,0,0,0,0,0,1,0,0,0,0,1,1,0,0,0,1,0,0,0,0,1,1,0,0,0,1,0,0,0,0,0,329430.03125,325000.0
1487,1,4,2,1,0.0,0.0,2,1,0,1,1,2,1,0,0,0,0,0,1,0,0,0,0,0,1,0,0,0,0,1,1,0,0,0,1,0,0,0,0,1,0,0,0,1,1,0,0,0,0,0,245501.34375,250000.0
587,0,3,0,1,0.0,1.0,1,1,0,1,0,2,0,0,0,0,0,0,0,1,0,0,0,0,0,1,0,0,0,0,0,0,1,0,0,0,0,0,0,0,1,0,0,0,1,0,0,0,0,0,765.7049560546875,595.0
593,1,6,0,4,0.0,4.0,1,1,1,1,0,1,0,0,0,0,0,0,0,1,0,0,0,0,1,1,0,0,0,0,0,0,0,0,0,0,0,0,0,0,0,0,0,0,0,0,0,0,0,0,88030.921875,85000.0
592,1,2,2,3,0.0,6.0,2,1,1,0,0,2,0,0,0,1,0,0,0,0,0,0,0,0,0,0,0,1,0,0,1,0,1,0,0,0,0,0,0,0,1,0,0,0,1,0,0,0,0,0,260713.5,260000.0
3965,1,4,1,1,0.0,7.0,2,1,0,1,0,2,0,0,0,0,0,0,0,0,0,0,0,0,0,0,0,0,0,0,0,0,0,0,0,0,0,0,0,0,1,0,0,0,1,0,0,0,0,0,212502.15625,220000.0
582,1,4,3,1,0.0,0.0,3,1,0,1,1,6,0,0,0,1,0,0,0,0,0,0,0,0,0,0,0,1,0,0,1,0,0,0,0,0,0,0,0,0,1,0,0,0,1,0,0,0,0,0,396680.6875,395000.0
733,1,4,3,1,0.0,1.0,4,1,0,2,1,5,0,0,0,1,1,0,1,0,0,0,0,0,1,0,0,0,0,1,1,0,0,0,1,0,0,0,0,1,1,0,0,0,1,0,0,0,0,0,566062.5,550000.0
704,1,2,1,1,0.0,1.0,1,1,1,1,0,1,1,0,0,0,0,0,1,0,0,0,0,0,0,1,0,0,0,0,0,0,0,0,1,0,0,0,0,0,0,0,0,1,1,0,0,0,0,0,189053.625,200000.0
1512,1,2,3,1,0.0,0.0,2,1,0,2,2,5,0,0,0,0,0,0,0,1,0,0,0,0,1,0,1,0,0,0,1,0,0,0,1,0,0,0,0,0,0,0,0,1,1,0,0,0,0,0,474143.4375,475000.0
5343,1,4,3,1,0.0,2.0,3,1,2,1,1,3,0,0,0,1,0,0,1,0,0,1,0,0,0,0,1,0,0,1,1,0,0,0,1,0,0,0,0,0,1,0,0,0,1,0,0,0,0,0,346309.3125,350000.0
313,1,7,0,1,0.0,0.0,1,1,0,1,1,1,0,0,0,0,0,0,0,1,0,0,0,0,0,0,0,0,0,0,0,0,0,0,0,0,0,0,0,0,1,0,0,0,1,0,0,0,0,0,125938.1328125,125000.0
1923,1,7,0,3,0.0,1.0,3,1,0,1,1,4,0,0,0,0,0,0,0,1,0,0,0,0,0,0,1,1,0,0,1,0,0,0,0,0,0,0,0,1,1,0,0,0,0,0,0,0,0,0,103071.65625,115000.0
2036,1,7,0,1,0.0,1.0,1,1,1,1,0,2,0,0,0,0,0,0,0,1,0,0,0,0,0,0,0,1,0,0,0,1,0,0,0,0,0,0,0,0,1,0,0,0,1,0,0,0,0,0,77812.1328125,72000.0
2048,1,4,1,3,0.0,0.0,3,1,0,1,2,5,0,0,0,0,0,0,0,1,0,0,0,0,1,1,0,1,0,0,0,0,0,0,0,0,0,0,0,0,1,0,0,0,1,0,0,0,0,0,149384.109375,150000.0
1938,0,3,0,1,0.0,8.0,2,1,0,1,1,3,0,0,0,0,0,0,1,0,0,0,0,0,0,0,1,1,0,1,0,0,0,0,0,0,0,0,0,0,1,0,0,0,1,0,0,0,0,0,725.9295654296875,575.0
2047,1,4,1,1,0.0,8.0,3,1,0,1,1,3,0,0,0,1,0,0,1,0,0,0,0,0,1,0,0,1,1,0,0,0,0,0,0,0,0,0,0,0,1,0,0,0,1,0,0,0,0,0,151631.296875,150000.0
2058,1,4,1,1,0.0,1.0,2,1,0,1,1,2,0,0,0,1,0,0,1,0,0,0,0,0,1,0,0,1,1,0,0,0,0,0,0,0,0,0,0,1,1,0,0,0,0,0,0,0,0,0,147465.359375,140000.0
2088,1,4,2,3,0.0,1.0,4,2,1,1,1,12,0,0,0,0,0,0,1,0,0,0,0,0,0,0,1,0,1,1,0,0,0,0,0,0,0,0,0,0,0,0,0,0,1,0,0,0,0,0,469779.875,475000.0
2037,1,7,0,1,0.0,1.0,5,1,0,1,0,3,0,0,0,0,0,1,1,0,0,0,0,0,0,0,1,1,0,0,0,0,0,0,0,0,0,0,0,0,1,0,0,0,1,0,0,0,0,0,169733.15625,170000.0
1924,1,7,3,1,0.0,2.0,5,1,3,1,0,5,0,0,0,0,0,0,0,1,0,0,0,0,0,0,1,1,0,0,1,0,0,0,0,0,0,0,0,0,1,0,0,0,1,0,0,0,0,0,303161.25,300000.0
2044,1,7,1,1,0.0,1.0,2,1,0,1,1,5,0,0,0,0,0,0,1,0,0,0,0,0,0,0,0,1,1,0,1,0,0,0,0,0,0,0,0,0,1,0,0,0,1,0,0,0,0,0,167403.078125,165000.0
2085,1,4,4,1,0.0,3.0,5,1,0,1,1,5,0,0,0,0,0,0,1,0,0,0,0,0,1,0,1,0,0,0,0,0,0,0,0,0,0,0,0,0,1,0,0,0,1,0,0,0,0,0,382444.0,375000.0
1926,1,7,5,1,0.0,4.0,4,1,0,2,1,13,0,0,0,1,0,1,1,0,0,0,0,0,0,0,1,0,1,1,0,0,0,0,0,0,0,0,0,0,1,0,0,1,1,0,0,0,0,0,582069.1875,590000.0
1933,1,4,1,1,4.0,2.0,2,1,0,1,0,4,0,0,0,0,0,0,0,1,0,0,0,0,0,0,0,1,1,1,0,0,0,0,0,0,0,0,0,0,1,0,0,0,1,0,0,0,0,0,251804.359375,250000.0
2068,1,6,2,1,0.0,1.0,3,1,0,1,1,7,0,0,0,0,1,0,1,0,0,1,0,0,0,0,1,1,1,0,0,0,0,0,0,0,0,0,0,0,1,0,0,0,0,1,0,0,0,0,388782.4375,390000.0
2084,1,4,1,1,0.0,0.0,4,1,0,1,1,4,0,0,0,0,0,0,0,1,0,0,0,0,1,0,1,0,0,0,0,0,0,0,0,0,0,0,0,0,1,0,0,0,1,0,0,0,0,0,344130.46875,350000.0
2084,1,4,3,1,0.0,1.0,2,1,0,0,2,8,0,0,0,0,0,0,0,1,0,0,0,0,0,0,0,0,0,0,0,0,0,0,0,0,0,0,0,0,1,0,0,0,1,0,0,0,0,0,354914.0625,355000.0
2071,1,4,0,1,0.0,1.0,3,1,0,1,0,5,0,0,0,0,0,0,0,1,0,0,0,0,0,0,0,0,0,0,0,0,0,0,0,0,0,0,0,0,1,0,0,0,1,0,0,0,0,0,168071.421875,170000.0
2087,1,4,4,1,0.0,3.0,6,2,1,1,1,15,0,0,0,0,0,0,1,0,0,0,0,0,0,0,1,0,1,1,0,0,0,0,0,0,0,0,0,0,1,0,0,0,1,0,0,0,0,0,738023.5625,730000.0
2031,1,4,0,1,5.0,4.0,2,1,0,1,1,4,0,0,0,0,0,0,0,1,0,0,0,0,1,0,1,0,1,0,0,0,0,0,0,0,0,0,0,0,1,0,0,0,1,0,0,0,0,0,122169.765625,120000.0
1934,1,7,1,1,0.0,2.0,2,1,0,1,1,4,0,0,0,0,0,0,0,1,0,0,0,0,1,0,1,0,0,0,1,0,0,0,0,0,0,0,0,0,1,0,0,0,1,0,0,0,0,0,134148.484375,135000.0
2101,1,4,1,1,0.0,1.0,2,1,0,1,0,3,0,0,0,0,0,0,0,1,0,0,0,0,1,0,0,1,1,0,0,0,0,0,0,0,0,0,0,0,1,0,0,0,1,0,0,0,0,0,195198.046875,190000.0
2106,0,3,0,1,0.0,1.0,2,1,0,1,1,2,1,0,0,0,0,0,0,0,0,0,0,1,0,1,0,0,0,0,0,0,0,0,0,0,0,0,0,0,1,0,1,0,0,0,0,0,0,0,525.7694091796875,645.0
4454,1,6,2,1,0.0,1.0,3,1,0,2,1,6,0,0,0,1,0,0,1,0,0,1,0,0,1,0,0,0,1,0,1,0,0,0,0,0,0,0,0,1,1,0,0,0,1,0,0,0,0,0,353205.0,350000.0
557,0,3,1,1,0.0,2.0,2,1,0,1,1,2,0,0,0,0,0,0,0,0,0,0,0,0,1,0,0,0,0,0,0,0,0,0,0,0,0,0,0,0,1,0,0,0,1,0,0,0,0,0,791.6893310546875,790.0
3765,0,3,1,1,0.0,3.0,1,1,0,1,1,2,1,0,0,0,0,0,1,0,0,0,0,0,0,1,0,0,0,0,0,0,0,0,0,0,0,0,0,0,1,0,1,0,0,0,0,0,0,0,1001.7830810546875,775.0
4340,1,6,2,1,0.0,2.0,3,1,0,1,1,5,0,1,0,0,0,0,0,1,0,0,0,1,1,0,0,1,1,0,0,0,0,0,0,0,0,0,0,0,1,0,0,0,1,0,0,0,0,0,273273.1875,275000.0
549,0,3,2,1,0.0,4.0,3,1,0,1,1,4,0,0,0,1,0,0,1,0,0,0,0,0,1,0,1,0,1,0,0,0,0,0,0,0,0,0,0,0,1,0,0,0,1,0,0,0,0,0,1155.1815185546875,1350.0
4452,0,3,2,1,0.0,2.0,3,1,0,2,1,7,0,0,0,1,1,0,1,0,0,0,0,0,1,0,0,1,1,0,0,0,0,0,0,0,0,0,0,0,1,0,0,1,1,0,0,0,0,0,0.0,1325.0
4461,1,2,4,1,0.0,1.0,3,1,0,2,1,7,0,0,0,1,1,0,1,0,0,0,0,0,1,0,0,0,1,1,0,0,0,0,0,0,0,0,1,0,1,0,0,0,1,0,0,0,0,0,461976.65625,455000.0
2597,0,3,2,1,25.0,11.0,2,1,0,1,1,1,1,0,0,0,0,0,0,0,0,0,0,0,1,0,0,0,0,0,1,0,0,0,1,0,0,0,0,0,1,0,0,0,1,0,0,0,0,0,1116.3572998046875,950.0
972,1,2,4,1,2.0,3.0,2,1,1,0,1,0,0,0,0,0,0,0,0,0,0,0,0,0,0,0,0,0,0,0,0,0,0,0,0,0,0,0,0,0,1,0,0,0,0,0,0,0,0,0,754320.875,755000.0
978,1,4,4,1,20.0,0.0,0,0,1,0,1,0,1,0,1,0,0,0,0,0,0,0,0,0,0,0,0,0,0,0,0,0,0,0,0,0,0,0,0,0,0,0,0,0,1,0,0,0,0,0,571615.5,550000.0
979,1,4,3,1,2.0,0.0,1,1,1,1,1,0,0,0,0,0,0,0,0,0,1,0,0,0,0,1,0,0,0,0,0,0,0,1,0,0,0,0,0,0,0,0,0,0,0,0,0,0,0,0,423197.09375,450000.0
972,0,3,4,1,0.0,0.0,3,1,1,0,1,0,0,0,0,0,0,0,0,0,0,0,0,0,0,0,0,0,0,0,0,0,0,0,0,0,0,0,0,0,0,1,1,0,0,0,0,0,0,0,1857.6971435546875,3250.0
4267,1,6,3,1,0.0,0.0,3,1,1,1,1,5,0,0,0,1,1,0,1,0,0,0,0,0,1,0,1,0,0,0,1,0,1,0,0,0,0,0,0,0,1,0,0,0,1,0,0,0,0,0,237843.296875,375000.0
4258,1,6,2,1,0.0,6.0,3,1,1,1,1,3,0,0,0,1,0,0,1,0,0,0,0,0,1,0,0,1,0,1,0,0,0,0,0,0,0,0,0,0,1,0,0,0,1,0,0,0,0,0,270200.75,274000.0
4255,0,3,3,1,0.0,4.0,3,1,1,2,1,3,1,0,0,1,0,0,0,0,0,0,0,0,1,0,0,0,1,0,0,0,0,0,0,0,0,0,0,0,1,0,0,0,1,0,0,0,0,0,850.7752685546875,1400.0
2586,0,3,3,1,4.0,7.0,2,1,1,1,1,1,1,0,0,0,0,0,0,0,0,0,0,0,0,0,0,0,0,0,0,0,0,1,0,0,0,0,0,0,0,0,1,0,0,0,0,0,0,0,708.8690185546875,895.0
2485,0,3,0,1,0.0,0.0,1,1,0,1,0,4,0,0,0,1,1,0,0,0,0,0,0,0,0,0,0,0,0,0,0,0,0,0,0,0,0,0,0,0,1,0,1,0,0,0,0,0,0,0,509.1961975097656,475.0
2481,0,3,0,1,32.0,10.0,1,1,1,1,0,1,0,0,0,0,0,0,0,1,0,0,0,0,0,0,1,0,1,0,0,0,0,0,0,0,0,0,0,0,1,0,0,0,1,0,0,0,0,0,1054.3123779296875,595.0
1185,1,2,5,3,0.0,0.0,5,1,3,1,1,10,0,0,0,0,0,0,0,0,0,0,0,0,0,0,0,0,0,0,0,0,0,0,1,0,0,0,0,0,0,0,0,1,0,0,0,0,0,0,1637075.375,1700000.0
3300,1,2,4,1,24.0,3.0,5,1,1,1,1,4,0,0,0,1,1,0,0,0,0,0,0,0,0,0,0,1,0,0,1,1,0,0,0,0,0,0,0,1,0,0,0,0,0,0,0,0,0,0,415887.375,416000.0
3301,1,6,0,1,4.0,1.0,3,1,1,1,1,2,0,0,0,0,0,0,0,1,0,0,0,0,1,0,0,0,0,0,0,0,0,0,0,0,0,0,0,0,1,0,0,0,1,0,0,0,0,0,175565.484375,185000.0
3303,0,3,0,1,23.0,8.0,2,1,1,1,1,0,0,0,0,0,0,0,0,1,0,0,0,0,0,0,0,1,0,0,0,0,0,0,0,0,0,0,0,0,1,0,0,0,1,0,0,0,0,0,681.0291748046875,625.0
4058,1,4,3,1,8.0,1.0,2,1,1,1,0,3,0,0,0,0,1,0,1,0,0,0,1,0,1,0,0,1,0,1,0,0,0,0,0,0,0,0,0,1,0,0,0,1,0,0,0,0,0,1,379056.3125,375000.0
4082,1,4,3,4,5.0,3.0,3,1,1,1,0,4,0,0,0,1,0,0,1,0,0,1,0,0,1,0,0,0,0,1,1,0,0,0,0,0,0,0,0,1,1,0,0,0,1,0,0,0,0,0,399754.125,400000.0
4152,1,4,3,1,9.0,2.0,3,1,1,1,1,4,0,0,0,1,0,0,1,0,0,1,0,0,1,0,0,0,0,1,1,0,0,0,0,0,0,0,0,1,1,0,0,1,0,0,0,0,0,0,455555.125,450000.0
4075,1,4,3,1,4.0,4.0,2,1,1,1,1,4,0,0,0,1,0,0,1,0,0,1,0,0,1,0,1,0,0,1,0,0,0,0,0,0,0,0,0,1,1,0,0,1,0,0,0,0,0,0,442441.1875,450000.0
4122,1,4,3,1,8.0,5.0,2,1,1,1,1,2,1,0,0,0,0,0,1,0,0,1,0,0,1,0,0,0,0,1,1,0,0,0,0,0,0,0,0,1,0,0,0,1,1,0,0,0,0,0,318929.5625,325000.0
4130,1,4,3,1,7.0,4.0,3,1,1,1,1,3,0,0,0,1,0,0,1,0,0,1,0,0,1,0,0,0,0,1,1,0,0,0,0,0,0,0,0,0,1,0,0,0,1,0,0,0,0,1,587619.3125,585000.0
4114,1,4,3,3,0.0,2.0,2,1,1,1,1,2,0,0,0,0,0,0,0,1,0,0,0,0,1,0,0,0,0,1,1,0,0,0,0,0,0,0,0,0,1,0,0,1,1,0,0,0,0,0,447201.59375,450000.0
4051,1,4,2,1,4.0,5.0,2,1,1,1,1,2,1,0,1,0,0,0,1,0,0,0,0,0,0,0,0,0,0,0,0,0,0,1,0,0,1,1,0,0,1,1,0,0,0,0,0,0,0,1,460371.875,350000.0
4063,1,7,2,1,10.0,9.0,2,1,1,1,0,2,0,0,0,1,0,0,1,0,0,1,0,0,1,0,0,1,0,1,0,0,1,0,0,0,0,0,0,1,1,0,0,1,0,0,0,0,0,0,298299.75,300000.0
4467,0,3,1,1,15.0,4.0,1,1,1,1,0,0,0,0,0,1,0,0,0,0,0,0,0,0,0,0,0,1,1,0,1,0,1,0,0,0,0,0,0,0,1,0,0,1,1,0,0,0,0,0,726.5340576171875,1000.0
4465,1,7,3,1,20.0,2.0,5,1,1,1,1,0,0,0,0,1,0,0,1,0,0,0,0,0,0,0,0,0,1,0,1,0,1,0,0,0,0,0,0,0,0,0,0,0,1,0,0,0,0,0,398531.21875,415000.0
4464,1,7,3,1,17.0,2.0,4,1,1,2,1,3,0,0,0,1,1,0,1,0,0,0,0,0,0,0,0,1,0,0,1,0,1,0,0,0,0,0,0,0,1,0,0,0,1,0,0,0,0,0,393785.0625,395000.0
4463,1,2,2,1,10.0,1.0,3,1,1,2,1,3,0,0,0,1,0,0,1,0,0,0,0,0,1,0,0,0,1,0,0,0,1,0,0,0,0,0,0,0,0,0,0,0,1,0,0,0,0,0,377619.96875,375000.0
4468,1,2,3,1,0.0,1.0,3,1,1,1,1,2,0,0,0,1,0,0,1,0,0,0,0,0,1,0,0,0,0,0,1,0,1,0,0,0,0,0,0,0,1,0,0,0,1,0,0,0,0,0,344054.75,450000.0
28,1,0,2,1,0.0,0.0,3,1,1,2,1,3,0,0,0,1,0,0,1,0,0,0,0,0,0,0,0,0,0,0,0,0,0,0,1,0,0,0,0,0,2,0,0,0,0,0,0,0,0,0,136209.234375,130000.0
15,1,6,3,1,5.0,0.0,3,1,1,2,1,3,0,0,0,1,0,0,1,0,0,0,0,0,1,0,1,0,0,1,0,0,0,0,1,0,0,0,0,0,1,0,0,0,1,0,0,0,0,0,322803.9375,150000.0
36,1,6,0,1,0.0,0.0,1,1,1,1,0,1,0,0,0,0,0,0,0,1,0,0,0,0,0,1,1,0,0,0,1,0,0,0,1,0,0,0,0,0,1,0,0,0,1,0,0,0,0,0,58583.5546875,60000.0
2,1,6,1,1,0.0,0.0,2,1,1,0,0,2,0,0,0,0,0,0,0,1,1,0,0,0,0,1,1,0,0,1,0,0,1,0,0,0,0,0,0,0,1,0,0,0,1,0,0,0,0,0,195819.9375,95000.0
31,1,6,1,1,3.0,0.0,4,1,1,2,0,2,0,0,0,0,0,0,0,1,0,0,0,0,0,0,0,0,0,0,0,0,0,0,1,0,0,0,0,0,1,0,0,0,1,0,0,0,0,0,129149.8984375,125000.0
4,1,6,4,1,1.0,0.0,3,1,1,1,0,2,0,0,0,1,1,0,0,1,0,0,0,0,0,0,0,1,1,0,1,0,0,0,1,0,0,0,0,0,1,0,0,0,1,0,0,0,0,0,272027.46875,270000.0
5057,1,4,4,1,10.0,6.0,4,1,2,2,1,2,0,0,0,1,1,0,0,0,0,0,0,0,1,0,1,0,0,0,0,0,0,0,0,0,0,0,0,0,1,0,0,0,1,0,0,0,0,0,382205.5,380000.0
5020,1,4,0,1,20.0,7.0,4,1,1,0,1,2,0,0,0,1,0,0,0,0,0,0,0,0,0,0,1,0,0,0,0,0,0,0,0,0,0,0,0,0,1,0,0,0,1,0,0,0,0,0,277324.1875,279000.0
5062,1,4,4,1,6.0,1.0,4,1,1,1,1,3,0,0,0,1,1,0,0,0,0,0,0,0,0,0,1,0,0,0,0,0,0,0,0,0,0,0,0,0,1,0,0,0,1,0,0,0,0,0,399828.40625,300000.0
5030,1,7,2,1,14.0,5.0,3,1,2,1,1,1,0,0,0,1,1,0,0,0,0,0,0,0,1,0,0,1,0,0,0,0,0,0,0,0,0,0,0,0,1,0,0,0,1,0,0,0,0,0,279196.75,295000.0
5033,1,2,3,1,16.0,3.0,4,1,1,1,1,1,0,0,0,1,1,0,0,0,0,0,0,0,0,0,1,0,0,0,0,0,0,0,0,0,0,0,0,0,1,0,0,0,1,0,0,0,0,0,451286.96875,450000.0
5021,1,4,3,1,13.0,0.0,4,1,1,1,1,2,0,0,0,1,0,0,0,0,0,0,0,0,0,0,1,0,0,0,0,0,0,0,0,0,0,0,0,0,1,0,0,0,1,0,0,0,0,0,382670.75,385000.0
5011,1,4,1,3,14.0,2.0,3,1,1,2,1,2,0,0,0,1,1,0,0,0,0,0,0,0,0,0,1,0,0,0,0,0,0,0,0,0,0,0,0,0,1,0,0,0,1,0,0,0,0,0,228500.5625,230000.0
5007,1,4,1,1,14.0,7.0,2,1,1,1,1,2,0,0,0,0,0,0,0,1,1,0,0,0,1,0,1,0,0,0,0,0,0,0,0,0,0,0,0,0,1,0,0,0,1,0,0,0,0,0,203973.453125,200000.0
5056,1,2,1,1,0.0,0.0,5,1,1,2,1,2,0,0,0,1,0,0,0,0,0,0,0,0,0,0,1,0,0,0,0,0,0,0,0,0,0,0,0,0,1,0,0,0,1,0,0,0,0,0,360878.65625,370000.0
5046,1,4,1,1,10.0,3.0,3,1,1,0,1,2,0,0,0,1,1,0,0,0,0,0,0,0,0,0,1,0,0,0,0,0,0,0,0,0,0,0,0,0,1,0,0,0,1,0,0,0,0,0,282982.75,280000.0
5048,1,2,2,1,7.0,4.0,3,1,1,2,1,1,0,0,0,1,1,0,0,0,0,0,0,0,0,0,1,0,0,0,0,0,0,0,0,0,0,0,0,0,1,0,0,0,1,0,0,0,0,0,280408.8125,280000.0
5030,0,3,2,1,0.0,1.0,3,1,2,1,1,1,0,0,0,1,1,0,0,0,0,0,0,0,1,0,0,1,0,0,0,0,0,0,0,0,0,0,0,0,1,0,0,0,1,0,0,0,0,0,635.3026123046875,800.0
5022,1,4,2,1,7.0,1.0,2,1,1,1,1,0,0,0,0,0,0,0,0,0,0,0,0,0,0,1,0,0,0,0,0,1,0,1,0,0,0,0,0,0,0,0,0,0,1,0,0,0,0,0,214256.0625,200000.0
5061,1,2,1,1,0.0,1.0,1,1,1,0,1,0,1,0,0,0,0,0,0,0,0,0,0,1,0,0,1,0,0,0,0,0,0,0,0,0,0,0,0,0,0,0,0,0,1,0,0,0,0,0,180029.375,175000.0
5059,1,7,2,1,21.0,6.0,4,1,2,1,1,3,0,0,0,1,0,0,0,0,0,0,0,0,1,0,1,1,0,0,0,0,0,0,0,0,0,0,0,0,1,0,0,0,1,0,0,0,0,0,279809.25,275000.0
4038,0,3,1,1,8.0,3.0,2,1,0,1,0,3,0,1,0,0,0,0,0,0,0,0,0,0,0,1,0,0,0,0,0,0,1,0,0,0,0,0,0,0,0,0,0,0,1,0,0,0,0,0,13635.9296875,830.0
958,1,7,2,1,4.0,0.0,3,1,0,1,0,3,0,0,0,1,1,0,1,0,0,0,0,0,1,0,0,1,1,0,0,0,0,0,0,0,0,0,0,0,1,0,0,0,1,0,0,0,0,0,195369.5,320000.0
1862,1,7,0,1,0.0,0.0,5,1,0,1,1,0,0,0,0,0,0,0,0,1,0,0,0,0,1,0,0,0,0,0,0,0,0,0,0,0,0,0,0,1,0,0,0,1,0,0,0,0,0,0,98762.9453125,100000.0
874,1,7,2,1,4.0,0.0,4,1,0,1,1,4,0,0,0,1,1,0,1,0,0,0,0,0,1,0,0,0,1,0,1,0,0,0,0,0,0,0,0,0,1,0,0,0,1,0,0,0,0,0,183127.78125,180000.0
906,1,7,1,1,4.0,1.0,2,1,0,1,1,1,0,0,0,1,1,0,1,0,0,0,0,0,1,0,0,1,1,0,0,0,0,0,0,0,0,0,0,0,1,0,0,0,1,0,0,0,0,0,125287.0546875,225000.0
2397,1,7,0,1,18.0,1.0,2,1,1,1,1,3,0,0,0,1,0,0,1,0,0,1,0,0,0,0,1,1,1,0,0,0,0,0,1,0,0,0,0,0,1,0,0,0,1,0,0,0,0,0,178392.953125,180000.0
2445,1,7,3,1,3.0,0.0,4,1,0,1,1,10,0,0,0,1,0,0,1,0,0,0,0,0,0,0,0,1,0,0,1,0,0,0,1,0,0,0,0,0,1,0,0,0,1,0,0,0,0,0,457811.125,450000.0
2439,1,7,2,1,3.0,1.0,3,1,1,2,1,6,0,0,0,1,0,0,1,0,0,0,0,0,0,0,0,0,1,1,0,1,0,0,1,0,0,0,0,1,0,0,0,0,1,0,0,0,0,0,329272.84375,330000.0
2440,1,4,5,1,1.0,1.0,3,1,0,1,1,6,0,0,0,1,0,0,1,0,0,0,0,0,0,0,1,1,1,0,0,0,0,0,1,0,0,0,0,0,1,0,0,0,1,0,0,0,0,0,500823.9375,500000.0
123,0,3,1,1,6.0,26.0,2,1,1,1,1,4,0,0,0,0,0,0,1,0,0,0,0,0,1,0,0,0,0,0,0,0,0,0,1,0,0,0,0,0,1,0,0,0,1,0,0,0,0,0,1086.0565185546875,775.0
135,0,3,2,1,0.0,14.0,3,1,1,2,1,1,0,0,0,0,0,0,1,0,0,0,0,0,1,0,0,0,0,0,0,0,0,0,0,0,0,0,0,0,0,0,0,0,1,0,0,0,0,0,1060.2674560546875,925.0
2611,1,4,2,1,41.0,6.0,3,1,0,2,1,2,0,0,0,1,0,0,1,1,0,0,0,0,0,0,1,0,1,1,0,0,0,0,0,0,0,0,0,0,1,0,0,1,1,0,0,0,0,0,319511.1875,325000.0
5175,0,3,2,1,39.0,10.0,2,1,1,0,1,0,0,1,0,0,0,0,0,1,0,0,0,1,1,0,0,0,1,1,0,0,0,0,0,0,0,0,0,1,1,0,0,0,0,0,0,0,0,0,0.0,1250.0
2657,0,3,2,1,35.0,6.0,3,1,0,1,1,1,0,0,0,1,1,0,1,0,0,0,0,0,0,0,1,0,0,1,1,0,0,0,1,0,0,0,0,1,1,0,0,0,1,0,0,0,0,0,1478.6737060546875,1300.0
2608,0,3,1,1,0.0,7.0,2,1,0,1,1,1,0,1,0,0,0,0,0,0,0,0,0,0,1,0,1,0,0,1,0,0,0,0,1,0,0,0,0,0,1,0,0,1,1,0,0,0,0,0,1214.1561279296875,1050.0
4783,1,7,2,1,16.0,4.0,3,1,1,1,1,4,0,0,0,1,1,0,1,0,0,0,0,0,1,0,0,0,1,1,0,0,0,0,0,0,0,0,0,0,1,0,0,0,1,0,0,0,0,0,183145.296875,185000.0
4768,1,7,1,1,6.0,1.0,3,1,1,1,1,4,0,0,0,1,0,0,1,0,0,0,0,0,1,0,0,0,1,0,1,0,0,0,0,0,0,0,0,0,1,0,0,0,1,0,0,0,0,0,224221.1875,210000.0
4746,1,7,3,3,12.0,2.0,3,1,1,1,1,2,0,0,0,0,0,0,0,1,0,0,0,0,1,0,0,0,0,0,0,0,0,0,0,0,0,0,0,0,0,0,0,0,1,0,0,0,0,0,265723.15625,265000.0
4991,1,7,4,1,11.0,2.0,4,1,1,1,1,7,0,0,0,1,1,0,1,0,0,0,0,0,1,0,1,0,1,0,0,0,0,0,0,0,0,0,0,0,1,0,0,0,1,0,0,0,0,0,316970.375,375000.0
4757,0,3,3,1,15.0,10.0,3,1,1,2,1,5,0,0,0,1,0,0,1,0,0,0,0,0,1,0,1,0,1,0,0,0,0,0,0,0,0,0,0,0,1,0,0,0,1,0,0,0,0,0,916.9451904296875,825.0
4894,1,7,2,1,6.0,2.0,2,1,1,1,1,1,1,0,0,1,0,0,1,0,0,0,0,0,0,1,0,0,0,0,0,0,0,0,0,0,0,0,0,0,1,0,1,0,0,0,0,0,0,0,169227.4375,210000.0
4962,1,7,5,1,8.0,3.0,5,1,1,1,1,7,0,0,0,1,1,0,1,0,0,0,0,0,1,0,1,0,1,0,0,0,0,0,0,0,0,0,0,0,1,0,0,0,1,0,0,0,0,0,400277.03125,400000.0
4986,1,7,4,1,6.0,2.0,4,1,1,2,1,6,0,0,0,1,1,0,0,0,0,0,0,0,0,0,0,0,0,0,1,0,0,0,0,0,0,0,0,0,1,0,0,0,1,0,0,0,0,0,366884.375,365000.0
4985,1,7,1,1,9.0,4.0,2,1,1,1,1,2,0,0,0,1,0,0,0,0,0,0,0,0,1,0,0,0,0,0,0,0,0,0,0,0,0,0,0,0,0,0,0,0,1,0,0,0,0,0,173466.25,175000.0
4887,1,7,2,1,12.0,4.0,4,1,1,1,1,6,0,0,0,1,1,0,1,0,0,0,0,0,1,0,1,1,0,0,0,0,0,0,0,0,0,0,0,0,1,0,0,0,1,0,0,0,0,0,287871.1875,290000.0
4933,1,7,1,1,6.0,4.0,2,1,1,1,1,1,1,0,0,0,0,0,1,0,0,0,0,0,0,1,0,0,0,0,0,0,0,0,0,0,0,0,0,0,1,0,0,0,1,0,0,0,0,0,133441.046875,140000.0
4892,1,7,0,1,15.0,6.0,2,1,1,1,1,2,1,0,0,0,0,0,1,0,0,0,0,0,1,0,0,0,0,1,0,0,0,0,0,0,0,0,0,0,1,0,0,0,1,0,0,0,0,0,143127.828125,120000.0
4969,1,7,2,1,6.0,1.0,4,1,1,0,1,6,0,0,0,1,1,0,1,0,0,0,0,0,1,0,1,0,0,0,1,0,0,0,0,0,0,0,0,0,1,0,0,0,1,0,0,0,0,0,189407.046875,260000.0
4911,1,7,4,1,9.0,2.0,5,1,1,2,0,10,0,0,0,1,1,0,1,0,0,0,0,0,1,0,1,0,1,0,0,0,0,0,0,0,0,0,0,0,1,0,0,0,1,0,0,0,0,0,587605.0,575000.0
4744,0,3,0,1,14.0,8.0,1,1,0,1,1,1,1,0,0,0,0,0,1,0,0,0,0,0,0,0,0,0,0,0,0,0,0,0,0,0,0,0,0,0,1,0,0,0,1,0,0,0,0,0,525.7430419921875,600.0
4766,1,7,0,1,13.0,2.0,3,1,1,1,1,3,0,0,0,1,0,0,0,0,0,0,0,0,1,0,1,0,0,0,0,0,0,0,0,0,0,0,0,0,1,0,0,0,1,0,0,0,0,0,188498.5625,190000.0
4901,1,7,3,1,16.0,8.0,4,1,1,1,1,5,0,0,0,1,1,0,1,0,0,0,0,0,1,0,0,0,1,1,0,0,0,0,0,0,0,0,0,0,1,0,0,0,1,0,0,0,0,0,386423.375,320000.0
4764,1,7,1,1,5.0,2.0,2,1,1,1,1,3,0,0,0,0,0,0,0,1,0,0,0,0,1,0,1,0,0,1,0,0,0,0,0,0,0,0,0,0,1,0,0,0,1,0,0,0,0,0,209722.546875,215000.0
4989,1,7,1,1,2.0,2.0,3,1,1,1,1,3,0,0,0,1,0,0,1,0,0,0,0,0,0,0,0,1,1,0,1,0,0,0,0,0,0,0,0,0,0,0,1,0,0,0,0,0,0,0,189187.640625,190000.0
5002,1,7,1,1,0.0,1.0,2,1,1,1,1,4,0,1,0,0,1,0,1,0,0,0,0,0,0,1,0,0,0,0,0,0,0,0,0,0,0,0,0,0,1,0,0,0,1,0,0,0,0,0,248349.65625,250000.0
4868,1,7,1,1,8.0,1.0,2,1,1,0,1,3,0,0,0,0,0,0,0,1,0,0,0,0,1,0,0,0,0,0,0,0,0,0,0,0,0,0,0,0,1,0,0,0,1,0,0,0,0,0,139965.265625,190000.0
4033,0,3,1,1,35.0,14.0,1,1,0,1,1,0,0,0,0,0,0,0,1,0,0,0,0,0,0,0,0,0,0,0,1,0,0,0,0,0,0,0,0,0,0,0,0,0,0,0,0,0,0,0,631.3377685546875,675.0
73,0,3,3,1,30.0,22.0,3,1,1,1,1,8,0,0,0,1,1,0,1,0,0,0,0,0,1,0,1,0,0,1,0,0,0,0,0,0,0,0,0,1,0,0,0,1,1,0,0,0,0,0,3442.9609375,995.0
97,0,3,1,1,8.0,2.0,2,1,1,1,1,4,1,0,0,0,0,0,1,0,0,1,0,0,1,0,1,1,0,0,0,0,0,0,0,0,0,0,0,0,1,0,1,0,0,1,0,0,0,0,1165.8607177734375,800.0
490,0,3,1,1,14.0,6.0,3,1,0,1,0,6,0,0,0,1,0,0,1,0,0,1,0,0,1,0,1,0,0,1,0,0,0,0,0,0,0,0,0,0,1,0,0,1,1,0,0,0,0,0,377.2635803222656,1300.0
81,0,3,1,1,24.0,12.0,2,1,1,1,1,4,0,0,0,1,0,0,1,0,0,0,1,0,1,0,1,0,0,1,0,0,0,0,1,0,0,0,0,1,0,0,0,1,1,0,0,0,0,0,601.3690185546875,800.0
4197,0,3,1,1,12.0,4.0,2,1,0,1,0,7,1,0,0,0,0,0,0,0,0,1,0,0,1,0,1,0,0,1,0,0,0,0,0,0,0,0,0,0,1,0,0,0,1,0,0,0,0,0,653.9578857421875,895.0
71,1,7,4,1,10.0,1.0,4,1,1,1,1,13,0,0,0,1,1,1,0,0,0,0,0,0,1,0,1,0,0,1,0,0,0,0,0,0,0,0,0,1,0,0,0,0,1,0,0,1,0,0,565093.3125,550000.0
195,1,6,2,1,12.0,5.0,3,1,0,2,1,14,0,0,0,1,1,0,0,0,0,0,0,0,0,0,1,1,1,0,0,0,1,0,0,0,0,0,0,0,1,0,0,0,1,0,0,0,0,0,218019.109375,215000.0
145,1,6,3,1,14.0,1.0,4,1,0,1,1,11,0,0,0,1,0,0,0,0,0,0,0,0,0,0,0,1,0,1,1,0,0,0,0,1,0,0,0,0,1,0,0,0,1,0,0,0,0,0,317821.875,400000.0
148,1,6,1,1,2.0,2.0,3,1,1,1,1,11,0,0,0,0,0,0,1,0,0,0,1,0,0,0,0,1,1,0,0,0,1,0,0,0,0,0,0,0,1,0,0,0,1,0,0,0,0,0,257219.453125,250000.0
190,1,6,0,1,5.0,2.0,2,1,0,1,1,8,0,0,0,1,0,0,0,0,0,0,0,0,0,0,0,0,1,0,1,0,1,0,0,0,0,0,0,0,1,0,0,0,1,0,0,0,0,0,156635.046875,180000.0
155,1,6,3,1,9.0,0.0,4,1,1,1,1,12,0,0,0,1,0,0,0,1,0,0,1,0,0,0,0,1,0,1,1,0,1,0,0,0,0,0,0,0,1,0,0,0,1,0,0,0,0,0,371018.375,360000.0
157,1,7,1,1,6.0,1.0,2,2,2,1,0,6,1,0,0,0,0,0,1,0,0,0,0,0,0,1,0,0,1,0,0,0,1,0,0,0,0,0,0,0,1,0,1,0,0,0,0,0,0,0,164548.484375,160000.0
177,1,6,2,1,0.0,0.0,3,1,1,1,1,8,0,0,0,1,0,0,0,0,0,0,0,0,0,0,1,0,0,1,1,0,1,0,0,0,0,0,0,0,1,0,0,0,1,0,0,0,0,0,282087.9375,280000.0
2771,1,4,2,1,33.0,15.0,3,1,1,1,1,5,0,0,0,1,1,0,1,0,0,0,0,0,1,0,0,1,0,0,1,0,0,0,1,0,0,0,0,0,1,0,0,1,1,0,0,0,0,0,342202.0,340000.0
2849,1,2,3,1,13.0,7.0,4,1,0,2,1,7,0,0,0,1,1,0,1,0,0,0,0,0,0,0,0,0,1,1,1,0,0,0,0,0,0,0,0,1,1,0,0,0,1,0,0,0,0,0,381629.8125,375000.0
2866,1,4,2,1,12.0,2.0,2,1,1,1,0,4,1,0,0,0,0,0,1,0,0,0,0,1,0,1,0,0,0,0,0,0,1,0,0,1,0,1,0,1,1,0,1,0,0,0,0,0,0,0,202686.078125,200000.0
2758,1,4,3,1,37.0,3.0,3,1,1,1,1,6,0,0,0,1,0,0,1,0,0,0,0,0,1,0,0,1,0,1,0,0,0,0,0,0,0,0,0,0,1,0,0,1,1,0,0,0,0,0,380202.8125,375000.0
2783,0,3,1,1,2.0,0.0,2,1,0,1,1,2,1,0,0,0,0,0,1,0,0,0,0,1,0,0,0,0,0,0,0,0,1,0,0,0,0,1,0,1,1,0,0,1,0,0,0,0,0,0,9.241606712341309,1100.0
2917,1,4,3,1,13.0,2.0,4,1,1,2,1,6,0,0,0,1,1,0,1,0,0,0,0,0,1,0,0,0,0,1,1,0,0,0,0,1,0,1,0,0,1,0,0,1,1,0,0,0,0,0,354023.3125,425000.0
2840,1,2,2,1,5.0,2.0,3,1,0,1,1,8,1,0,0,1,0,0,1,0,0,0,0,0,1,0,0,1,0,0,1,0,0,0,1,0,0,0,0,0,1,0,0,1,1,0,0,0,0,0,304865.71875,310000.0
2872,1,2,3,1,15.0,3.0,3,1,1,2,1,4,1,0,0,1,0,0,1,0,0,0,0,0,1,0,0,1,0,0,1,0,0,0,1,0,0,0,0,1,1,0,0,1,0,0,0,0,0,0,320453.5625,325000.0
2738,1,4,3,1,16.0,4.0,4,1,1,1,1,6,0,0,0,1,1,0,1,0,0,0,0,0,1,0,0,0,0,0,1,1,0,0,1,0,0,0,0,0,1,0,0,1,1,0,0,0,0,0,445644.6875,450000.0
2747,1,4,1,1,9.0,5.0,2,1,1,1,1,6,0,0,0,1,0,0,1,0,0,0,0,1,1,0,0,1,0,0,1,0,0,0,1,0,0,0,0,0,1,0,0,1,1,0,0,0,0,0,202258.265625,285000.0
2912,1,4,3,1,6.0,3.0,4,1,1,1,1,6,0,0,0,1,1,0,1,0,0,0,0,0,1,0,0,0,0,1,1,0,0,0,1,0,0,0,0,1,1,0,0,0,1,0,0,0,0,0,413944.34375,400000.0
2781,1,4,2,1,22.0,6.0,3,1,1,1,1,5,0,0,0,1,0,0,1,0,0,1,0,0,1,0,0,0,0,1,1,0,0,0,1,0,0,0,0,0,1,0,0,1,1,0,0,0,0,0,354167.5625,350000.0
2815,1,7,2,1,8.0,6.0,3,1,1,1,1,8,0,0,1,1,0,0,1,0,0,0,0,0,0,0,0,1,0,1,1,0,1,0,0,0,0,0,0,0,1,0,0,1,1,0,0,0,0,0,408920.5,400000.0
2827,1,4,1,1,54.0,17.0,3,1,1,1,1,7,0,0,0,0,0,0,0,1,0,0,0,0,0,0,0,1,0,1,1,0,1,0,1,0,0,1,0,0,1,0,0,1,1,0,0,0,0,0,263658.71875,260000.0
2875,1,4,4,1,9.0,8.0,4,1,0,1,1,7,0,0,0,1,1,0,1,0,0,0,0,0,1,0,0,0,0,1,1,0,0,0,1,0,0,0,0,0,1,0,0,1,1,0,0,0,0,0,424742.46875,425000.0
3018,1,4,1,1,4.0,5.0,2,1,1,1,0,3,1,1,0,0,0,0,1,0,0,0,0,0,1,1,0,1,0,0,0,0,0,0,1,0,0,0,0,1,1,0,1,0,0,0,0,0,0,0,223655.78125,175000.0
2731,1,4,1,1,16.0,3.0,1,1,0,1,1,1,0,0,0,0,0,0,0,1,0,0,0,0,1,0,0,0,0,0,0,0,0,0,1,0,0,0,0,0,1,0,0,1,1,0,0,0,0,0,213642.515625,210000.0
2710,1,4,2,1,0.0,2.0,3,1,1,1,1,3,0,0,0,0,0,0,0,1,0,0,0,0,0,0,0,1,0,1,1,0,0,0,1,0,0,0,0,0,1,0,0,1,1,0,0,0,0,0,312865.3125,310000.0
5495,0,3,1,1,1.0,16.0,2,1,1,1,0,1,0,0,0,1,1,0,0,0,0,0,0,0,1,0,0,0,0,1,0,0,0,0,1,0,0,0,0,0,0,0,0,0,1,0,0,0,0,0,666.4647216796875,850.0
4282,1,2,2,3,4.0,1.0,3,1,1,1,0,3,0,0,0,0,0,0,1,0,0,0,0,0,0,0,0,0,1,0,1,0,1,0,0,0,0,0,0,0,0,0,0,0,0,0,1,0,0,0,389640.0,395000.0
2759,1,4,2,1,25.0,6.0,3,1,1,1,1,5,0,0,0,1,1,0,1,0,0,0,0,0,1,0,0,1,0,0,1,0,0,0,1,0,0,0,0,0,1,0,0,1,1,0,0,0,0,0,331770.4375,325000.0
3022,1,4,2,1,0.0,0.0,2,1,1,1,0,7,0,0,0,1,0,0,1,0,0,0,0,1,1,0,0,0,0,1,1,0,0,0,1,0,0,0,0,1,1,0,0,0,0,0,1,0,0,0,303424.53125,300000.0
2678,1,0,2,1,0.0,2.0,3,1,0,1,1,7,1,0,0,1,0,0,1,0,0,0,0,0,1,0,0,0,0,1,1,0,0,0,1,0,0,0,0,1,1,0,1,0,0,0,0,0,0,0,283126.25,267000.0
1373,0,3,1,1,0.0,0.0,2,1,1,0,1,2,0,0,0,0,1,0,0,0,0,0,0,0,0,1,0,0,0,0,0,0,1,0,0,0,0,0,0,0,0,0,0,0,1,0,0,0,0,0,449.7167053222656,695.0
1373,0,3,1,1,10.0,2.0,2,1,1,0,1,2,0,0,0,0,1,0,0,0,0,0,0,0,0,1,0,0,0,0,0,0,1,0,0,0,0,0,0,0,0,0,0,0,1,0,0,0,0,0,556.3065185546875,695.0
4713,0,3,0,1,6.0,1.0,2,1,0,1,1,0,0,0,0,0,0,0,0,1,0,0,0,0,0,0,0,0,0,0,0,0,0,0,1,0,0,0,0,0,1,0,1,0,0,0,0,0,0,0,467.3612365722656,450.0
4629,1,7,0,1,2.0,0.0,2,1,0,1,1,1,0,0,0,0,0,1,0,0,0,1,0,1,0,0,0,0,0,0,0,0,0,0,1,0,0,0,0,0,1,0,0,0,1,0,0,0,0,0,120191.3359375,120000.0
4604,0,3,0,1,7.0,4.0,3,1,1,2,1,3,0,0,0,0,0,0,0,1,0,0,0,0,1,0,1,0,0,0,1,0,0,0,1,0,0,0,0,0,0,0,0,0,1,0,0,0,0,0,1072.4315185546875,525.0
4010,1,4,2,1,4.0,0.0,3,1,1,1,1,3,0,0,0,1,1,0,1,0,0,0,0,0,0,0,0,0,0,0,0,0,0,0,1,0,0,0,0,0,0,0,0,0,1,0,0,0,0,0,187381.75,185000.0
4572,0,3,1,1,9.0,5.0,3,1,0,1,1,3,0,0,1,0,0,0,1,0,0,0,0,1,0,0,0,0,1,0,0,0,0,0,1,0,0,0,0,0,1,0,0,0,1,0,0,0,0,0,583.5877685546875,560.0
4544,0,3,0,1,7.0,3.0,1,1,0,1,1,1,0,0,0,0,0,0,0,1,0,0,0,0,0,1,0,0,1,0,0,0,1,0,1,0,0,0,0,0,1,0,0,0,1,0,0,0,0,0,458.2284240722656,425.0
4573,0,3,1,1,0.0,0.0,3,1,0,2,1,4,0,0,0,1,0,0,1,0,0,0,0,0,0,0,0,0,1,0,1,1,1,0,1,0,0,0,0,0,1,0,0,0,1,0,0,0,0,0,0.0,600.0
4531,0,3,1,1,8.0,7.0,3,1,1,1,1,1,0,0,0,0,0,0,0,1,0,0,0,0,1,0,0,0,1,0,1,0,0,0,1,0,0,0,0,0,1,0,0,0,1,0,0,0,0,0,833.4881591796875,525.0
4482,0,3,0,1,0.0,1.0,3,1,1,1,1,1,0,0,0,0,0,0,0,1,0,0,0,1,1,0,1,0,0,0,1,0,0,0,1,0,0,0,0,0,1,0,0,0,1,0,0,0,0,0,536.3026123046875,560.0
4628,0,3,0,1,18.0,5.0,3,1,0,1,1,1,0,0,0,0,0,0,1,0,0,0,0,0,1,0,1,0,0,0,0,0,1,0,0,0,0,0,0,0,1,0,0,0,1,0,0,0,0,0,722.5125732421875,695.0
4692,0,3,1,1,14.0,4.0,2,1,0,1,1,2,0,0,0,1,0,0,1,0,0,1,0,0,1,0,1,0,1,0,0,0,1,0,1,0,0,0,0,0,1,0,0,0,1,0,0,0,0,0,550.0447998046875,550.0
4595,0,3,1,1,18.0,6.0,2,1,0,1,1,5,0,0,0,1,0,0,1,0,0,1,0,0,1,0,1,0,1,0,0,0,1,0,1,0,0,0,0,0,1,0,0,0,1,0,0,0,0,0,573.5545654296875,700.0
4672,1,4,1,4,11.0,0.0,1,1,0,1,1,2,0,0,0,1,0,0,1,0,0,0,0,0,1,0,0,0,1,0,1,0,1,0,0,0,0,0,0,0,1,0,0,0,1,0,0,0,0,0,122700.9140625,125000.0
4683,0,3,2,1,17.0,5.0,3,1,0,2,1,2,0,0,0,1,0,0,1,0,0,1,0,0,1,0,0,0,0,0,1,0,1,0,1,0,0,0,0,0,1,0,0,0,1,0,0,0,0,0,335.5799865722656,695.0
4657,0,3,0,1,6.0,3.0,2,1,1,1,1,1,0,0,0,0,0,0,0,1,0,0,0,0,0,0,0,0,1,0,0,0,0,0,1,0,0,0,0,0,0,0,0,0,1,0,0,0,0,0,357.6170959472656,425.0
4712,1,7,2,1,25.0,4.0,2,1,1,1,1,5,0,0,0,1,1,0,1,0,0,0,0,0,1,0,0,1,0,0,1,0,1,0,0,0,0,0,0,0,1,0,0,0,1,0,0,0,0,0,227297.296875,224950.0
4597,0,3,0,1,9.0,3.0,2,1,0,1,1,2,0,0,0,0,0,0,0,1,0,0,0,0,0,0,0,0,0,0,0,0,0,0,1,0,0,0,0,0,1,0,0,0,1,0,0,0,0,0,529.1951904296875,425.0
4701,1,7,0,1,3.0,1.0,1,1,0,1,1,1,0,0,0,0,0,0,1,0,0,0,0,1,0,0,0,0,0,0,0,0,0,0,1,0,0,0,0,0,1,0,1,0,0,0,0,0,0,0,75409.9765625,80000.0
4508,0,3,0,1,0.0,1.0,2,1,1,1,1,3,0,0,0,0,0,0,0,1,0,0,0,0,1,0,0,0,1,0,1,0,0,0,1,0,0,0,0,0,0,0,0,0,1,0,0,0,0,0,637.1834716796875,460.0
4575,1,4,2,4,9.0,1.0,3,1,1,0,1,5,0,0,0,1,1,0,1,0,0,0,0,0,1,0,0,0,1,0,1,0,0,0,1,0,1,0,0,0,1,0,0,0,1,0,0,0,0,0,278879.75,200000.0
4691,0,3,0,1,14.0,2.0,2,1,1,1,1,1,0,0,0,0,0,0,0,0,0,0,0,0,1,0,1,0,1,0,0,0,0,0,1,0,0,0,0,0,1,0,0,1,1,0,0,0,0,0,516.6268310546875,540.0
612,0,3,0,1,6.0,5.0,2,1,1,1,1,2,0,0,0,0,0,0,0,1,0,0,0,0,1,0,1,0,0,0,1,0,1,0,1,0,0,0,0,0,1,0,0,0,1,0,0,0,0,0,824.1658935546875,600.0
4636,0,3,0,1,8.0,2.0,3,1,1,1,1,8,0,0,0,1,0,0,1,0,0,1,0,0,1,0,1,0,0,0,1,0,1,0,1,0,0,0,0,0,1,0,0,0,1,0,0,0,0,0,537.6131591796875,750.0
4675,0,3,1,1,7.0,1.0,2,1,0,1,1,1,1,0,0,0,0,0,1,0,0,0,0,1,0,0,0,0,0,0,0,0,0,0,1,0,0,0,0,0,1,0,0,0,1,0,0,0,0,0,569.4207763671875,550.0
4556,0,3,3,1,6.0,1.0,3,1,1,2,1,4,0,0,0,1,1,0,1,0,0,0,0,0,1,0,1,1,0,0,0,0,1,0,1,0,0,0,0,0,1,0,0,0,1,0,0,0,0,0,780.8221435546875,990.0
4572,0,3,1,1,6.0,2.0,3,1,0,1,1,2,1,0,1,0,0,0,0,0,0,0,0,1,0,0,1,1,1,0,0,0,0,0,1,0,0,0,0,0,1,0,0,0,1,0,0,0,0,0,0.0,605.0
4666,0,3,1,1,15.0,6.0,2,1,0,2,1,4,0,0,0,1,0,0,1,0,0,1,0,0,1,0,0,1,1,0,0,0,1,0,1,0,0,0,0,0,0,0,0,0,1,0,0,0,0,0,989.7147216796875,525.0
4714,0,3,2,1,4.0,1.0,2,1,0,0,1,6,0,0,0,1,0,0,1,0,0,0,0,0,1,0,0,0,0,0,1,0,1,0,0,0,0,0,0,0,1,0,0,0,1,0,0,0,0,0,813.1112060546875,675.0
4483,0,3,0,1,5.0,2.0,2,1,1,1,1,2,0,0,0,0,0,0,0,1,1,0,0,0,1,0,1,0,0,0,1,0,1,0,1,0,0,0,0,0,1,0,0,0,1,0,0,0,0,0,477.2284240722656,495.0
4620,0,3,0,1,0.0,1.0,3,1,2,1,1,1,0,0,0,0,0,0,0,1,0,0,0,0,1,1,0,0,0,0,0,0,0,0,1,0,0,0,0,0,1,0,0,0,1,0,0,0,0,0,334.9940490722656,690.0
4543,0,3,0,1,3.0,1.0,1,1,0,1,1,1,0,0,0,0,0,0,0,1,0,0,0,0,0,1,0,0,1,0,1,0,1,0,1,0,0,0,0,0,1,0,0,0,1,0,0,0,0,0,471.7831115722656,460.0
4552,0,3,0,1,2.0,1.0,2,1,0,1,1,0,1,0,0,0,0,0,1,0,0,0,0,1,0,1,0,0,0,0,0,0,0,0,1,0,0,0,0,0,1,0,0,0,1,0,0,0,0,0,230.60830688476562,525.0
5204,1,2,1,3,28.0,4.0,3,1,1,1,1,2,0,0,0,0,0,0,0,1,0,0,0,0,0,0,1,1,0,0,1,0,1,0,1,0,0,0,0,0,1,0,0,0,1,0,0,0,0,0,153724.640625,210000.0
5206,1,6,3,1,1.0,1.0,4,1,1,2,1,7,0,0,0,1,1,0,1,0,0,0,0,0,0,0,0,1,0,0,1,0,1,0,1,0,0,0,0,0,1,0,0,0,1,0,0,0,0,0,323413.375,325000.0
5311,1,7,0,1,9.0,1.0,2,1,1,1,1,3,0,0,0,0,1,0,0,1,0,0,0,0,0,0,1,1,0,0,1,0,1,0,1,0,0,0,0,0,1,0,0,0,1,0,0,0,0,0,128202.84375,130000.0
5197,1,2,3,1,0.0,0.0,4,1,0,2,1,6,0,0,0,1,1,0,1,0,0,0,0,0,1,0,0,1,1,0,0,0,1,0,1,0,0,0,0,0,1,0,0,0,1,0,0,0,0,0,335726.15625,325000.0
650,1,2,3,1,2.0,0.0,2,1,1,1,0,2,1,0,0,0,0,0,1,0,0,0,0,0,0,0,0,0,0,0,0,0,0,0,0,0,0,0,0,1,1,0,0,0,1,0,0,0,0,0,219171.875,225000.0
3669,1,2,4,1,8.0,3.0,4,1,1,0,1,4,0,0,0,1,1,0,1,0,0,0,0,0,1,0,1,0,0,0,1,0,0,0,0,0,0,0,0,1,1,0,0,1,0,0,0,0,0,0,539862.125,675000.0
3649,1,2,3,1,0.0,0.0,3,1,1,0,1,3,0,0,0,1,1,0,1,0,0,0,0,0,1,0,0,0,0,1,1,0,0,0,0,0,0,0,0,0,1,0,0,1,1,0,0,0,0,0,446447.0625,450000.0
3668,1,2,2,1,5.0,1.0,4,1,1,0,1,1,0,0,0,1,1,0,1,0,0,0,0,0,1,0,1,0,0,0,1,0,0,0,0,0,0,0,0,0,1,0,0,1,1,0,0,0,0,0,423491.5625,425000.0
4273,1,2,3,1,6.0,1.0,3,1,1,0,1,0,1,0,0,0,0,0,1,0,0,0,0,0,1,0,0,0,0,1,1,0,0,0,0,0,0,0,0,0,1,0,0,1,1,0,0,0,0,0,378323.84375,375000.0
3668,1,2,3,1,10.0,1.0,3,1,1,0,1,2,0,0,0,1,1,0,1,0,0,0,0,0,1,0,0,0,0,1,1,0,0,0,0,0,0,0,0,0,1,0,0,1,1,0,0,0,0,0,446720.25,400000.0
579,1,2,5,1,0.0,4.0,5,1,0,2,1,10,0,0,0,1,1,0,1,0,0,0,0,0,1,0,0,0,0,1,1,0,1,0,1,0,0,0,0,0,1,0,0,0,1,0,0,0,0,0,463376.625,450000.0
3981,1,4,1,1,5.0,1.0,1,1,1,1,0,0,0,0,0,0,0,0,0,0,0,0,0,0,0,0,0,0,0,0,0,0,0,1,0,0,0,0,0,0,1,0,0,0,1,0,0,0,0,0,180561.359375,180000.0
3995,1,4,3,1,8.0,6.0,3,1,1,1,1,3,0,0,0,1,0,0,1,0,0,0,0,0,1,0,0,0,0,0,1,0,0,0,0,0,0,0,0,0,1,0,0,0,1,0,0,0,0,0,458084.0,450000.0
3994,1,4,3,1,9.0,3.0,3,1,1,1,0,0,0,0,0,0,0,0,0,0,0,0,0,0,1,0,1,0,0,0,1,0,0,0,0,0,0,0,0,1,0,0,0,0,0,0,0,0,0,0,329732.375,514500.0
1151,0,3,2,1,11.0,4.0,2,1,0,0,1,4,0,0,0,0,0,0,0,1,1,0,0,1,0,0,1,0,1,1,0,0,0,0,1,0,0,0,0,0,1,0,0,1,1,0,0,0,0,0,910.6385498046875,1000.0
1113,0,3,1,1,1.0,1.0,2,1,1,1,0,1,0,0,0,1,0,0,1,0,0,1,0,0,1,0,1,0,0,0,1,0,0,0,1,0,0,0,0,1,1,0,0,0,1,0,0,0,0,0,872.5565185546875,825.0
1129,0,3,0,1,11.0,3.0,1,1,1,0,1,2,0,0,0,0,0,0,0,1,1,0,0,0,1,0,0,0,1,1,0,0,1,0,0,0,0,0,0,0,1,0,1,0,0,0,0,0,0,0,497.0096740722656,625.0
1156,0,3,2,1,26.0,3.0,4,1,1,2,1,5,0,0,0,1,0,0,0,1,0,0,0,0,1,0,1,0,1,0,0,0,0,0,1,0,0,0,0,1,0,0,0,1,0,0,0,0,0,0,284.6034240722656,1950.0
1095,0,3,0,1,12.0,2.0,1,1,0,1,1,0,1,0,0,0,0,0,1,0,0,1,0,0,0,1,0,0,0,0,1,0,0,0,1,0,0,0,0,0,0,0,0,1,1,0,0,0,0,0,880.2596435546875,750.0
1084,1,2,0,1,3.0,1.0,2,1,0,1,0,1,0,0,0,0,1,0,0,0,0,0,0,0,0,0,0,0,0,0,0,0,0,0,1,0,0,0,0,0,1,0,0,0,1,0,0,0,0,0,130074.3203125,130000.0
1132,0,3,0,1,10.0,2.0,2,1,0,1,1,1,0,0,0,0,0,0,0,1,1,0,0,1,0,0,0,0,0,0,0,0,0,0,1,0,0,0,1,0,0,0,1,0,0,0,0,0,0,0,390.5135803222656,700.0
1164,0,3,2,1,15.0,8.0,2,1,2,1,1,0,0,0,0,1,0,0,1,0,0,1,0,0,1,0,1,0,1,0,0,0,0,0,1,0,0,0,0,1,1,0,0,0,1,0,0,0,0,0,854.2518310546875,1300.0
1120,0,3,1,1,20.0,4.0,2,1,1,1,1,1,0,0,0,0,1,0,0,0,0,0,0,0,0,1,0,0,0,0,0,0,0,0,1,0,0,0,0,0,1,0,1,0,0,0,0,0,0,0,1126.2362060546875,800.0
1133,0,3,2,1,10.0,5.0,3,1,1,0,0,4,0,0,0,1,0,0,1,0,0,1,0,0,0,0,1,0,0,1,1,0,0,0,1,0,0,0,0,1,0,0,0,0,1,0,0,0,0,0,1025.8768310546875,950.0
1092,0,3,0,1,16.0,1.0,1,1,1,1,1,0,0,0,0,0,0,0,0,1,1,0,0,0,0,0,0,0,1,0,0,0,1,0,0,0,0,0,0,1,0,0,0,1,1,0,0,0,0,0,345.6874084472656,675.0
1135,0,3,0,1,23.0,7.0,1,1,0,1,1,0,0,1,0,0,0,0,0,1,0,0,0,0,0,1,0,0,0,0,0,0,1,0,0,0,0,1,0,1,1,0,0,1,0,0,0,0,0,0,1320.1258544921875,675.0
1158,0,3,4,1,17.0,4.0,4,1,1,1,1,2,0,0,0,1,1,0,1,0,0,0,0,0,0,0,1,0,0,1,1,0,0,0,1,0,0,0,0,0,1,0,0,1,1,0,0,0,0,0,1271.3651123046875,1650.0
1089,0,3,0,1,13.0,3.0,2,1,1,0,1,2,0,0,0,0,0,0,0,1,1,0,0,0,1,0,1,0,1,0,0,0,1,0,1,0,0,0,0,1,1,0,0,1,0,0,0,0,0,0,633.2283935546875,800.0
1129,0,3,0,1,14.0,2.0,2,1,1,0,1,2,0,0,0,0,0,0,0,1,1,0,0,0,0,0,0,0,1,0,0,1,1,0,0,0,0,0,0,1,1,0,0,1,0,0,0,0,0,0,784.0760498046875,700.0
1101,0,3,2,1,10.0,2.0,2,1,1,1,0,2,0,0,1,0,0,0,1,0,0,1,0,0,1,0,1,0,1,0,0,0,0,0,0,0,0,0,0,1,0,0,0,1,0,0,0,0,0,1,1053.6697998046875,1150.0
1102,0,3,3,1,6.0,5.0,3,1,2,2,1,2,0,0,0,0,0,0,0,1,1,0,0,1,1,0,1,0,1,0,0,0,0,0,1,0,0,0,0,1,0,0,0,1,1,0,0,0,0,0,16028.3828125,1900.0
1096,0,3,0,3,0.0,0.0,1,1,1,0,1,3,1,0,0,0,0,0,1,0,0,0,0,1,0,0,0,0,0,0,0,0,0,0,1,0,0,0,0,0,1,0,1,0,0,0,0,0,0,0,518.0369873046875,695.0
1139,0,3,2,1,0.0,5.0,2,1,0,0,1,3,1,0,0,0,0,0,1,0,0,1,0,0,0,0,0,0,0,0,0,0,0,0,1,0,0,0,0,0,1,0,1,0,0,1,0,0,0,0,784.4725341796875,900.0
1095,0,3,0,1,0.0,2.0,1,1,0,0,1,1,1,0,0,1,0,0,0,0,0,1,0,0,1,1,0,0,0,0,1,0,0,0,1,0,0,0,0,1,0,0,0,1,1,0,0,0,0,0,1241.4002685546875,775.0
1153,0,3,0,1,0.0,4.0,1,1,1,0,0,2,0,0,0,0,0,0,0,1,1,0,0,0,0,0,1,0,1,0,0,0,0,0,1,0,0,0,0,1,0,0,0,1,1,0,0,0,0,0,810.9217529296875,650.0
1107,0,3,2,1,21.0,5.0,2,1,1,1,0,3,0,0,0,0,1,0,0,1,0,0,0,0,1,0,0,0,1,0,0,0,0,0,1,0,0,0,0,0,1,0,0,1,1,0,0,0,0,0,985.0838623046875,850.0
1106,0,3,2,1,0.0,0.0,3,1,1,1,1,0,0,0,0,1,0,0,1,0,0,1,0,0,1,0,0,0,1,0,1,0,0,0,1,0,0,0,0,1,1,0,0,0,1,0,0,0,0,0,868.3065185546875,725.0
1106,0,3,2,1,0.0,0.0,3,1,1,1,1,0,0,0,0,1,0,0,1,0,0,1,0,0,1,0,0,0,1,0,1,0,0,0,1,0,0,0,0,1,1,0,0,0,1,0,0,0,0,0,868.3065185546875,725.0
1094,0,3,0,1,0.0,4.0,1,1,1,1,1,0,0,0,0,0,0,0,0,1,0,0,0,0,0,0,0,0,0,0,0,0,0,0,1,0,0,0,0,0,0,0,1,0,0,1,0,0,0,0,404.7147521972656,750.0
4638,0,3,0,1,12.0,3.0,2,1,1,1,1,2,0,0,0,0,0,0,0,1,0,0,0,0,1,0,1,0,0,0,1,0,1,0,1,0,0,0,0,0,1,0,0,0,1,0,0,0,0,0,666.4139404296875,630.0
4499,0,3,1,1,12.0,4.0,3,1,1,2,1,4,0,0,0,1,0,0,1,0,0,0,0,0,1,0,0,0,0,0,1,0,1,0,1,0,0,0,0,0,1,0,0,0,1,0,0,0,0,0,477.4940490722656,690.0
3556,0,3,1,1,9.0,8.0,1,1,1,0,1,2,0,0,0,0,0,0,0,0,0,0,0,0,0,0,0,0,0,0,0,0,0,0,1,0,0,0,0,0,1,0,0,0,1,0,0,0,0,0,729.7596435546875,595.0
3384,0,3,2,1,9.0,5.0,3,1,1,2,1,4,0,0,0,1,1,0,1,0,0,0,0,0,1,0,0,0,0,1,1,0,0,0,1,0,0,0,0,1,1,0,0,0,1,0,0,0,0,0,1012.2869873046875,950.0
3552,0,3,1,1,22.0,8.0,3,1,1,2,1,4,1,0,0,0,0,0,1,0,0,0,0,0,1,0,0,0,0,1,1,0,0,0,1,0,0,0,0,1,1,0,0,0,1,0,0,0,0,0,1120.6971435546875,925.0
3577,0,3,2,1,7.0,1.0,2,1,1,1,1,3,1,0,0,0,0,0,1,0,0,0,0,0,0,1,0,0,0,0,0,0,0,0,1,0,0,0,0,0,0,0,1,0,0,0,0,0,0,0,957.8924560546875,875.0
3382,0,3,0,1,0.0,4.0,3,1,1,1,1,3,0,0,0,0,1,0,0,1,0,0,0,0,1,0,1,0,0,0,0,0,0,0,1,0,0,0,0,0,0,0,0,0,1,0,0,0,0,0,735.0994873046875,875.0
3523,0,3,1,1,0.0,2.0,2,1,0,1,1,4,0,0,0,0,0,0,0,1,0,0,0,0,1,0,0,0,1,0,0,0,0,0,1,0,0,0,0,0,0,0,0,0,1,0,0,0,0,0,769.3260498046875,750.0
3480,0,3,2,1,11.0,2.0,2,1,1,2,1,3,1,0,0,0,0,0,1,0,0,0,0,0,1,0,0,0,0,0,0,0,0,0,1,0,0,0,0,0,0,0,0,0,1,0,0,0,0,0,963.4315185546875,800.0
3553,0,3,2,1,12.0,4.0,3,1,1,0,1,6,1,0,0,0,0,0,1,0,0,0,0,0,1,0,0,0,0,1,0,0,0,0,1,0,0,0,0,1,1,0,0,0,1,0,0,0,0,0,1078.5916748046875,800.0
3561,0,3,0,1,4.0,3.0,2,1,0,1,1,5,0,0,0,1,0,0,1,0,0,0,0,0,1,0,0,0,1,1,0,0,0,0,1,0,0,0,0,1,1,0,0,0,1,0,0,0,0,0,669.7557373046875,730.0
3489,0,3,1,1,0.0,7.0,3,1,1,1,0,3,0,0,0,1,1,0,1,0,0,0,0,0,1,0,0,1,1,0,0,0,0,0,1,0,0,0,0,1,1,0,0,0,1,0,0,0,0,0,981.4061279296875,900.0
3558,0,3,0,1,0.0,0.0,2,1,1,0,1,2,0,0,0,0,0,0,0,0,0,0,0,0,0,0,0,0,0,0,0,0,0,0,1,0,0,0,0,0,0,0,0,0,1,0,0,0,0,0,568.7752685546875,750.0
3484,0,3,1,1,0.0,9.0,3,1,1,1,1,4,0,0,0,1,1,0,0,0,0,0,0,0,0,0,0,0,1,1,0,0,0,0,1,0,0,0,0,0,1,0,0,0,1,0,0,0,0,0,1024.9158935546875,875.0
4127,1,4,4,1,18.0,6.0,4,1,1,1,1,3,0,0,0,1,0,0,1,0,0,1,0,0,1,0,0,0,0,1,1,0,0,0,0,0,0,0,0,0,1,0,0,1,1,0,0,0,0,0,479471.1875,475000.0
4140,1,4,3,1,8.0,8.0,2,1,1,1,1,1,1,0,0,1,0,0,0,0,0,1,0,0,0,1,0,0,0,0,1,0,0,0,0,0,0,0,0,1,1,0,0,1,0,0,0,0,0,0,275334.09375,280000.0
4061,1,4,4,1,6.0,0.0,4,1,1,1,1,5,0,0,0,1,0,0,1,0,0,1,0,0,1,0,0,0,0,1,1,0,0,0,0,0,0,0,0,1,1,0,0,0,1,0,0,0,0,0,612681.625,675000.0
4062,1,4,4,1,8.0,2.0,2,1,1,1,0,4,0,0,0,1,0,0,1,0,0,1,0,0,1,0,0,1,0,1,0,0,1,0,0,0,0,0,0,1,1,0,0,1,0,0,0,0,0,0,501014.46875,500000.0
4126,1,4,2,1,3.0,2.0,2,1,1,1,1,2,0,0,0,0,0,0,1,0,1,1,0,0,1,0,0,0,0,1,1,0,0,0,0,0,0,0,0,1,1,0,0,0,1,0,0,0,0,0,328900.78125,325000.0
4080,1,7,4,1,11.0,3.0,3,1,1,1,1,5,0,0,0,1,0,0,1,0,0,1,0,0,1,0,0,1,0,1,0,0,0,0,0,0,0,0,0,0,1,0,0,1,1,0,0,0,0,0,566015.25,575000.0
4170,1,4,3,1,1.0,3.0,2,1,1,1,1,2,0,0,0,0,0,0,1,0,0,1,0,1,0,1,0,0,0,0,0,0,0,0,0,0,0,0,0,0,1,0,0,1,1,0,0,0,0,0,195303.046875,475000.0
4059,1,4,4,1,9.0,4.0,3,1,1,1,0,2,0,0,0,1,0,0,1,0,0,1,0,0,1,0,0,0,0,1,1,0,0,0,0,0,0,0,0,1,1,0,0,1,0,0,0,0,0,0,623703.375,490000.0
2127,1,7,3,1,9.0,1.0,2,1,1,2,1,1,0,0,0,0,0,0,0,1,0,0,0,0,1,0,0,1,0,0,0,0,0,0,1,0,0,0,0,0,0,0,0,1,0,0,0,0,0,0,374948.75,415000.0
5142,0,3,3,1,2.0,1.0,2,1,1,1,1,2,1,0,0,0,0,0,1,0,0,0,0,0,0,0,0,0,0,0,0,1,0,0,1,0,0,0,0,0,1,0,1,0,0,1,0,0,0,0,307.4901428222656,1350.0
1216,0,3,2,1,9.0,5.0,2,1,1,1,1,2,1,0,0,0,1,0,0,0,0,0,0,0,1,0,0,0,0,0,0,0,0,0,1,0,0,0,0,0,1,0,0,0,1,0,0,0,0,0,1213.3377685546875,1200.0
2133,0,3,3,1,7.0,3.0,2,1,1,1,0,2,1,0,0,0,0,0,0,0,0,0,0,0,0,0,0,0,1,0,0,0,1,0,0,0,0,0,0,0,1,0,0,0,1,0,0,0,0,0,1395.5721435546875,1450.0
2113,0,3,2,1,5.0,1.0,3,1,1,0,1,1,1,0,0,0,0,0,0,0,0,0,0,0,0,0,0,0,0,0,0,0,0,0,0,0,0,0,0,1,1,0,0,0,0,1,0,0,0,0,1730.5643310546875,1300.0
2119,1,6,3,1,0.0,7.0,3,1,1,1,0,2,0,0,0,0,0,0,0,1,0,0,0,0,1,0,0,1,0,0,0,0,0,0,1,0,0,0,0,0,1,0,0,0,1,0,0,0,0,0,480063.4375,475000.0
1309,1,7,4,1,5.0,2.0,4,1,0,4,1,4,0,0,0,1,0,0,1,0,0,0,0,0,1,0,1,0,1,0,0,0,0,0,0,0,0,0,0,0,0,0,0,1,1,0,0,0,0,0,451475.21875,450000.0
1301,1,0,0,1,7.0,2.0,1,1,0,1,0,1,0,1,0,0,0,0,1,0,0,0,0,0,0,1,0,0,0,0,0,0,0,0,0,0,0,0,0,1,1,0,0,0,1,0,0,0,0,0,60646.9140625,77000.0
1310,1,6,2,1,4.0,2.0,3,1,0,1,1,4,0,0,0,1,0,0,1,0,0,0,0,0,1,0,0,1,1,0,0,0,0,0,0,0,0,0,0,1,1,0,0,0,1,0,0,0,0,0,281450.0,275000.0
1248,1,7,1,1,12.0,2.0,3,1,0,1,0,1,0,0,0,0,0,0,0,0,0,0,0,0,0,0,1,1,0,0,0,0,0,0,0,0,0,0,0,1,1,0,0,0,1,0,0,0,0,0,161796.515625,160000.0
1282,1,7,0,1,12.0,5.0,3,1,0,1,1,3,0,0,0,0,0,0,1,0,0,0,0,0,1,0,1,0,1,0,0,0,0,0,0,0,0,0,0,1,1,0,0,0,1,0,0,0,0,0,162723.234375,175000.0
1295,1,7,2,3,14.0,3.0,3,1,0,1,1,2,0,0,0,1,1,0,1,0,0,0,0,0,1,0,0,1,0,0,1,0,0,0,0,0,0,0,0,1,1,0,0,0,1,0,0,0,0,0,237756.890625,240000.0
1286,1,6,1,1,13.0,1.0,2,1,0,1,1,3,0,0,0,0,0,0,0,1,0,0,0,0,0,0,0,0,1,0,0,0,0,0,0,0,0,0,0,0,0,0,0,0,1,0,0,0,0,0,156903.140625,215000.0
1298,0,3,3,1,5.0,5.0,3,1,0,2,1,6,0,0,0,1,1,0,0,0,0,0,0,0,1,0,1,1,0,0,0,0,0,0,0,0,0,0,0,0,1,0,0,0,1,0,0,0,0,0,877.8084716796875,1275.0
1247,1,7,0,1,9.0,2.0,2,1,1,1,1,0,0,0,0,0,0,0,0,1,0,0,0,0,1,0,0,1,0,0,1,0,0,0,0,0,0,0,0,1,1,0,0,0,1,0,0,0,0,0,129969.5859375,130000.0
1299,1,7,1,1,6.0,1.0,3,1,0,1,1,3,0,0,0,0,0,0,0,1,0,0,0,0,0,0,0,0,1,1,0,0,0,0,0,0,0,0,0,1,1,0,0,0,1,0,0,0,0,0,227930.671875,225000.0
1314,0,3,2,1,16.0,5.0,3,1,0,2,1,1,0,0,0,1,0,0,1,0,0,0,0,0,0,0,1,1,0,0,0,0,0,0,0,0,0,0,0,1,1,0,0,0,1,0,0,0,0,0,985.7674560546875,900.0
1281,1,7,0,1,0.0,0.0,3,1,0,1,1,1,0,0,0,1,0,0,1,0,0,0,0,0,1,0,1,1,0,0,0,0,0,0,0,0,0,0,0,0,1,0,0,1,1,0,0,0,0,0,185781.28125,185000.0
2485,1,6,0,4,0.0,0.0,1,1,0,1,0,4,0,0,0,0,1,0,1,0,0,0,0,0,0,0,0,0,0,0,0,0,0,0,0,0,0,0,0,0,1,0,0,0,0,0,0,0,0,0,81743.3046875,80000.0
2485,1,6,0,1,6.0,2.0,1,1,0,1,0,4,0,0,0,1,1,0,0,0,0,0,0,0,0,0,0,0,0,0,0,0,0,0,0,0,0,0,0,0,1,0,1,0,0,0,0,0,0,0,78843.2421875,80000.0
2522,0,3,1,1,28.0,20.0,1,2,2,1,2,3,1,1,0,0,0,0,0,0,0,0,0,0,0,1,0,0,0,0,0,0,0,0,0,0,0,0,0,0,1,0,1,0,0,0,0,0,0,0,1461.5447998046875,675.0
2511,0,3,4,1,3.0,1.0,3,1,1,2,0,7,0,0,0,1,0,0,1,0,0,0,0,0,0,0,1,1,0,1,0,0,1,0,0,0,0,0,0,0,1,0,0,0,1,0,0,0,0,0,913.7694091796875,1600.0
2503,0,3,2,1,12.0,1.0,3,1,1,2,1,8,0,0,0,1,0,0,1,0,0,0,0,0,1,0,1,1,0,0,0,0,0,0,0,0,0,0,0,0,1,0,0,0,1,0,0,0,0,0,1003.4490966796875,1100.0
4736,0,3,3,1,0.0,2.0,4,1,1,2,1,4,0,0,0,0,0,0,0,1,1,0,0,0,0,0,0,1,0,1,1,0,0,0,1,0,0,0,0,0,1,0,0,0,1,0,0,0,0,0,38747.35546875,3600.0
4186,1,4,3,1,47.0,5.0,3,1,0,0,1,2,0,0,0,0,0,0,0,1,0,0,0,0,0,0,0,0,1,1,0,0,0,0,0,0,0,0,0,0,1,0,0,0,0,0,0,0,0,1,451210.09375,475000.0
2143,1,4,3,1,0.0,7.0,3,1,1,1,1,2,0,0,0,1,1,0,1,0,0,0,0,0,1,0,1,0,1,0,0,0,0,0,1,0,0,0,0,0,1,0,0,0,1,0,0,0,0,0,464714.75,475000.0
2021,1,7,2,1,7.0,1.0,3,1,1,1,1,3,0,0,0,0,0,0,1,0,0,1,0,0,0,0,0,0,0,0,1,1,0,0,1,0,0,0,0,0,0,0,0,0,1,0,0,0,0,0,240360.328125,245000.0
1882,1,7,0,1,14.0,5.0,2,1,1,1,0,2,0,0,0,0,0,0,0,1,0,0,0,0,0,0,0,0,0,0,1,0,0,0,0,0,0,0,0,0,0,0,0,0,1,0,0,0,0,0,75217.328125,75000.0
1945,1,7,0,1,2.0,1.0,3,1,1,3,2,1,0,0,0,0,0,0,0,1,0,0,0,0,1,0,0,1,0,0,0,0,0,0,0,0,0,0,0,0,1,0,0,0,1,0,0,0,0,0,144921.109375,145000.0
310,1,7,2,1,6.0,1.0,3,1,1,1,1,5,0,0,0,0,0,0,1,0,0,0,0,0,0,0,0,1,0,1,0,0,0,0,1,0,0,0,0,0,1,0,0,1,1,0,0,0,0,0,222790.09375,205000.0
286,0,3,3,1,12.0,3.0,3,1,1,1,1,6,0,0,0,1,1,0,1,0,0,0,0,0,1,0,0,0,0,1,1,0,0,0,1,0,0,0,0,0,1,0,0,1,1,0,0,0,0,0,1315.0721435546875,1000.0
213,1,7,0,1,18.0,2.0,2,1,1,1,0,4,0,1,0,0,0,0,1,0,0,0,0,0,0,0,0,1,0,0,0,0,0,0,1,0,0,0,0,0,1,0,0,1,1,0,0,0,0,0,90967.2734375,92000.0
207,1,6,2,1,2.0,1.0,3,1,1,1,1,5,0,0,0,1,1,0,1,0,0,0,0,0,1,0,1,0,0,0,1,0,0,0,1,0,0,0,0,0,1,0,0,1,1,0,0,0,0,0,169451.421875,170000.0
306,1,7,0,1,9.0,5.0,1,1,1,1,0,4,0,0,0,0,0,0,0,1,0,0,0,0,0,0,0,1,1,0,0,0,0,0,1,0,0,0,0,0,1,0,0,1,1,0,0,0,0,0,125603.359375,95000.0
5214,1,4,2,1,14.0,1.0,3,1,0,1,1,3,0,0,0,1,1,0,1,0,0,0,0,0,1,0,0,1,0,0,0,0,0,0,1,0,0,0,0,0,1,0,0,1,1,0,0,0,0,0,209806.609375,200000.0
1274,0,3,1,1,22.0,2.0,2,1,0,1,0,1,0,0,0,0,1,0,1,1,0,0,0,0,1,0,0,0,0,1,1,0,0,0,1,0,0,0,0,0,0,0,1,0,0,0,0,0,0,0,1171.3143310546875,600.0
317,1,7,1,1,13.0,6.0,3,1,0,1,1,3,0,0,0,1,0,0,1,0,0,0,0,0,1,0,1,0,0,0,1,0,0,0,1,0,0,0,0,0,1,0,0,1,1,0,0,0,0,0,140421.375,140000.0
321,1,7,3,1,15.0,3.0,3,1,1,1,1,7,0,0,0,1,1,0,1,0,0,0,0,0,1,0,0,0,0,1,1,0,1,0,0,0,0,0,0,0,1,0,0,1,1,0,0,0,0,0,354946.1875,350000.0
326,1,7,2,1,13.0,4.0,2,1,0,1,1,3,0,0,0,1,0,0,1,0,0,0,0,0,1,0,0,0,0,0,1,0,0,0,1,0,0,0,0,0,1,0,0,1,1,0,0,0,0,0,185520.671875,140000.0
202,1,7,0,2,10.0,3.0,2,1,1,0,1,0,0,0,0,0,0,0,0,1,0,0,0,0,1,0,0,0,0,1,1,0,0,0,1,0,0,0,0,0,1,0,0,0,0,0,0,0,0,0,84590.8984375,110000.0
298,1,7,4,1,5.0,4.0,4,1,0,2,1,6,0,0,0,1,1,0,1,0,0,0,0,0,1,0,0,1,0,0,0,0,0,0,1,0,0,0,0,0,1,0,0,1,1,0,0,0,0,0,282125.96875,350000.0
209,1,2,1,1,10.0,4.0,2,1,1,1,0,2,0,0,0,0,0,0,0,1,0,0,0,0,1,0,0,0,0,1,1,0,0,0,1,0,0,0,0,0,1,0,0,1,1,0,0,0,0,0,108299.9453125,105000.0
319,1,7,0,1,14.0,7.0,3,1,1,1,1,2,0,0,0,1,0,0,1,0,0,0,0,0,1,0,1,0,0,0,1,0,0,0,1,0,0,0,0,0,1,0,0,1,1,0,0,0,0,0,133478.78125,135000.0
1251,0,3,1,1,9.0,1.0,2,1,1,1,0,3,0,0,0,0,0,0,0,1,0,0,0,0,1,0,0,1,0,0,0,0,1,0,0,0,0,0,0,0,1,0,0,1,1,0,0,0,0,0,647.8651123046875,650.0
5237,0,3,1,1,10.0,2.0,2,1,1,1,0,2,1,0,0,0,0,0,0,0,0,1,0,0,0,1,0,0,0,0,0,0,0,0,1,0,0,0,0,0,1,0,0,0,1,0,0,0,0,0,981.9647216796875,550.0
1259,0,3,0,1,7.0,2.0,1,1,1,0,0,6,0,0,0,0,0,0,0,1,0,0,0,0,0,0,0,0,0,0,0,0,0,0,1,0,0,0,0,0,1,0,0,1,1,0,0,0,0,0,600.6971435546875,495.0
5220,1,7,2,1,7.0,1.0,4,1,0,1,2,4,0,0,0,1,0,0,1,0,0,0,0,0,1,0,0,0,0,1,1,0,0,0,1,0,0,0,0,0,1,0,0,1,1,0,0,0,0,0,218297.703125,210000.0
5212,1,7,2,1,7.0,0.0,3,1,0,1,1,6,0,0,0,1,1,0,1,0,0,0,0,0,1,0,0,0,0,0,1,0,0,0,1,0,0,0,0,0,1,0,0,1,1,0,0,0,0,0,194819.671875,189950.0
299,1,7,2,3,0.0,1.0,3,1,1,0,1,5,0,0,0,1,1,0,1,0,0,0,0,0,1,0,0,1,0,0,0,0,0,0,1,0,0,0,0,0,1,0,0,1,1,0,0,0,0,0,214143.453125,165000.0
302,1,2,1,2,2.0,1.0,2,1,0,1,0,6,0,0,0,0,0,0,0,1,0,0,0,0,0,0,0,1,0,0,0,0,0,0,1,0,0,0,0,0,1,0,0,1,1,0,0,0,0,0,43178.49609375,85000.0
5238,0,3,2,1,14.0,4.0,3,1,1,1,0,3,0,0,0,1,1,0,1,0,0,0,0,0,1,0,0,0,0,0,0,0,0,0,1,0,0,0,0,0,1,0,0,1,1,0,0,0,0,0,645.0057373046875,700.0
1252,0,3,2,1,0.0,1.0,3,1,1,1,1,3,0,0,0,0,0,0,0,1,0,0,0,0,1,0,0,1,0,0,0,0,0,0,1,0,0,0,0,0,1,0,0,1,1,0,0,0,0,0,1190.5408935546875,795.0
283,1,2,1,4,2.0,2.0,2,1,1,1,1,3,0,0,0,0,0,0,0,1,0,0,0,0,0,0,0,0,0,0,1,0,0,0,1,0,0,0,0,0,1,0,0,1,1,0,0,0,0,0,68474.140625,70000.0
5231,1,7,1,1,9.0,4.0,2,1,0,1,1,6,0,0,0,0,1,0,0,1,0,0,0,0,1,0,0,0,0,0,1,0,0,0,1,0,0,0,0,0,1,0,0,1,1,0,0,0,0,0,143850.4375,140000.0
279,0,3,1,1,8.0,3.0,2,1,1,1,0,5,0,0,0,0,0,0,0,1,0,0,0,0,0,0,0,0,0,0,0,0,0,0,1,0,0,0,0,0,1,0,0,1,1,0,0,0,0,0,722.5565185546875,595.0
2411,0,3,1,1,16.0,6.0,3,1,0,1,1,1,0,0,0,1,0,0,1,0,0,1,0,0,1,0,1,1,0,0,0,0,0,0,0,0,0,0,0,0,1,0,0,0,1,0,0,0,0,0,1158.9315185546875,900.0
3361,1,7,1,1,16.0,2.0,3,1,0,1,1,7,0,0,0,0,0,0,0,1,0,0,0,0,0,0,0,0,0,1,1,0,1,0,0,0,0,0,0,0,1,0,0,0,1,0,0,0,0,0,251871.40625,250000.0
3376,1,7,0,1,12.0,1.0,3,1,0,1,2,4,0,0,0,0,0,0,0,1,0,0,0,0,1,0,0,1,1,0,0,0,1,0,0,0,0,0,0,0,1,0,0,0,1,0,0,0,0,0,140372.28125,155000.0
3341,1,7,4,1,15.0,5.0,3,1,1,2,1,8,0,0,0,1,1,0,1,0,0,0,0,0,1,0,1,0,0,1,0,0,0,0,1,0,0,0,0,1,1,0,0,0,1,0,0,0,0,0,578791.75,575000.0
3079,1,7,0,1,6.0,3.0,2,1,0,1,1,5,0,0,0,0,0,0,1,0,0,0,0,0,0,0,0,0,1,0,1,0,1,0,0,0,0,0,0,0,1,0,0,0,1,0,0,0,0,0,158344.484375,160000.0
3321,1,7,3,1,5.0,1.0,5,1,0,2,2,7,0,0,0,1,1,0,0,0,0,0,0,0,0,0,0,0,1,1,1,0,1,0,0,0,0,0,0,0,0,0,0,0,1,0,0,0,0,0,346172.4375,475000.0
3360,1,7,0,1,8.0,2.0,3,1,0,1,1,3,0,0,0,0,0,0,0,1,0,0,0,0,1,0,0,0,1,0,1,0,1,0,0,0,0,0,0,0,1,0,0,0,1,0,0,0,0,0,228939.421875,230000.0
3080,1,7,0,1,12.0,1.0,3,1,0,1,1,6,0,0,0,1,0,0,1,0,0,0,0,0,0,0,0,1,1,0,1,0,1,0,0,0,0,0,0,0,1,0,0,0,1,0,0,0,0,0,182526.234375,180000.0
2419,1,4,4,1,27.0,9.0,4,1,0,2,1,4,0,0,0,1,1,0,0,0,0,0,0,0,1,0,0,0,0,0,0,0,0,0,1,0,0,0,0,0,0,0,0,0,1,0,0,0,0,0,407047.9375,350000.0
2405,0,3,0,1,17.0,5.0,2,1,0,1,0,2,0,0,0,0,0,0,0,0,0,0,0,0,1,0,0,0,0,0,1,0,0,0,1,0,0,0,0,0,1,0,0,0,1,0,0,0,0,0,548.1668701171875,700.0
2406,0,3,0,1,9.0,5.0,2,1,1,1,1,0,0,0,0,0,0,0,0,1,0,0,0,0,1,0,0,0,0,0,0,0,0,0,1,0,0,0,0,0,1,0,0,0,1,0,0,0,0,0,613.1112060546875,795.0
658,1,2,2,4,15.0,3.0,2,1,0,1,1,2,0,1,0,0,0,0,0,0,0,0,0,0,0,1,0,0,0,0,0,0,0,0,0,0,0,0,0,0,0,0,0,0,1,0,0,0,0,0,257219.546875,260000.0
761,1,2,2,1,22.0,6.0,2,1,1,1,0,1,1,0,0,1,0,0,1,0,0,0,0,0,1,1,0,0,0,0,1,0,0,0,1,0,0,0,0,0,1,0,0,1,1,0,0,0,0,0,165250.28125,220000.0
760,1,2,3,1,6.0,1.0,2,1,1,1,1,1,0,0,1,0,0,0,1,0,0,1,0,0,0,0,0,0,0,0,0,1,0,1,0,0,0,1,0,1,1,0,0,0,1,0,0,0,0,0,250374.578125,240000.0
660,1,2,4,1,4.0,1.0,4,1,0,1,1,6,0,0,0,1,0,0,1,0,0,1,0,0,1,0,0,0,0,1,1,0,0,0,0,0,0,0,0,0,0,0,0,0,1,0,0,0,0,0,395041.75,700000.0
2930,1,2,4,1,15.0,6.0,4,1,1,1,1,3,0,0,0,1,1,0,1,0,0,0,0,0,1,0,0,1,0,0,0,0,0,0,0,0,0,0,0,0,0,0,0,0,1,0,0,0,0,0,456647.875,450000.0
5492,0,3,2,1,7.0,17.0,3,1,0,2,1,2,0,0,0,1,1,0,1,0,0,0,0,0,1,0,0,1,0,0,0,0,0,0,1,0,0,0,0,0,0,0,0,0,1,0,0,0,0,0,1285.1600341796875,1150.0
5473,0,3,1,1,5.0,14.0,2,1,0,1,1,2,1,0,0,0,0,0,1,0,0,0,0,0,0,0,0,0,0,0,0,0,0,0,1,0,0,0,0,0,0,0,0,0,0,0,0,0,0,1,622.1473388671875,950.0
5354,0,3,1,1,5.0,36.0,2,1,1,1,1,2,0,0,0,0,0,0,0,1,0,0,0,0,1,0,0,1,0,1,0,0,0,0,1,0,0,0,0,1,0,0,0,1,1,0,0,0,0,0,63740.1171875,900.0
5381,0,3,0,1,2.0,22.0,1,1,1,1,0,1,0,0,0,0,0,0,1,0,0,0,0,0,0,1,0,0,0,0,0,0,0,0,1,0,0,0,0,0,0,0,0,1,1,0,0,0,0,0,596.2791748046875,675.0
5419,0,3,2,1,1.0,9.0,3,1,1,2,1,2,0,0,0,1,0,0,1,0,0,0,0,0,1,0,1,0,0,0,0,0,0,0,1,0,0,0,0,0,1,0,0,0,1,0,0,0,0,0,962.8065185546875,1050.0
5347,0,3,1,1,9.0,9.0,1,1,1,1,1,2,0,0,0,0,0,0,0,0,0,0,0,0,0,1,0,0,0,0,0,0,0,0,1,0,0,0,0,0,0,0,1,0,0,0,0,0,0,0,813.3182373046875,875.0
5421,0,3,2,1,1.0,1.0,2,1,1,1,0,3,0,0,0,1,1,0,0,0,0,0,0,0,1,0,0,1,0,0,0,0,0,0,1,0,0,0,0,0,0,0,0,1,1,0,0,0,0,0,849.2987060546875,950.0
5421,0,3,2,1,0.0,0.0,2,1,1,1,0,3,0,0,0,1,1,0,0,0,0,0,0,0,1,0,0,1,0,0,0,0,0,0,1,0,0,0,0,0,0,0,0,1,1,0,0,0,0,0,843.8338623046875,875.0
5372,0,3,3,1,2.0,3.0,4,1,1,2,0,2,0,0,0,0,0,0,0,1,0,0,0,0,1,0,0,0,1,0,0,0,0,0,1,0,0,0,0,0,0,0,0,1,1,0,0,0,0,0,0.0,1900.0
5509,0,3,5,1,3.0,4.0,5,1,0,2,1,5,0,0,0,1,1,0,0,0,0,0,0,0,1,0,0,0,0,0,0,0,0,0,1,0,0,0,0,0,0,0,0,0,1,0,0,0,0,0,2529.8984375,2250.0
5386,0,3,1,1,0.0,1.0,2,1,0,1,1,2,0,0,0,1,0,0,0,0,0,0,0,0,1,0,0,1,0,0,0,0,0,0,1,0,0,0,0,0,1,0,0,0,1,0,0,0,0,0,657.8377685546875,850.0
5429,0,3,2,1,4.0,11.0,2,1,1,1,0,3,1,0,0,0,0,0,1,0,0,0,0,0,0,1,0,0,0,0,0,0,0,0,1,0,0,0,0,0,0,0,1,0,0,0,0,0,0,0,1086.9705810546875,850.0
5431,0,3,0,3,2.0,2.0,1,1,1,1,1,0,0,0,0,1,0,0,0,0,0,0,0,0,0,1,0,0,0,0,0,0,0,0,1,0,0,0,0,0,0,0,0,1,0,0,0,0,0,0,590.1463623046875,700.0
5479,0,3,1,1,2.0,10.0,2,1,1,1,0,1,0,0,0,0,0,0,0,1,1,0,0,0,1,0,1,0,0,0,0,0,0,0,1,0,0,0,0,0,1,0,0,0,1,0,0,0,0,0,552.0604248046875,925.0
5399,0,3,2,1,3.0,3.0,2,1,1,1,0,1,0,0,0,0,0,0,0,0,0,0,0,0,0,0,0,0,0,0,0,0,0,0,1,0,0,0,0,0,0,0,1,0,0,0,0,0,0,0,602.3338623046875,850.0
5359,0,3,3,1,2.0,7.0,3,1,2,3,0,2,0,0,0,1,0,0,1,0,0,0,0,0,0,0,0,0,0,0,1,0,0,0,1,0,0,0,0,0,0,0,0,0,1,0,0,0,0,0,793.9295654296875,1600.0
5451,0,3,2,1,0.0,3.0,2,1,1,1,1,2,0,0,0,1,1,0,0,0,0,0,0,0,1,0,0,1,1,0,0,0,0,0,1,0,0,0,0,0,0,0,0,0,1,0,0,0,0,0,856.3592529296875,950.0
740,0,3,2,1,49.0,8.0,1,1,1,1,0,1,1,0,0,0,0,0,1,0,0,0,0,0,0,0,0,0,0,0,0,0,0,0,1,0,0,0,0,0,0,0,1,0,0,0,0,0,0,0,841.3221435546875,950.0
655,0,3,3,1,15.0,1.0,1,1,0,1,0,2,0,0,0,0,0,0,0,1,0,0,0,0,1,0,0,0,0,0,0,0,0,0,0,0,0,0,0,0,1,0,0,0,1,0,0,0,0,0,1114.7908935546875,1100.0
662,0,3,3,1,5.0,2.0,2,1,0,1,1,2,0,0,0,0,0,0,0,1,0,0,0,0,0,0,0,0,0,1,0,0,0,0,1,0,0,0,0,0,0,0,0,0,1,0,0,0,0,0,1393.2205810546875,1450.0
718,0,3,2,1,46.0,12.0,2,1,0,0,0,3,0,0,0,0,0,0,0,0,0,0,0,0,0,0,0,0,0,0,0,0,0,0,0,0,0,0,0,0,1,0,0,0,1,0,0,0,0,0,1116.3885498046875,1250.0
2032,1,4,0,3,10.0,1.0,2,1,0,1,0,2,0,0,0,0,0,0,0,0,0,0,0,0,0,0,0,0,0,0,0,0,0,0,0,0,0,0,0,0,1,0,0,1,1,0,0,0,0,0,75380.78125,80000.0
3125,1,6,2,1,10.0,2.0,3,1,0,2,2,5,0,0,0,1,1,0,1,0,0,0,0,0,0,0,0,1,1,0,1,0,0,0,0,0,0,0,0,0,1,0,0,0,1,0,0,0,0,0,173111.625,250000.0
808,1,7,0,1,3.0,5.0,2,1,0,1,1,1,0,0,0,0,0,0,0,1,0,0,0,0,1,0,0,0,0,0,0,0,0,0,0,0,0,0,0,0,1,0,0,0,1,0,0,0,0,0,65366.73046875,83000.0
2175,0,3,1,1,8.0,4.0,3,1,1,2,0,1,0,0,0,1,0,0,0,0,0,0,0,0,1,0,0,0,0,0,0,0,0,0,1,0,0,0,0,1,0,0,0,0,0,0,0,0,0,0,971.3377685546875,895.0
5077,0,3,0,1,0.0,0.0,2,1,1,1,1,0,0,0,0,0,0,0,0,1,0,0,0,0,0,0,0,0,0,0,0,0,0,0,1,0,0,0,0,0,0,0,0,0,1,0,0,0,0,0,303.4471740722656,650.0
3760,0,3,2,1,4.0,1.0,1,1,1,1,0,4,0,0,1,1,0,0,1,0,0,0,0,0,0,1,0,0,0,0,0,1,0,0,0,0,0,0,0,0,1,0,0,0,1,0,0,0,0,0,1109.0653076171875,1250.0
2140,0,3,2,1,6.0,1.0,1,1,1,1,0,4,1,0,0,0,0,0,1,0,0,0,0,0,0,1,0,0,0,0,0,0,0,0,0,0,0,0,0,0,1,0,0,0,1,0,0,0,0,0,699.3963623046875,1025.0
3752,0,3,2,1,0.0,0.0,2,1,1,1,0,5,1,0,0,0,0,0,0,0,0,0,0,0,0,1,0,0,0,0,0,0,0,0,1,0,0,0,0,0,0,0,0,0,0,0,0,0,0,1,1814.0897216796875,1200.0
3752,0,3,2,1,17.0,6.0,2,1,1,1,0,5,1,0,0,0,0,0,0,0,0,0,0,0,0,1,0,0,0,0,0,0,0,0,1,0,0,0,0,0,0,0,0,0,0,0,0,0,0,1,418.4120178222656,1220.0
2141,0,3,2,1,12.0,4.0,2,1,1,2,0,3,0,0,0,0,0,0,0,1,0,0,0,0,1,0,0,1,1,0,0,0,0,0,0,0,0,0,0,0,1,0,0,0,1,0,0,0,0,0,1282.6424560546875,1375.0
4747,1,7,3,1,13.0,0.0,3,1,0,1,1,6,0,0,0,0,0,0,1,0,0,0,0,0,0,0,1,0,1,1,0,0,0,0,0,0,0,0,0,0,0,0,0,0,1,0,0,0,0,0,358030.96875,360000.0
2250,1,6,1,1,13.0,9.0,3,1,0,1,1,7,1,0,0,0,0,0,1,0,0,0,0,0,0,0,0,1,0,0,1,0,0,0,1,0,0,1,0,0,1,0,0,0,1,0,0,0,0,0,223257.984375,220000.0
2253,1,2,3,1,5.0,2.0,5,1,0,1,1,11,0,0,0,1,1,0,1,0,0,0,0,0,0,0,0,1,0,1,1,0,0,0,1,0,0,0,0,0,1,0,0,0,1,0,0,0,0,0,562497.375,550000.0
2248,1,2,1,1,16.0,4.0,2,1,0,2,1,5,0,0,0,1,0,0,1,0,0,0,0,0,0,0,0,0,0,1,1,0,0,0,1,0,0,0,0,0,1,0,0,0,1,0,0,0,0,0,235170.359375,230000.0
2199,1,2,2,1,15.0,1.0,3,1,0,1,0,7,0,0,0,1,0,0,1,0,0,0,0,0,0,0,0,0,0,0,1,0,1,0,0,0,0,1,0,0,1,0,0,0,1,0,0,0,0,0,242162.125,240000.0
596,0,3,0,1,7.0,4.0,1,1,1,1,0,4,1,0,0,0,0,0,1,0,0,0,0,0,0,0,0,0,0,0,0,0,1,0,0,0,0,0,0,0,1,0,0,0,1,0,0,0,0,0,690.3280029296875,675.0
596,0,3,0,1,1.0,2.0,1,1,1,1,0,4,1,0,0,0,0,0,1,0,0,0,0,0,0,0,0,0,0,0,0,0,1,0,0,0,0,1,0,0,1,0,0,0,1,0,0,0,0,0,483.9081115722656,725.0
2236,1,2,3,1,19.0,5.0,3,1,0,1,1,6,0,0,0,1,0,0,1,0,0,0,0,0,0,0,0,0,1,0,1,0,0,0,0,1,0,1,0,0,1,0,0,0,1,0,0,0,0,0,345215.5,300000.0
2470,1,6,1,4,12.0,5.0,3,1,0,1,0,5,0,0,0,1,1,0,1,0,0,0,0,0,0,0,0,1,0,0,1,0,1,0,0,0,0,0,0,0,1,0,0,0,1,0,0,0,0,0,225876.671875,200000.0
2215,1,6,1,1,41.0,14.0,2,1,0,1,1,7,0,0,0,1,0,0,1,0,0,0,0,0,0,0,1,0,0,1,1,0,0,0,1,0,0,0,0,0,1,0,0,0,1,0,0,0,0,0,199000.5625,190000.0
2238,1,2,5,1,10.0,3.0,4,1,0,1,1,12,0,0,0,1,1,0,1,0,0,0,0,0,0,0,0,0,1,1,1,0,1,0,0,0,0,0,0,0,1,0,0,0,1,0,0,0,0,0,647087.9375,650000.0
2230,1,2,2,1,5.0,3.0,3,1,0,1,1,7,0,0,0,1,1,0,1,0,0,0,0,0,0,0,0,1,0,1,1,0,0,0,1,0,0,0,0,0,1,0,0,0,1,0,0,0,0,0,260269.03125,250000.0
2264,1,6,1,1,0.0,8.0,3,1,0,2,1,6,0,0,0,1,1,0,1,0,0,0,0,0,0,0,0,1,0,1,1,0,0,0,1,0,0,0,0,0,1,0,0,0,1,0,0,0,0,0,209755.015625,215000.0
5078,0,3,0,1,0.0,1.0,2,1,0,1,0,1,0,0,0,0,0,0,1,0,0,0,0,0,0,0,0,0,0,0,0,0,0,0,1,0,0,0,0,0,0,0,1,0,0,0,0,0,0,0,498.4901428222656,675.0
3181,1,2,2,1,9.0,3.0,3,1,0,1,1,7,0,0,0,1,0,0,1,0,0,0,0,0,0,0,1,0,0,1,1,0,0,0,1,0,0,0,0,0,1,0,0,0,1,0,0,0,0,0,243842.9375,240000.0
3213,1,2,3,1,18.0,4.0,4,1,1,0,1,10,0,0,0,1,1,0,1,0,0,0,0,0,0,0,1,0,1,0,1,0,0,0,1,0,0,0,0,0,1,0,0,0,1,0,0,0,0,0,291651.15625,285000.0
3167,1,2,0,3,53.0,6.0,3,1,1,2,1,5,0,0,1,1,0,0,1,0,0,0,0,0,0,0,1,1,0,1,0,0,0,0,1,0,0,0,0,0,1,0,0,0,1,0,0,0,0,0,246173.171875,190000.0
3199,1,2,3,1,19.0,3.0,4,1,1,2,1,6,0,0,0,1,1,0,1,0,0,0,0,0,0,0,1,0,0,1,1,0,1,0,0,0,0,0,0,0,1,0,0,0,1,0,0,0,0,0,278054.84375,275000.0
3209,1,2,1,1,7.0,1.0,2,1,1,0,0,6,0,0,0,1,0,0,1,0,0,0,0,0,0,0,0,0,0,1,1,1,0,0,1,0,0,0,0,0,1,0,0,0,1,0,0,0,0,0,196149.609375,190000.0
3106,1,4,3,1,5.0,0.0,3,1,1,2,1,5,0,0,0,1,1,0,1,0,0,0,0,0,0,0,1,0,0,1,1,0,0,0,0,0,0,0,0,0,1,0,0,0,1,0,0,0,0,0,294347.8125,300000.0
3176,1,4,2,1,5.0,1.0,3,1,0,2,2,9,0,0,0,1,1,0,1,0,0,0,0,0,0,0,0,1,0,1,1,0,0,0,1,0,0,0,0,0,1,0,0,0,1,0,0,0,0,1,328931.9375,325000.0
3152,1,2,1,1,2.0,1.0,2,1,1,0,1,5,0,0,0,1,1,0,1,0,0,0,0,0,0,0,1,0,0,1,1,0,0,0,1,0,0,0,0,0,1,0,0,0,1,0,0,0,0,1,252819.140625,250000.0
3225,1,2,3,1,7.0,4.0,4,1,0,1,1,8,0,0,0,1,1,0,1,0,0,0,0,0,0,0,1,0,0,1,1,0,0,0,1,0,0,0,0,0,1,0,0,0,1,0,0,0,0,0,288082.40625,280000.0
3150,1,4,2,1,11.0,7.0,3,1,0,1,1,9,0,0,0,1,1,0,1,0,0,0,0,0,0,0,1,0,0,1,1,0,0,0,1,0,0,0,0,0,1,0,0,0,1,0,0,0,0,0,284940.8125,280000.0
3203,1,2,1,1,10.0,1.0,4,1,0,1,1,9,0,0,0,1,0,0,1,0,0,0,0,0,0,0,0,0,1,1,1,0,0,0,1,0,0,0,0,0,1,0,0,0,1,0,0,0,0,0,253478.015625,300000.0
3156,1,2,1,3,18.0,3.0,3,1,0,1,1,6,0,0,0,1,1,0,1,0,0,0,0,0,1,0,0,0,1,0,1,0,0,0,1,0,0,0,0,0,1,0,0,0,1,0,0,0,0,0,203298.203125,200000.0
3156,0,3,1,1,21.0,8.0,2,1,1,1,1,4,0,0,0,1,0,0,1,0,0,0,0,0,0,0,1,0,0,1,1,0,0,0,1,0,0,0,0,0,1,0,0,0,1,0,0,1,0,0,420.4999084472656,700.0
3204,1,2,3,1,13.0,6.0,4,1,0,2,1,11,0,0,0,1,1,0,1,0,0,0,0,0,0,0,1,0,0,1,1,0,0,0,1,0,0,0,0,0,1,0,0,0,1,0,0,0,0,0,385733.71875,375000.0
3239,1,2,3,1,4.0,2.0,4,1,0,1,1,8,0,0,0,1,1,0,1,0,0,0,0,0,0,0,1,0,1,0,1,0,0,0,1,0,0,0,0,0,1,0,0,0,1,0,0,0,0,0,383685.59375,340000.0
3259,0,3,4,1,14.0,7.0,5,1,0,3,1,11,0,0,0,1,1,0,1,0,0,0,0,0,0,0,1,0,1,0,1,0,1,0,0,1,0,0,0,0,1,0,0,0,0,0,1,0,0,0,85698.1328125,1500.0
3257,1,2,0,1,12.0,4.0,2,1,1,1,1,5,0,0,0,1,0,0,1,0,0,0,0,0,0,0,0,0,1,1,1,0,0,0,1,0,0,0,0,0,0,0,1,0,0,0,0,0,0,0,188175.9375,190000.0
3186,1,2,0,3,7.0,3.0,1,1,0,0,1,4,0,0,0,1,1,0,1,0,0,0,0,0,0,0,1,0,0,1,1,0,0,0,1,0,1,0,0,0,1,0,0,0,1,0,0,0,0,0,115596.1875,130000.0
3252,1,4,3,1,10.0,3.0,4,1,0,0,1,9,0,0,0,1,1,0,1,0,0,0,0,0,0,0,1,0,0,1,1,0,0,0,1,0,0,0,0,0,1,0,0,0,0,0,1,0,0,0,371214.59375,375000.0
3180,0,3,4,1,5.0,5.0,4,1,1,2,1,8,0,0,0,1,1,0,1,0,0,0,0,0,1,0,1,0,0,1,0,0,0,0,1,0,0,0,0,0,1,0,0,0,1,0,0,0,0,0,1204.0838623046875,1400.0
3214,1,4,2,1,17.0,1.0,3,1,0,2,1,6,0,0,0,1,1,0,1,0,0,0,0,0,0,0,1,0,0,1,1,0,0,0,0,1,0,0,0,0,1,0,0,0,1,0,0,0,0,0,227983.203125,230000.0
3151,1,2,2,2,5.0,3.0,3,1,0,2,1,6,0,0,0,1,1,0,1,0,0,0,0,0,0,0,0,1,0,1,1,0,0,0,1,0,0,0,0,0,1,0,0,0,1,0,0,0,0,0,269203.25,260000.0
3142,1,4,3,1,8.0,4.0,3,1,0,1,1,7,0,0,0,1,1,0,1,0,0,0,0,0,0,0,1,0,0,1,1,0,0,0,1,0,0,0,0,0,1,0,0,0,1,0,0,0,0,0,323665.125,325000.0
3216,1,2,1,1,3.0,1.0,3,1,0,2,1,4,0,0,0,1,0,0,1,0,0,0,0,0,0,0,1,0,1,0,1,0,1,0,0,0,0,0,0,0,1,0,0,0,1,0,0,0,0,0,198007.234375,200000.0
3272,1,4,0,1,4.0,1.0,3,1,0,2,1,6,0,0,0,0,0,0,0,1,0,0,0,0,0,0,0,1,0,1,1,0,0,0,1,0,0,0,0,0,1,0,1,0,0,0,0,0,0,0,186728.078125,185000.0
3189,1,4,1,1,0.0,2.0,3,1,0,1,1,3,0,0,0,1,0,0,1,0,0,0,0,0,0,0,1,0,1,0,1,0,0,0,1,0,0,0,0,0,1,0,0,0,1,0,0,0,0,0,188350.171875,190000.0
417,0,3,0,1,7.0,5.0,2,1,0,1,0,1,0,0,0,0,0,0,0,0,0,0,0,0,0,0,0,0,0,0,0,0,0,1,0,0,0,0,0,0,0,0,0,1,0,0,0,0,0,0,1422.3358154296875,1350.0
5176,0,3,2,1,38.0,6.0,2,1,1,0,0,1,0,0,0,1,0,0,1,0,0,1,0,0,0,0,0,1,0,1,1,0,1,0,0,0,0,0,0,0,1,0,0,1,0,0,0,0,0,0,0.0,1200.0
2942,1,2,3,1,51.0,9.0,3,1,1,1,1,6,0,0,0,1,1,0,1,0,0,0,0,0,1,0,0,0,1,0,1,0,0,0,0,0,0,0,0,1,1,0,0,0,1,0,0,0,0,0,314330.5,310000.0
2985,1,2,2,4,11.0,3.0,3,1,0,1,1,4,0,0,0,1,1,0,1,0,0,0,0,0,1,0,0,1,1,0,0,0,0,0,0,0,0,0,0,0,1,0,0,0,0,0,0,0,0,0,302028.8125,300000.0
2949,1,2,1,3,7.0,1.0,3,1,1,1,1,2,0,0,0,0,0,0,0,1,0,0,0,0,1,0,1,0,1,0,0,0,0,0,0,0,0,0,0,1,1,0,0,0,1,0,0,0,0,0,222853.703125,260000.0
2971,1,2,2,1,9.0,3.0,2,1,0,1,1,1,1,0,1,0,0,0,0,1,0,0,0,0,0,0,0,0,0,0,0,0,0,0,0,0,0,0,0,1,1,0,0,0,1,0,0,0,0,0,223003.515625,225000.0
2934,1,2,2,1,7.0,1.0,2,1,0,1,1,1,1,0,0,0,0,0,1,0,0,0,0,0,0,1,0,0,0,0,0,0,0,0,0,0,0,0,0,1,1,0,0,0,1,0,0,0,0,0,196618.328125,195000.0
2952,1,2,2,3,16.0,4.0,3,0,1,1,1,4,0,0,0,1,0,0,1,0,0,0,0,0,1,0,1,0,0,0,1,0,0,0,0,0,0,0,0,1,1,0,0,0,1,0,0,0,0,0,294013.59375,285000.0
2962,1,2,3,3,32.0,13.0,3,1,1,1,1,5,0,0,0,1,1,0,0,0,0,0,0,0,1,0,0,1,0,0,1,0,0,0,0,0,0,0,0,1,1,0,0,0,1,0,0,0,0,0,327276.9375,325000.0
2963,1,2,2,3,13.0,7.0,3,1,1,1,0,4,0,0,0,1,1,0,1,0,0,0,0,0,1,0,1,0,1,0,0,0,0,0,0,0,0,0,0,0,1,0,0,1,1,0,0,0,0,0,260297.734375,300000.0
2953,1,2,3,1,26.0,7.0,3,1,1,1,1,5,0,0,0,1,1,0,1,0,0,0,0,0,1,0,0,1,0,0,1,0,0,0,0,0,0,0,0,1,1,0,0,0,1,0,0,0,0,0,286161.6875,350000.0
2945,1,2,2,1,39.0,5.0,3,1,1,2,1,4,0,0,0,1,0,0,1,0,0,0,0,0,1,0,1,0,0,0,1,0,0,0,0,0,0,0,0,1,1,0,0,0,1,0,0,0,0,0,318616.75,315000.0
2973,1,2,2,1,13.0,2.0,3,1,1,1,1,2,1,0,0,1,0,0,1,0,0,0,0,0,1,0,0,0,1,0,1,0,0,0,0,0,0,0,0,1,1,0,0,0,1,0,0,0,0,0,278861.625,280000.0
2968,1,2,3,1,13.0,5.0,3,1,1,1,1,4,1,0,0,0,0,0,1,0,0,0,0,0,1,0,0,1,1,0,0,0,0,0,0,0,0,0,0,1,1,0,0,0,1,0,0,0,0,0,318663.03125,320000.0
2943,0,3,1,1,31.0,6.0,2,1,0,1,1,0,0,0,0,0,0,0,0,1,0,0,0,0,1,0,1,0,1,0,0,0,0,0,0,0,0,0,0,1,1,0,0,0,1,0,0,0,0,0,526.4549560546875,850.0
2948,1,2,1,1,19.0,11.0,3,1,1,1,1,4,0,0,0,0,0,0,0,1,0,0,0,0,1,0,0,0,1,0,1,0,0,0,0,0,0,0,0,1,1,0,0,0,1,0,0,0,0,0,251333.984375,250000.0
2976,1,2,1,3,8.0,2.0,4,1,1,1,1,3,0,0,0,1,0,0,1,0,0,0,0,0,1,0,0,1,1,0,0,0,0,0,0,0,0,0,0,0,1,0,0,1,1,0,0,0,0,0,365108.03125,360000.0
2932,1,2,2,1,1.0,2.0,2,1,1,1,0,1,1,0,0,0,0,0,1,0,0,0,0,0,0,0,0,0,0,0,0,0,0,0,0,0,0,0,0,0,1,0,0,1,1,0,0,0,0,0,226351.640625,230000.0
2946,1,2,2,3,14.0,3.0,3,1,1,1,1,3,0,0,0,0,0,0,1,0,0,0,0,0,1,0,0,1,1,0,0,0,0,0,0,0,0,0,0,0,1,0,0,1,1,0,0,0,0,0,299003.75,300000.0
2954,1,2,2,1,10.0,3.0,3,1,1,1,1,3,0,0,0,1,0,0,1,0,0,0,0,0,1,0,0,0,1,0,1,0,0,0,0,0,0,0,0,1,1,0,0,1,0,0,0,0,0,0,318810.3125,320000.0
3654,1,2,4,1,11.0,1.0,4,1,1,0,1,8,0,0,0,1,1,0,1,0,0,0,0,0,1,0,1,0,0,0,1,0,0,0,0,0,0,0,0,0,1,0,0,0,1,0,0,0,0,1,877412.0,875000.0
3734,1,2,3,1,12.0,3.0,3,1,1,1,1,1,0,0,0,1,0,0,1,0,0,1,0,0,1,0,1,1,0,0,0,0,1,0,0,0,0,0,0,0,1,0,0,0,1,0,0,0,0,0,383713.4375,380000.0
2162,1,4,3,1,43.0,12.0,3,1,2,2,1,5,0,0,0,1,0,0,0,0,0,0,0,0,1,0,0,0,0,0,0,0,0,0,1,0,0,0,0,0,0,0,0,0,1,0,0,0,0,0,385885.25,375000.0
1667,0,3,1,1,6.0,3.0,3,1,0,1,1,6,0,0,0,0,1,0,0,0,0,0,0,0,0,0,0,1,0,0,1,0,1,0,0,0,0,0,0,0,1,0,0,0,1,0,0,0,0,0,641.2108154296875,800.0
1609,1,7,0,1,1.0,2.0,1,1,0,1,0,6,0,0,0,0,0,0,1,0,0,1,0,0,0,0,0,1,0,0,1,0,1,0,0,0,0,0,0,0,1,0,0,0,1,0,0,0,0,0,166952.171875,135000.0
1552,1,2,2,1,8.0,4.0,2,1,0,1,0,4,0,0,0,1,1,0,1,0,0,0,0,0,0,1,0,0,0,0,0,0,1,0,0,0,0,0,0,0,1,0,0,0,1,0,0,0,0,0,175706.328125,175000.0
1608,1,6,0,1,9.0,3.0,1,1,0,1,1,4,1,0,0,0,0,0,1,0,0,0,0,0,1,0,0,0,0,0,0,0,1,0,0,0,0,0,0,0,0,0,1,0,0,0,0,0,0,0,60508.4296875,100000.0
1604,1,6,2,1,10.0,4.0,3,1,0,1,1,8,0,0,0,1,1,0,1,0,0,0,0,0,0,0,0,1,0,0,1,0,1,0,0,0,0,0,0,0,1,0,0,0,1,0,0,0,0,0,253631.921875,250000.0
1626,1,6,2,3,1.0,9.0,3,1,0,0,0,9,0,0,0,1,1,0,1,0,0,0,0,0,0,0,0,1,0,0,1,0,1,0,0,0,0,0,0,0,1,0,0,0,1,0,0,0,0,0,283144.71875,300000.0
46,1,4,1,1,24.0,2.0,3,1,1,1,1,0,0,0,0,0,0,0,0,1,0,0,0,0,1,0,0,1,0,0,0,0,1,0,0,0,0,0,0,0,1,0,0,0,1,0,0,0,0,0,162796.765625,160000.0
970,1,7,2,1,11.0,1.0,3,1,1,1,1,1,0,0,0,1,1,0,1,0,0,0,0,0,1,0,0,1,0,0,0,0,1,0,0,0,0,0,0,0,1,0,0,0,1,0,0,0,0,0,211317.421875,215000.0
5342,0,3,0,1,14.0,4.0,3,1,1,2,0,0,0,0,0,1,0,0,1,0,0,0,0,0,1,0,0,1,0,0,0,0,0,0,0,1,0,0,0,0,1,0,1,0,1,0,0,0,0,0,0.0,800.0
45,1,7,2,4,5.0,3.0,3,1,1,1,1,0,0,0,0,1,1,0,0,0,0,0,0,0,1,0,0,0,0,0,1,0,0,0,0,0,0,0,0,0,0,0,0,0,0,0,0,0,0,0,205944.203125,205000.0
3858,0,3,1,1,0.0,4.0,2,1,1,1,0,3,0,0,0,1,1,0,0,0,0,0,0,0,0,0,1,1,0,0,1,0,0,0,0,0,0,0,0,0,1,0,0,0,1,0,0,0,0,0,1017.0535888671875,775.0
3043,1,4,3,4,12.0,5.0,2,1,0,1,0,2,1,0,0,0,0,0,0,0,1,1,0,0,0,1,0,0,0,0,0,0,0,0,0,0,0,0,0,0,1,0,1,0,0,0,0,0,0,0,294451.6875,300000.0
1013,1,4,2,3,3.0,3.0,1,1,0,1,0,4,0,0,0,0,0,0,0,1,0,0,0,0,0,0,0,1,0,1,0,0,0,0,0,0,0,0,0,0,1,0,0,0,1,0,0,0,0,0,298348.5,300000.0
1199,1,6,6,1,9.0,4.0,5,1,1,1,1,7,0,0,0,1,1,0,1,0,0,0,0,0,1,0,1,0,0,1,0,0,1,0,0,0,0,0,0,1,1,0,0,0,0,0,1,0,0,0,911871.0,900000.0
1200,0,3,2,1,3.0,1.0,4,1,0,0,1,4,0,0,0,1,1,0,0,0,0,0,0,0,1,0,1,0,0,0,0,0,1,0,0,0,0,0,0,0,1,0,0,1,0,0,0,0,0,0,855.8065185546875,1580.0
1176,0,3,3,1,6.0,2.0,3,1,0,1,1,3,1,0,0,0,1,0,0,0,0,0,0,0,1,0,1,0,0,1,0,0,0,0,1,0,0,0,0,1,1,0,0,1,0,0,0,0,0,0,1376.5096435546875,1400.0
1198,0,3,1,1,3.0,3.0,2,1,1,1,1,1,0,1,0,1,0,0,1,0,0,0,0,0,0,1,0,0,0,0,0,0,0,0,1,0,0,0,0,0,0,0,1,0,0,0,0,0,0,0,858.7127685546875,825.0
1176,0,3,2,1,3.0,2.0,3,1,1,1,1,1,1,0,0,1,0,0,0,0,0,0,0,0,1,0,0,0,0,0,0,0,0,0,0,0,0,0,0,1,0,0,0,0,1,0,0,0,0,0,1221.1112060546875,1450.0
1169,0,3,1,1,10.0,2.0,3,1,1,1,0,0,1,0,0,0,0,0,0,0,0,0,0,0,1,0,0,0,0,1,0,0,1,0,0,0,0,0,0,0,1,0,0,0,1,0,0,0,0,0,759.8260498046875,1200.0
1198,0,3,1,1,0.0,1.0,2,1,1,1,1,1,0,1,0,1,0,0,1,0,0,0,0,0,0,1,0,0,0,0,0,0,0,0,1,0,0,0,0,0,0,0,1,0,0,0,0,0,0,0,788.2166748046875,850.0
1193,0,3,4,1,0.0,1.0,4,1,1,1,1,4,0,0,0,1,1,0,1,0,0,0,0,0,1,0,1,0,0,1,0,0,1,0,0,0,0,0,0,1,1,0,0,1,0,0,0,0,0,0,1519.9315185546875,1700.0
4220,1,6,4,1,36.0,4.0,4,1,1,1,1,5,0,0,0,1,1,0,1,0,0,0,0,0,1,0,0,1,0,0,1,0,0,0,0,0,0,0,0,0,1,0,0,0,1,0,0,0,0,0,372049.40625,300000.0
4211,1,4,3,1,0.0,8.0,5,1,1,2,0,5,0,0,0,1,1,0,1,0,0,0,0,0,1,0,0,0,0,0,1,0,0,0,0,0,0,0,0,0,1,0,0,0,1,0,0,0,0,0,417464.75,325000.0
4265,1,6,3,1,0.0,6.0,3,1,1,1,0,6,0,0,0,1,1,0,1,0,0,0,0,0,1,0,0,1,0,0,1,0,0,0,0,0,0,0,0,0,1,0,0,0,1,0,0,0,0,0,323586.53125,350000.0
4216,1,6,4,1,0.0,12.0,4,1,1,1,1,4,0,0,0,1,1,0,1,0,0,0,0,0,1,0,1,0,0,0,1,0,0,0,0,0,0,0,0,0,1,0,0,0,1,0,0,0,0,0,386859.75,380000.0
4224,1,6,3,1,0.0,7.0,3,1,1,1,0,3,1,0,0,0,1,0,1,0,0,0,0,0,1,0,1,0,0,0,1,0,0,0,0,0,0,0,0,0,1,0,0,1,1,0,0,0,0,0,277342.96875,280000.0
852,1,6,2,1,4.0,0.0,3,1,0,2,1,2,0,0,0,1,0,0,0,0,0,0,0,0,1,0,0,0,0,0,0,0,1,0,0,0,0,0,0,0,1,0,0,0,1,0,0,0,0,0,222919.625,215000.0
5397,1,6,1,1,22.0,2.0,3,1,0,1,1,6,0,0,0,1,0,0,1,0,0,0,0,0,1,0,0,1,0,0,1,0,0,0,0,0,0,0,0,0,0,0,1,0,0,0,0,0,0,0,229167.484375,230000.0
5505,1,6,1,1,8.0,1.0,2,1,0,1,1,5,0,0,0,1,1,0,0,0,0,0,0,0,1,0,0,0,1,0,1,0,0,0,0,0,0,0,0,0,0,0,0,1,1,0,0,0,0,0,193265.828125,190000.0
5511,1,6,2,1,6.0,1.0,2,1,0,0,1,3,1,0,0,0,0,0,1,0,0,0,0,0,0,1,0,0,0,0,0,0,0,0,0,0,0,0,0,0,0,0,1,0,0,0,0,0,0,0,166202.578125,170000.0
5485,1,6,4,1,9.0,0.0,3,1,0,2,1,6,0,0,0,1,0,0,1,0,0,0,0,0,1,0,1,0,0,0,1,0,0,0,0,0,0,0,0,0,0,0,0,1,1,0,0,0,0,0,411370.0,415000.0
5513,1,7,4,1,2.0,1.0,4,1,0,2,1,8,0,0,0,1,1,0,1,0,0,0,0,0,1,0,0,1,1,0,0,0,0,0,0,0,0,0,0,1,0,0,0,1,1,0,0,0,0,0,506024.03125,500000.0
5502,1,10,1,3,3.0,3.0,2,1,0,1,1,4,0,0,0,1,0,0,1,0,0,0,0,0,1,0,1,0,0,0,1,0,0,0,0,0,0,0,0,1,0,0,0,1,1,0,0,0,0,0,88224.21875,88000.0
2327,1,4,1,1,15.0,1.0,2,1,1,1,1,4,0,0,0,0,0,0,0,1,0,0,0,0,0,0,1,0,1,1,0,0,0,0,0,0,0,0,0,0,1,0,0,0,0,0,1,0,0,0,221578.390625,230000.0
2350,1,4,2,1,6.0,2.0,4,1,1,1,1,7,0,0,0,0,0,0,1,1,0,0,0,0,0,0,1,0,0,1,1,0,0,0,0,0,0,0,0,0,1,0,0,0,1,0,0,0,0,0,248854.796875,290000.0
2442,1,7,4,1,1.0,0.0,3,1,1,1,2,6,0,0,0,1,1,0,1,0,0,0,0,0,0,0,1,0,1,1,0,0,0,0,0,0,0,0,0,0,1,0,0,0,1,0,0,0,0,0,532734.1875,550000.0
2313,1,4,1,1,7.0,4.0,2,1,1,2,0,3,1,0,0,1,0,0,1,0,0,0,0,0,0,0,1,0,1,0,1,0,0,0,0,0,0,0,0,0,1,0,0,0,1,0,0,0,0,0,162543.328125,170000.0
2351,1,4,1,1,0.0,0.0,2,1,0,2,1,4,1,0,0,0,0,0,1,0,0,0,0,0,0,0,1,0,0,1,1,0,0,0,0,0,0,0,0,0,1,0,0,0,1,0,0,0,0,0,198842.515625,200000.0
2365,1,7,2,1,2.0,2.0,3,1,1,2,1,6,0,0,0,1,1,0,1,0,0,0,0,0,0,0,1,0,0,1,1,0,0,0,0,0,0,0,0,0,1,0,0,0,1,0,0,0,0,0,218617.046875,280000.0
2310,0,3,1,3,0.0,2.0,3,1,1,1,1,3,0,0,0,1,1,0,0,0,0,0,0,0,1,0,1,1,0,0,0,0,0,0,0,0,0,0,0,0,1,0,0,0,1,0,0,0,0,0,758.6971435546875,750.0
2277,1,4,2,1,3.0,3.0,2,1,1,1,1,4,1,1,0,0,0,0,1,0,0,0,0,0,0,1,0,0,0,0,0,0,0,0,0,0,0,0,0,0,1,0,1,0,0,0,0,0,0,0,166987.15625,170000.0
2977,1,2,2,1,19.0,4.0,4,1,1,1,1,4,0,0,0,1,0,0,1,0,0,0,0,0,1,0,1,0,0,0,1,0,0,0,0,0,0,0,0,1,1,0,0,0,1,0,0,0,0,0,353488.28125,350000.0
2944,1,2,1,3,21.0,2.0,2,1,1,1,1,2,0,0,0,0,0,0,0,1,0,0,0,0,1,0,1,0,0,0,1,0,0,0,0,0,0,0,0,1,1,0,0,0,1,0,0,0,0,0,222224.984375,220000.0
2984,1,2,2,3,31.0,3.0,3,1,3,1,1,4,0,0,0,0,0,0,0,1,0,0,0,0,1,0,1,0,0,0,1,0,0,0,0,0,0,0,0,1,1,0,0,0,1,0,0,0,0,0,293109.59375,295000.0
2978,1,2,2,1,6.0,2.0,4,1,1,1,1,6,0,0,0,1,1,0,1,0,0,0,0,0,1,0,1,0,0,0,1,0,0,0,0,0,0,0,0,1,1,0,0,0,1,0,0,0,0,0,412518.5625,415000.0
2981,1,2,5,1,3.0,4.0,4,1,1,1,1,6,1,0,0,0,1,0,1,0,0,0,0,0,1,0,1,0,1,0,0,0,0,0,0,0,0,0,0,1,1,0,0,0,1,0,0,0,0,0,413144.84375,515000.0
2957,1,2,3,1,10.0,2.0,3,1,1,1,2,6,0,0,0,1,1,0,1,0,0,0,0,0,1,0,0,1,1,0,0,0,0,0,0,0,0,0,0,1,1,0,0,0,1,0,0,0,0,0,550913.125,550000.0
2975,1,2,3,1,10.0,2.0,4,1,1,1,1,5,0,0,1,1,1,0,0,0,0,0,0,0,1,0,0,0,1,0,1,0,0,0,0,0,0,0,0,0,1,0,0,1,1,0,0,0,0,0,426265.0,425000.0
1079,1,2,0,1,5.0,0.0,3,1,1,2,1,2,0,1,1,0,0,1,0,0,0,0,0,0,0,0,0,0,0,0,0,0,0,1,0,0,0,0,0,0,1,0,0,0,1,0,0,0,0,0,121054.1953125,120000.0
1085,1,4,2,1,2.0,1.0,4,1,0,1,0,4,0,0,0,1,1,0,1,0,0,0,0,0,1,0,1,0,0,0,1,0,0,0,0,0,0,0,0,0,1,0,0,0,1,0,0,0,0,0,366207.5625,365000.0
5168,1,4,2,1,0.0,0.0,1,1,2,2,1,4,0,0,0,1,0,0,1,0,0,0,0,0,1,0,0,0,0,0,0,0,0,0,0,0,0,0,0,1,1,0,0,0,0,0,0,0,0,0,241520.203125,250000.0
5398,1,6,1,1,2.0,3.0,3,1,1,2,1,2,0,0,0,1,0,0,1,0,0,0,0,0,1,0,0,0,0,0,0,0,0,0,1,0,0,0,0,0,0,0,0,0,1,0,0,0,0,0,274633.0,270000.0
5501,0,3,2,1,0.0,2.0,3,1,0,2,1,3,0,0,0,1,1,0,1,0,0,0,0,0,0,0,1,1,0,0,1,0,1,0,0,0,0,0,0,0,0,0,0,0,1,0,0,0,0,0,694.1922607421875,1200.0
5387,1,6,2,1,14.0,5.0,3,1,1,2,1,0,0,0,0,1,0,0,1,0,0,0,0,0,1,0,0,1,1,0,0,0,0,0,1,0,0,0,0,0,0,0,0,1,1,0,0,0,0,0,250772.90625,250000.0
5352,1,6,2,1,16.0,3.0,3,1,1,1,1,1,0,0,0,0,1,0,1,0,0,0,0,0,1,0,0,0,1,0,0,0,0,0,1,0,0,0,0,0,0,0,0,1,0,0,0,0,0,0,242159.171875,240000.0
5452,0,3,2,1,4.0,6.0,2,1,1,1,1,1,0,0,0,1,1,0,0,0,0,0,0,0,0,0,0,0,0,0,0,0,0,0,1,0,0,0,0,0,1,0,0,0,1,0,0,0,0,0,831.5301513671875,900.0
5538,0,3,5,1,2.0,5.0,4,1,0,2,0,5,0,0,0,1,0,0,0,0,0,0,0,0,0,1,0,0,0,0,0,0,0,0,1,0,0,0,0,1,0,0,0,0,0,0,0,0,0,0,91441.796875,1500.0
5409,1,6,1,1,10.0,3.0,2,1,1,1,1,3,0,0,0,1,0,0,0,0,0,0,0,0,1,0,0,0,1,0,0,0,0,0,1,0,0,0,0,0,0,0,0,0,1,0,0,0,0,0,169437.953125,210000.0
607,0,3,1,1,9.0,0.0,3,1,0,1,1,1,0,0,0,1,0,0,0,0,0,0,0,0,0,0,1,0,0,0,0,0,0,0,0,0,0,0,0,0,0,0,0,0,1,0,0,0,0,0,752.2733154296875,850.0
602,1,2,2,1,1.0,2.0,2,1,1,1,0,1,0,0,0,0,1,0,1,0,0,0,0,0,0,0,0,1,0,0,1,0,0,0,0,0,0,0,0,0,1,0,0,0,1,0,0,0,0,0,246394.125,320000.0
603,1,6,3,1,1.0,4.0,3,1,1,1,1,1,0,0,0,1,1,0,1,0,0,0,0,0,1,0,1,0,0,0,1,0,0,0,0,0,0,0,0,1,1,0,0,0,1,0,0,0,0,0,392156.5625,395000.0
2097,1,4,1,1,0.0,0.0,2,1,1,1,1,1,0,0,0,1,0,0,1,0,0,1,0,0,1,0,0,1,0,1,0,0,0,0,1,0,0,0,0,1,1,0,0,0,1,0,0,0,0,0,239391.390625,235000.0
1911,1,4,2,1,0.0,1.0,4,1,1,1,1,2,0,0,0,1,0,0,1,0,0,0,0,0,1,0,0,0,0,1,1,0,1,0,0,0,0,0,0,0,1,0,0,1,1,0,0,0,0,0,227286.953125,230000.0
3733,1,2,2,3,9.0,4.0,4,1,1,1,1,1,0,0,0,0,0,0,0,1,0,0,0,0,1,0,0,1,0,0,0,0,0,0,0,1,0,0,0,0,1,0,0,0,1,0,0,0,0,0,213624.296875,315000.0
1443,0,3,2,1,20.0,7.0,2,1,1,1,0,4,1,0,0,0,0,1,1,0,0,0,0,0,0,0,0,0,1,0,0,0,1,0,0,0,0,0,0,0,1,0,0,0,1,0,0,0,0,0,522.2635498046875,950.0
1428,0,3,6,1,10.0,2.0,4,1,1,1,1,8,0,0,0,1,1,0,0,0,0,1,0,0,1,0,0,1,0,0,0,0,0,0,1,0,0,0,0,0,1,0,0,0,1,0,0,0,0,0,0.0,2800.0
1472,1,2,4,1,12.0,1.0,4,1,1,1,1,8,0,0,0,1,0,0,1,0,0,1,0,0,0,0,0,0,0,1,1,0,0,0,1,0,0,0,0,0,1,0,0,0,1,0,0,0,0,0,458463.15625,550000.0
1459,1,4,3,1,18.0,2.0,4,1,1,1,1,10,0,0,0,1,0,1,0,0,0,1,0,0,1,0,1,1,0,0,0,0,0,0,1,0,0,0,0,0,1,0,0,0,1,0,0,0,0,0,347807.59375,585000.0
4174,1,2,4,3,20.0,2.0,4,1,1,1,1,8,0,0,0,1,0,0,1,0,0,1,0,0,1,0,0,1,0,1,0,0,0,0,1,0,0,0,0,0,1,0,0,0,1,0,0,0,0,0,601556.75,600000.0
1438,1,2,2,1,3.0,0.0,1,1,1,1,1,1,1,0,0,0,0,1,1,0,0,0,0,0,0,0,0,0,0,0,0,0,0,1,0,0,0,0,0,0,1,0,1,0,0,0,0,0,0,0,192924.765625,195000.0
1499,1,2,3,1,2.0,0.0,2,1,1,1,1,5,0,0,0,0,1,0,1,0,0,0,0,0,1,0,0,1,0,1,0,0,0,0,1,0,0,0,0,0,0,0,1,0,0,0,0,0,0,0,295139.96875,440000.0
1439,0,3,1,1,16.0,6.0,1,1,1,1,1,0,1,0,0,0,0,0,1,0,0,0,0,0,0,1,0,0,0,0,0,0,0,0,1,0,0,0,0,0,0,0,1,0,0,0,0,0,0,0,1020.4471435546875,825.0
1447,1,2,5,1,9.0,0.0,3,1,2,1,1,8,0,0,0,1,1,0,1,0,0,0,0,0,0,0,0,1,0,1,1,0,0,0,1,0,0,0,0,1,1,0,0,0,1,0,0,0,0,0,651449.375,650000.0
1432,0,3,2,1,10.0,2.0,2,1,1,1,0,3,1,0,0,0,0,0,0,0,0,0,0,0,0,1,0,0,0,0,0,0,0,0,1,0,0,0,0,0,1,0,0,0,0,0,0,0,0,0,966.7713623046875,1050.0
1441,1,2,2,1,0.0,0.0,2,1,1,1,1,3,0,0,0,1,0,0,1,0,0,0,0,0,1,0,1,0,0,1,0,0,0,0,1,0,0,0,0,1,0,0,0,1,1,0,0,0,0,0,288531.25,285000.0
1441,0,3,2,1,17.0,4.0,2,1,1,1,1,3,0,0,0,1,0,0,1,0,0,1,0,0,1,0,1,0,0,1,0,0,0,0,1,0,0,0,0,1,0,0,0,1,1,0,0,0,0,0,396.0956115722656,950.0
1477,1,2,3,1,0.0,1.0,2,1,1,1,1,6,0,0,0,1,0,0,1,0,0,1,0,0,1,0,1,0,0,1,0,0,0,0,1,0,0,0,0,0,1,0,0,0,1,0,0,0,0,0,415930.0625,485000.0
826,1,6,2,1,6.0,4.0,3,1,1,2,1,1,0,0,0,1,0,1,0,0,0,0,0,0,0,0,1,0,0,0,0,0,1,0,0,0,0,0,0,1,0,0,0,0,0,0,0,0,0,0,252817.296875,190000.0
849,1,6,2,1,11.0,3.0,4,1,0,2,1,2,0,0,0,1,1,0,0,0,0,0,0,0,1,0,0,1,0,0,0,0,1,0,0,0,0,0,0,0,1,0,0,0,1,0,0,0,0,0,234839.671875,230000.0
858,1,6,1,4,6.0,2.0,2,1,0,1,1,2,0,0,0,1,1,0,0,0,0,0,0,0,1,0,0,1,0,0,0,0,1,0,0,0,0,0,0,0,1,0,0,0,1,0,0,0,0,0,143236.3125,140000.0
843,1,6,0,1,16.0,3.0,3,1,0,1,1,1,0,0,0,1,0,0,0,0,0,0,0,0,1,0,0,0,0,0,0,0,1,0,0,0,0,0,0,0,1,0,0,0,1,0,0,0,0,0,142715.890625,140000.0
847,1,6,2,1,0.0,0.0,3,1,0,2,0,4,0,0,0,1,1,0,0,0,0,0,0,0,1,0,0,1,0,0,0,0,1,0,0,0,0,0,0,0,1,0,0,0,1,0,0,0,0,0,186205.328125,185000.0
844,1,6,0,1,14.0,12.0,3,1,0,1,1,1,0,0,0,0,0,0,0,0,0,0,0,0,1,0,0,0,0,0,0,0,1,0,0,0,0,0,0,0,1,0,0,0,1,0,0,0,0,0,68871.7421875,70000.0
833,0,3,0,1,12.0,2.0,3,1,0,2,1,1,0,0,0,0,0,0,0,0,0,0,0,0,0,0,0,0,0,0,1,0,0,0,0,0,0,0,0,0,1,0,0,0,1,0,0,0,0,0,789.7030029296875,570.0
1596,0,3,1,1,7.0,3.0,3,1,0,1,1,6,0,0,0,1,1,0,1,0,0,0,0,0,0,0,0,0,1,1,1,0,1,0,0,0,0,0,0,0,1,0,0,0,1,0,0,0,0,0,782.0213623046875,750.0
1572,0,3,1,1,1.0,1.0,3,1,0,0,1,6,0,0,0,0,0,0,0,1,0,0,0,0,0,0,0,0,0,0,1,0,1,0,0,0,0,0,0,0,1,0,0,0,1,0,0,0,0,0,1065.0721435546875,800.0
1800,0,3,0,1,7.0,3.0,3,1,0,0,1,5,0,0,0,1,0,0,1,0,0,0,0,0,0,0,0,0,1,0,1,0,1,0,0,0,0,0,0,0,1,0,0,0,1,0,0,0,0,0,671.5565185546875,600.0
1537,1,6,1,1,0.0,0.0,3,1,0,0,1,7,0,0,0,1,0,0,0,1,0,0,0,0,0,0,0,0,1,0,1,0,1,0,0,0,0,0,0,0,1,0,0,0,1,0,0,0,0,0,226436.21875,220000.0
1022,1,2,1,1,0.0,1.0,3,1,1,0,1,0,0,0,0,1,1,0,0,0,0,0,0,0,1,0,1,0,0,0,1,0,0,0,0,0,0,0,0,0,1,0,0,0,1,0,0,0,0,0,283916.6875,280000.0
1025,1,2,3,3,11.0,3.0,3,1,0,1,1,3,0,0,0,1,1,0,0,0,0,0,0,0,1,0,1,0,0,0,1,0,0,0,0,0,0,0,0,0,0,0,0,0,0,0,0,0,0,0,330508.09375,325000.0
1020,1,2,3,1,3.0,1.0,4,1,1,1,0,7,0,0,0,1,0,0,1,0,0,0,0,0,0,0,0,1,1,0,0,0,0,0,0,0,0,0,0,0,1,0,0,0,1,0,0,0,0,1,396326.0,450000.0
1026,1,2,2,1,16.0,3.0,3,1,1,2,0,6,0,0,0,1,1,0,1,0,0,0,0,0,0,0,1,0,1,0,1,0,0,0,0,0,0,0,0,0,0,0,0,0,1,0,0,0,0,0,346565.28125,338000.0
1030,1,2,2,1,18.0,7.0,5,1,1,1,1,1,0,0,0,0,1,0,1,0,0,0,0,0,1,0,1,0,0,0,1,0,0,0,0,0,0,0,0,0,1,0,0,0,1,0,0,0,0,0,241268.578125,240000.0
1017,1,2,4,1,1.0,0.0,4,1,1,0,1,1,0,0,0,1,1,0,1,0,0,0,0,0,1,0,0,0,1,0,1,0,0,0,0,0,0,0,0,0,1,0,0,0,1,0,0,0,0,0,467359.625,470000.0
1237,0,3,3,1,0.0,0.0,3,1,1,0,1,0,0,0,0,1,0,0,0,0,0,0,0,0,1,0,0,0,0,0,0,0,0,0,0,0,0,0,0,0,1,0,0,0,1,0,0,0,0,0,1421.9783935546875,1600.0
1237,0,3,3,1,9.0,2.0,3,1,1,0,1,0,0,0,0,1,0,0,0,0,0,0,0,0,1,0,0,0,0,0,0,0,0,0,0,0,0,0,0,0,1,0,0,0,1,0,0,0,0,0,1410.5096435546875,1625.0
5393,0,3,1,1,0.0,11.0,4,1,1,2,0,1,0,0,0,0,0,0,0,1,0,0,0,0,0,0,1,1,0,0,1,0,0,0,1,0,0,0,0,1,1,0,0,0,1,0,0,0,0,0,123.12686157226562,1000.0
5458,0,3,0,1,3.0,10.0,1,1,0,1,1,0,1,0,0,0,0,0,1,0,0,0,0,0,0,1,0,0,0,0,0,0,0,0,1,0,0,0,0,1,0,0,1,0,0,0,0,0,0,0,768.8924560546875,750.0
5461,0,3,1,1,0.0,5.0,3,1,1,1,0,0,0,0,0,0,0,0,0,0,0,0,0,0,1,0,0,0,0,0,0,0,0,0,1,0,0,0,0,0,0,0,0,0,1,0,0,0,0,0,827.1639404296875,1000.0
2874,1,2,1,1,7.0,5.0,2,1,0,1,1,2,1,0,0,0,0,0,1,0,0,1,0,0,0,1,0,0,0,0,0,0,1,0,0,0,0,1,0,0,1,0,0,1,1,0,0,0,0,0,199280.171875,195000.0
2862,1,2,3,1,9.0,3.0,2,1,1,1,2,7,0,0,0,1,1,0,1,0,0,0,0,0,1,0,0,0,0,1,1,0,1,0,0,0,1,0,0,0,1,0,0,1,1,0,0,0,0,0,406535.1875,410000.0
2746,1,4,1,1,14.0,5.0,2,1,1,1,1,4,0,0,0,1,0,0,1,0,0,0,0,1,1,0,0,1,0,1,0,0,0,0,1,0,0,0,0,0,1,0,0,1,1,0,0,0,0,0,283288.34375,275000.0
2845,1,4,3,1,7.0,5.0,4,1,1,1,1,8,0,0,0,1,1,0,1,0,0,0,0,0,1,0,0,0,0,1,1,0,0,0,1,0,0,0,0,0,1,0,0,1,1,0,0,0,0,0,417373.0,375000.0
2795,1,4,1,1,25.0,9.0,2,1,0,1,1,2,1,0,0,1,0,0,1,0,0,0,0,0,1,0,0,1,0,1,0,0,0,0,1,0,0,0,0,1,1,0,1,0,0,0,0,0,0,0,240738.234375,240000.0
2762,1,4,3,1,13.0,7.0,3,1,1,1,1,6,0,0,0,1,1,0,1,0,0,0,0,0,1,0,0,0,0,1,1,0,0,0,1,0,0,0,0,0,1,0,0,1,1,0,0,0,0,0,388337.125,385000.0
2730,1,2,2,3,5.0,5.0,2,1,1,1,1,4,0,0,0,0,0,0,0,1,0,0,0,0,0,0,1,1,0,1,0,0,0,0,1,0,0,0,0,0,0,0,0,1,0,0,0,0,0,0,260004.671875,260000.0
2722,1,2,2,1,27.0,19.0,2,1,0,1,1,6,0,0,0,1,1,0,1,0,0,0,0,0,1,0,0,1,0,0,1,0,0,0,1,0,0,0,0,0,1,0,0,1,1,0,0,0,0,0,327695.75,325000.0
2886,1,4,1,1,5.0,1.0,3,1,0,0,1,3,1,0,0,0,0,0,1,0,0,0,0,1,0,1,0,0,0,0,0,0,0,0,1,0,0,0,0,1,1,0,1,0,0,0,0,0,0,0,137400.578125,175000.0
2778,1,2,1,1,13.0,6.0,2,1,1,1,1,5,0,0,0,0,1,0,1,0,0,0,0,1,1,0,0,1,0,0,1,0,0,0,1,0,0,0,0,0,1,0,0,1,1,0,0,0,0,0,269472.0,310000.0
2751,1,2,1,1,14.0,9.0,2,1,1,1,1,3,0,0,0,0,0,0,0,1,1,0,0,1,1,0,0,0,0,0,0,0,0,0,1,0,0,0,0,0,1,0,0,1,1,0,0,0,0,0,269921.4375,260000.0
2894,1,4,2,1,7.0,7.0,2,1,0,1,1,4,1,0,0,1,0,0,1,0,0,0,0,0,1,0,0,0,0,1,1,0,0,0,1,0,0,0,0,0,1,0,0,1,1,0,0,0,0,0,274476.34375,275000.0
2786,1,4,1,1,0.0,2.0,2,1,0,1,1,5,0,0,1,1,0,0,1,0,0,0,0,0,1,0,0,1,0,0,1,0,0,0,0,0,0,0,0,0,1,0,0,1,1,0,0,0,0,0,234765.265625,225000.0
3682,1,2,4,1,0.0,0.0,3,1,1,0,1,1,0,0,0,1,1,0,1,0,0,0,0,0,0,0,1,1,0,1,0,0,0,0,0,0,0,0,0,0,0,0,0,0,0,0,0,0,0,0,543233.0625,630000.0
2671,1,4,2,1,3.0,2.0,2,1,1,1,1,0,1,0,0,0,0,0,1,0,0,0,0,0,0,1,0,0,0,0,0,0,0,0,0,0,0,0,0,0,1,0,0,0,1,0,0,0,0,0,190302.0,190000.0
2695,0,3,1,1,19.0,5.0,2,1,1,1,1,0,1,0,0,0,0,0,1,0,0,0,0,0,0,1,0,0,0,0,0,0,0,0,0,0,0,0,0,0,1,0,0,0,1,0,0,0,0,0,970.4276123046875,900.0
2694,1,0,0,1,1.0,1.0,1,1,1,1,1,2,1,0,0,0,0,0,1,0,0,0,0,0,0,1,0,0,0,0,0,0,0,1,0,0,0,0,0,0,1,0,0,0,1,0,0,0,0,0,189860.3125,155000.0
2876,0,3,1,1,19.0,3.0,2,1,1,1,0,3,0,0,0,1,1,0,1,0,0,0,0,0,0,1,0,0,0,0,0,0,0,0,1,0,0,0,0,0,1,0,0,1,1,0,0,0,0,0,851.7186279296875,900.0
2681,1,7,1,1,17.0,2.0,3,1,0,1,0,2,0,0,0,1,0,0,1,0,0,0,0,0,1,0,0,0,0,0,1,0,0,0,0,0,0,0,0,0,1,0,0,0,1,0,0,0,0,0,320633.40625,315000.0
2661,0,3,1,1,20.0,9.0,2,1,0,1,1,1,1,0,0,0,0,0,0,0,0,0,0,0,1,0,1,0,0,0,1,0,0,0,0,0,0,0,0,0,1,0,0,0,1,0,0,0,0,0,859.1385498046875,950.0
2670,1,2,0,1,13.0,5.0,1,1,0,1,0,4,0,1,0,0,0,0,0,0,0,0,0,0,0,1,0,0,0,0,0,0,0,0,0,0,0,0,0,0,1,0,0,0,1,0,0,0,0,0,134260.296875,135000.0
2686,0,3,6,1,4.0,3.0,5,1,0,1,1,4,0,0,0,1,0,0,1,1,0,0,0,0,0,0,1,0,0,1,1,0,0,0,0,0,0,0,0,0,1,0,0,0,1,0,0,0,0,0,4447.654296875,1950.0
3031,1,7,2,1,6.0,2.0,3,1,0,2,1,1,0,0,0,1,0,1,1,0,0,0,0,0,1,0,1,0,0,0,1,0,0,0,0,0,0,0,0,0,1,0,0,0,1,0,0,0,0,0,351387.0,340000.0
2674,1,2,4,1,0.0,2.0,3,1,0,1,1,3,0,0,0,1,1,0,1,0,0,0,0,0,1,0,1,0,1,0,0,0,0,0,0,0,0,0,0,1,1,0,0,0,1,0,0,0,0,0,452661.96875,450000.0
109,0,3,1,1,6.0,27.0,2,1,1,1,1,5,0,0,0,0,1,0,1,0,0,0,0,0,0,0,1,1,0,0,1,0,0,0,0,0,0,0,0,0,1,0,0,0,1,0,0,0,0,0,0.0,775.0
3318,1,2,1,1,15.0,2.0,3,1,1,1,0,5,0,0,0,1,1,0,1,0,0,0,0,0,1,0,1,0,0,1,0,0,0,0,0,0,0,0,0,1,1,0,0,0,1,0,0,0,0,0,206515.3125,230000.0
3340,1,2,0,3,20.0,2.0,3,1,1,2,1,5,0,1,0,0,0,0,0,1,0,0,0,0,1,0,1,0,0,1,0,0,0,0,0,0,0,0,0,0,1,0,0,1,1,0,0,0,0,0,165231.453125,170000.0
3056,1,6,2,3,3.0,1.0,3,1,1,1,1,5,0,0,0,1,1,0,1,0,0,0,0,0,1,0,0,0,0,1,1,0,0,0,0,0,0,0,0,0,1,0,0,1,1,0,0,0,0,0,308092.28125,260000.0
3317,1,2,1,3,14.0,3.0,3,1,1,1,1,7,0,0,0,1,1,0,1,0,0,0,0,0,1,0,0,1,0,1,0,0,0,0,0,0,0,0,0,0,1,0,0,1,1,0,0,0,0,0,285833.625,220000.0
3342,1,2,6,4,4.0,3.0,5,1,2,3,1,11,0,0,0,1,1,0,1,0,0,0,0,0,0,0,1,0,1,0,1,0,0,0,0,0,0,0,0,1,1,0,0,0,1,0,0,0,0,0,727927.75,725000.0
3322,1,2,1,1,22.0,9.0,3,1,0,2,1,5,0,0,1,1,0,0,1,0,0,0,0,0,1,0,1,1,0,0,0,0,0,0,0,0,0,0,0,0,1,0,0,1,1,0,0,0,0,0,303373.625,200000.0
3330,1,2,2,1,0.0,2.0,2,1,0,1,1,8,0,0,0,1,1,0,1,0,0,0,0,0,1,0,1,0,0,0,1,0,1,0,0,0,0,1,0,1,1,0,0,0,1,0,0,0,0,0,233264.1875,290000.0
3339,1,2,0,1,20.0,3.0,3,1,1,2,1,6,0,1,0,0,0,0,1,0,0,0,0,0,1,0,1,1,0,0,0,0,0,0,0,0,0,0,0,0,0,0,0,0,0,0,0,0,0,0,176027.078125,180000.0
3336,1,6,2,1,7.0,1.0,3,1,0,1,1,7,0,0,0,1,1,0,1,0,0,0,0,0,1,0,1,0,0,1,0,0,0,0,0,0,0,0,0,0,1,0,0,1,1,0,0,0,0,0,264267.21875,350000.0
3327,1,2,0,1,17.0,3.0,2,1,2,1,0,6,1,0,0,0,0,0,0,1,0,0,0,0,1,0,1,0,0,1,0,0,0,0,0,0,0,0,0,1,1,0,0,0,1,0,0,0,0,0,219173.453125,220000.0
4585,1,7,1,1,12.0,2.0,3,1,1,1,1,5,0,0,0,0,0,0,1,0,0,0,0,0,1,0,0,0,0,1,1,0,0,0,0,0,0,0,0,1,1,0,0,0,1,0,0,0,0,0,179595.828125,220000.0
642,1,2,4,1,13.0,2.0,4,1,1,1,1,4,0,0,0,1,1,0,1,0,0,0,0,0,1,0,0,0,0,1,1,0,0,0,1,0,0,0,0,1,1,0,0,0,1,0,0,0,0,0,583421.25,550000.0
747,1,4,2,1,0.0,9.0,3,1,1,1,0,4,0,0,0,1,0,0,1,0,0,0,0,0,0,0,1,0,0,1,1,0,0,0,1,0,0,0,0,1,1,0,0,0,1,0,0,0,0,0,403230.03125,400000.0
785,1,6,0,1,29.0,5.0,2,1,0,1,1,1,0,0,0,0,0,0,0,1,0,0,0,0,1,0,0,0,0,0,1,0,0,0,0,0,0,0,0,1,1,0,0,0,1,0,0,0,0,0,119907.8828125,120000.0
3574,1,2,1,1,4.0,1.0,3,1,0,1,1,5,0,0,0,1,1,0,1,0,0,0,0,0,1,0,0,1,1,0,0,0,0,0,1,0,0,0,0,1,0,0,0,0,1,0,0,0,0,0,291534.90625,300000.0
1323,1,6,4,1,12.0,3.0,4,1,0,2,1,3,0,0,0,1,1,0,1,0,0,0,0,0,1,0,1,0,1,0,0,0,0,0,0,0,0,0,0,1,1,0,0,0,1,0,0,0,0,0,467943.3125,400000.0
1304,1,7,3,1,6.0,1.0,3,1,0,2,1,4,0,0,0,1,1,0,1,0,0,0,0,0,0,0,1,0,1,1,0,0,0,0,0,0,0,0,0,1,1,0,0,0,1,0,0,0,0,0,270077.09375,280000.0
1285,1,6,5,1,8.0,7.0,4,1,0,3,1,3,0,0,0,1,1,0,1,0,0,0,0,0,0,0,0,0,1,0,1,1,0,0,0,0,0,0,0,1,1,0,0,0,1,0,0,0,0,0,507538.03125,525000.0
2479,0,3,0,1,2.0,1.0,2,1,1,1,0,3,1,1,0,0,0,0,0,0,0,0,0,0,0,1,0,0,0,0,0,1,0,1,0,0,0,0,0,0,0,0,1,0,0,0,0,0,0,0,1106.1043701171875,1300.0
3,0,3,2,1,6.0,19.0,2,1,1,1,1,0,0,1,0,0,0,0,1,0,0,0,0,0,0,0,0,0,0,0,0,0,0,0,1,0,0,0,0,0,1,0,1,0,0,0,0,0,0,0,388.3690490722656,500.0
17,1,6,6,1,2.0,0.0,6,1,1,2,1,5,0,0,0,1,1,0,0,0,0,0,0,0,0,0,0,1,1,1,0,0,0,0,1,0,0,0,0,0,1,0,0,1,0,0,0,0,0,1,502961.96875,500000.0
27,0,3,0,1,0.0,4.0,1,1,1,1,0,2,0,1,0,0,0,0,1,0,0,0,0,0,0,0,0,0,0,0,0,0,0,0,1,0,0,0,0,0,1,0,0,0,1,0,0,0,0,0,518.5858154296875,500.0
27,0,3,0,1,0.0,0.0,1,1,1,1,0,2,0,1,0,0,0,0,1,0,0,0,0,0,0,0,0,0,0,0,0,0,0,0,1,0,0,0,0,0,1,0,0,0,1,0,0,0,0,0,617.2440185546875,450.0
798,1,7,1,1,7.0,5.0,3,1,0,1,1,7,0,0,0,1,1,0,1,0,0,0,0,0,0,0,0,0,1,1,1,0,1,0,0,0,0,0,0,0,1,0,0,0,1,0,0,0,0,0,210759.5625,220000.0
797,0,3,0,1,41.0,6.0,3,1,0,0,1,5,0,0,0,1,0,1,1,0,0,0,0,0,1,0,0,0,1,0,1,0,1,0,0,0,0,0,0,0,0,0,0,0,1,0,0,0,0,0,934.7518310546875,675.0
3360,0,3,0,1,9.0,3.0,3,1,0,1,1,2,0,0,0,0,0,0,0,1,0,0,0,0,0,0,0,0,0,0,1,0,1,0,0,0,0,0,0,0,1,0,0,0,1,0,0,0,0,0,561.7205810546875,775.0
3437,1,6,2,3,20.0,13.0,4,1,1,2,0,3,0,0,0,0,0,0,0,1,0,0,0,0,1,0,0,1,0,0,0,0,0,0,0,0,0,0,0,0,0,0,0,0,1,0,0,0,0,0,239380.546875,230000.0
3429,1,4,2,1,6.0,3.0,2,1,1,1,0,0,0,0,0,1,1,0,1,0,0,0,0,0,1,0,0,1,0,0,0,0,1,0,0,0,0,0,0,0,1,0,0,0,1,0,0,0,0,0,172985.546875,180000.0
3447,1,4,0,1,5.0,2.0,3,1,1,1,1,0,0,0,0,0,0,0,0,0,0,0,0,0,0,0,0,0,0,0,0,0,0,0,0,0,0,0,0,0,1,0,0,0,1,0,0,0,0,0,143506.609375,145000.0
3465,1,6,3,1,31.0,15.0,5,1,1,1,1,0,0,0,0,0,0,0,1,0,0,0,0,0,1,0,1,0,1,0,0,0,0,0,0,0,0,0,0,0,1,0,0,0,1,0,0,0,0,0,270595.0625,265000.0
3462,1,6,4,1,9.0,5.0,3,1,1,1,2,3,0,0,0,0,1,0,1,0,0,0,0,0,1,0,0,1,0,1,0,0,0,0,0,0,0,0,0,0,1,0,0,0,1,0,0,0,0,0,468533.1875,350000.0
3445,1,4,2,3,6.0,1.0,3,1,0,1,1,1,0,0,0,0,0,0,0,1,0,0,0,0,1,0,1,1,0,0,0,0,0,0,0,0,0,0,0,0,1,0,0,0,1,0,0,0,0,0,239522.53125,240000.0
3461,1,4,0,1,10.0,5.0,2,1,1,1,0,0,0,0,0,0,0,0,0,1,0,0,0,0,1,0,1,1,0,0,0,0,0,0,0,0,0,0,0,0,1,0,0,0,1,0,0,0,0,0,138749.328125,142000.0
3446,1,4,2,1,4.0,2.0,4,1,1,1,1,0,0,0,0,0,0,0,0,1,0,0,0,0,0,0,1,0,1,0,0,0,0,0,0,0,0,0,0,0,1,0,0,0,1,0,0,0,0,0,135968.109375,140000.0
3441,1,4,0,1,4.0,3.0,1,1,1,0,1,0,0,0,0,0,0,0,0,0,0,0,0,0,0,0,0,0,0,0,0,0,0,0,0,0,0,0,0,0,0,0,1,0,0,0,0,0,0,1,112596.7890625,115000.0
3452,1,4,2,1,4.0,1.0,3,1,0,2,1,4,0,0,0,0,1,0,1,1,0,0,0,0,0,0,1,0,0,0,1,0,0,0,0,0,0,0,0,0,1,0,0,0,1,0,0,0,0,0,179687.5625,180000.0
3442,1,4,0,1,10.0,6.0,3,1,1,1,0,1,0,0,0,0,0,0,0,1,0,0,0,0,0,0,0,0,1,0,0,0,0,0,0,0,0,0,0,0,1,0,0,0,1,0,0,0,0,0,126178.6796875,125000.0
3461,1,4,0,1,14.0,8.0,2,1,1,1,0,1,0,0,0,0,0,0,0,1,0,0,0,0,1,0,0,1,0,1,0,0,0,0,0,0,0,0,0,0,1,0,0,0,1,0,0,0,0,0,157786.703125,160000.0
3444,1,4,2,1,8.0,4.0,4,1,0,2,1,2,0,0,0,0,1,0,1,0,0,0,0,0,1,0,1,0,0,0,0,0,0,0,0,0,0,0,0,0,1,0,0,0,1,0,0,1,0,0,234145.703125,235000.0
3448,1,4,3,1,9.0,0.0,3,1,1,2,1,2,0,0,0,1,1,0,0,0,0,0,0,0,1,0,1,0,0,0,1,0,0,0,0,0,0,0,0,0,1,0,0,0,1,0,0,1,0,0,276980.0625,360000.0
3474,1,4,3,1,20.0,2.0,3,1,1,0,1,4,0,0,0,0,0,0,1,0,0,1,0,0,0,0,1,0,1,1,0,0,0,0,0,0,0,0,0,0,0,0,0,0,0,0,0,0,0,0,416654.5625,400000.0
3450,1,4,1,1,26.0,11.0,3,1,0,1,1,2,0,0,0,0,0,0,0,1,0,0,0,0,1,0,1,0,1,0,0,0,0,0,0,0,0,0,0,0,0,0,0,0,0,0,0,0,0,0,199832.09375,210000.0
3475,1,4,0,1,22.0,7.0,2,1,0,1,0,2,0,0,0,0,0,0,0,1,0,0,0,0,0,0,1,1,0,0,0,0,0,0,0,0,0,0,0,0,1,0,0,0,1,0,0,0,0,0,123502.4140625,125000.0
3472,1,4,0,1,16.0,2.0,4,1,0,1,0,1,0,0,0,0,0,0,1,0,0,0,0,0,1,0,0,0,1,0,0,0,0,0,0,0,0,0,0,0,1,0,0,0,1,0,0,0,0,0,109950.125,115000.0
3457,1,6,0,1,9.0,2.0,3,1,1,1,1,0,0,0,0,0,0,0,0,1,0,0,0,0,1,0,0,0,0,0,0,0,0,0,0,0,0,0,0,0,0,0,0,0,1,0,0,0,0,0,156796.34375,160000.0
1422,0,3,0,1,13.0,1.0,1,1,1,1,0,0,1,0,0,1,0,0,1,0,0,0,0,0,0,0,0,0,0,0,0,0,0,0,1,0,0,0,0,0,1,0,0,0,1,0,0,0,0,0,391.5995178222656,700.0
1351,0,3,1,1,0.0,0.0,2,1,1,1,1,1,0,0,0,0,0,0,0,1,0,0,0,0,0,0,0,0,1,0,0,0,0,0,0,0,0,0,0,0,1,0,0,0,1,0,0,0,0,0,823.3143310546875,850.0
1351,0,3,1,1,0.0,0.0,2,1,1,1,1,1,0,0,0,0,0,0,0,1,0,0,0,0,0,0,0,0,1,0,0,0,0,0,0,0,0,0,0,0,1,0,0,0,1,0,0,0,0,0,823.3143310546875,850.0
1345,0,3,0,1,0.0,10.0,2,1,1,1,0,1,0,0,0,1,1,0,1,0,0,0,0,0,0,0,1,0,1,0,0,0,0,0,0,0,0,0,0,0,1,0,0,0,1,0,0,0,0,0,619.8319091796875,860.0
2025,0,3,0,1,1.0,1.0,2,1,1,1,1,1,0,0,0,0,0,0,0,1,0,0,0,0,0,0,0,0,0,0,0,0,0,0,0,0,0,0,0,0,1,0,0,0,1,0,0,0,0,0,822.2479248046875,575.0
4814,1,7,1,1,3.0,2.0,2,1,0,1,1,3,1,0,0,0,0,0,1,0,0,1,0,0,0,1,0,0,0,0,0,0,0,0,0,1,0,1,0,1,1,0,1,0,0,0,0,0,0,0,171380.640625,155000.0
4835,1,4,2,1,6.0,3.0,3,1,1,2,1,6,0,0,0,0,0,0,0,1,0,0,0,0,1,0,1,1,0,0,0,0,0,0,0,0,0,0,0,1,1,0,0,1,0,0,0,0,0,0,207809.65625,210000.0
4848,1,7,1,1,3.0,4.0,2,1,0,1,1,5,1,0,0,0,0,0,1,0,0,0,1,0,1,0,1,1,0,0,0,0,0,0,0,0,0,0,0,1,1,0,0,0,1,0,0,0,0,0,167564.15625,165000.0
4832,1,4,1,1,0.0,0.0,2,1,1,2,1,6,0,0,0,0,0,0,0,1,0,0,0,0,1,0,1,1,0,0,0,0,0,0,0,0,0,0,0,1,1,0,0,1,0,0,0,0,0,0,293739.03125,295000.0
4980,1,7,2,1,5.0,2.0,3,1,0,1,2,11,0,0,0,1,1,0,1,0,0,0,0,0,1,0,0,0,1,1,0,0,0,0,0,0,0,0,0,1,1,0,0,0,1,0,0,0,0,0,228687.328125,220000.0
4800,1,4,3,1,2.0,2.0,3,2,0,1,1,8,0,0,0,1,1,0,1,0,0,0,0,0,1,0,0,1,0,1,0,0,0,0,0,0,0,0,0,1,1,0,0,0,1,0,0,0,0,0,314242.625,300000.0
4974,1,7,1,1,4.0,1.0,2,1,0,1,1,4,0,0,0,1,0,0,1,0,0,1,0,0,1,0,1,1,0,0,0,0,0,0,0,0,0,0,0,1,1,0,0,0,1,0,0,0,0,0,169448.984375,85000.0
4840,1,4,2,1,2.0,2.0,6,2,0,1,0,12,0,0,0,1,0,0,1,0,0,1,0,0,1,0,0,1,1,0,0,0,0,0,0,0,0,0,0,1,1,0,0,0,1,0,0,0,0,0,282704.40625,350000.0
4939,1,7,4,1,13.0,3.0,4,1,1,1,1,9,0,0,0,1,1,0,1,0,0,0,0,0,1,0,0,1,1,0,0,0,0,0,0,0,0,0,0,1,1,0,0,0,1,0,0,0,0,0,437432.6875,430000.0
4853,1,7,0,1,9.0,3.0,1,1,1,1,0,4,0,0,0,0,0,0,0,1,0,0,0,0,0,0,1,1,1,0,0,0,0,0,0,0,0,0,0,1,1,0,0,0,1,0,0,0,0,0,152330.796875,155000.0
4838,1,7,1,1,17.0,2.0,3,1,0,1,1,7,1,0,0,1,0,0,1,0,0,0,0,0,1,0,0,0,1,1,0,0,0,0,0,0,0,0,0,1,1,0,0,0,1,0,0,0,0,0,188535.03125,185000.0
4861,1,7,0,1,10.0,2.0,2,1,1,1,1,4,0,0,0,0,0,0,0,1,0,0,0,0,1,0,0,1,0,1,0,0,0,0,0,0,0,0,0,0,1,0,0,1,1,0,0,0,0,0,93967.5,95000.0
4979,1,7,2,1,7.0,2.0,3,1,1,2,1,6,0,0,1,1,0,0,1,0,0,0,0,0,1,0,0,1,0,1,0,0,1,0,0,0,0,0,0,1,1,0,0,1,0,0,0,0,0,0,203518.53125,200000.0
4867,1,4,2,1,7.0,3.0,2,1,1,2,1,4,0,0,0,0,0,0,0,1,0,0,0,0,1,0,0,1,0,1,0,0,0,0,0,0,0,0,0,1,1,0,0,0,1,0,0,0,0,0,189022.15625,195000.0
4970,1,7,4,1,3.0,3.0,4,2,1,2,2,6,0,0,0,1,1,0,1,0,0,0,0,0,1,0,0,1,1,0,0,0,0,0,0,0,0,1,0,1,1,0,0,1,0,0,0,0,0,0,464320.78125,375000.0
4860,1,7,1,1,22.0,8.0,3,2,1,2,2,5,0,0,0,1,0,0,1,0,0,0,0,0,1,0,0,1,0,1,0,0,0,0,0,0,0,0,0,1,1,0,0,0,1,0,0,0,0,0,227467.015625,218000.0
4031,0,3,3,1,2.0,1.0,2,1,0,1,0,3,0,0,0,0,0,0,0,0,1,0,0,0,1,0,0,1,0,0,0,0,0,0,1,0,0,0,0,0,1,0,0,0,1,0,0,0,0,0,2687.201171875,1100.0
1231,0,3,6,1,10.0,4.0,3,1,1,0,1,7,0,0,0,1,0,0,1,0,0,0,0,0,0,0,0,0,0,0,0,0,0,0,1,0,0,0,0,0,0,0,0,0,0,0,0,0,0,1,0.0,4000.0
3751,0,3,3,1,9.0,4.0,3,1,1,1,1,6,0,0,0,0,1,0,0,1,1,0,0,0,1,0,1,0,0,1,0,0,0,0,0,0,0,0,0,0,0,0,0,0,1,0,0,0,0,0,956.9061279296875,1500.0
2110,0,3,3,1,5.0,1.0,1,1,0,1,1,4,1,0,0,0,0,0,1,0,0,0,0,0,0,1,0,0,0,0,0,0,0,0,0,0,0,0,0,0,1,0,0,1,1,0,0,0,0,0,981.9393310546875,1175.0
264,0,3,0,1,0.0,0.0,3,1,2,1,0,0,0,0,0,1,1,0,1,0,0,0,0,0,0,0,1,1,0,0,1,0,0,0,0,0,0,0,0,1,0,0,0,0,0,0,0,0,0,0,619.7674560546875,600.0
233,1,2,0,1,14.0,3.0,1,1,1,2,1,5,0,0,0,0,0,0,0,1,0,0,0,0,0,0,0,0,0,0,0,0,0,0,0,0,0,0,0,0,0,0,0,0,1,0,0,0,0,0,83086.6484375,84995.0
217,1,4,5,1,8.0,4.0,4,1,2,4,2,12,0,0,0,1,1,1,0,0,0,0,0,0,0,0,1,0,1,0,1,0,0,0,0,0,0,0,0,0,0,0,0,0,1,0,0,0,0,0,576184.0,630000.0
1907,1,7,4,1,13.0,7.0,4,1,2,1,1,6,0,0,0,1,1,0,1,0,0,0,0,0,0,0,1,1,0,0,1,0,0,0,0,0,0,0,0,0,0,0,0,0,1,0,0,0,0,0,366508.75,290000.0
236,1,7,3,1,7.0,2.0,4,1,2,1,1,10,0,0,0,1,1,0,1,0,0,0,0,0,0,0,1,0,1,0,1,0,0,0,0,0,0,0,0,0,0,0,0,0,1,0,0,0,0,1,419079.125,420000.0
1874,1,7,1,1,5.0,2.0,1,1,1,1,1,3,1,0,0,0,0,0,1,0,0,0,0,0,0,1,0,0,0,0,0,0,1,0,0,0,0,0,0,0,0,0,1,0,0,0,0,0,0,0,114243.5234375,115000.0
1993,1,7,2,3,12.0,11.0,2,1,1,1,1,4,0,0,0,1,1,0,1,0,0,0,0,0,0,0,0,1,1,0,1,0,0,0,0,0,0,0,0,0,0,0,0,0,1,0,0,0,0,0,247515.046875,240000.0
2002,1,7,1,1,8.0,0.0,3,1,0,1,1,1,0,0,0,1,0,1,1,0,0,0,0,0,0,0,1,1,0,0,1,0,0,0,0,0,0,0,0,0,0,0,0,0,1,0,0,0,0,0,186952.34375,184950.0
1984,1,7,0,1,1.0,1.0,3,1,1,1,1,2,0,0,0,0,0,0,0,1,0,0,0,0,0,0,0,1,1,0,1,0,0,0,0,0,0,0,0,0,0,0,0,0,1,0,0,0,0,0,103469.0546875,160000.0
235,1,7,0,3,8.0,1.0,3,1,1,1,1,2,0,0,0,0,0,0,0,1,0,0,0,0,0,0,0,1,1,0,1,0,0,0,0,0,0,0,0,0,0,0,0,0,1,0,0,0,0,0,79110.2421875,110000.0
1957,1,7,0,1,5.0,1.0,2,1,0,1,1,1,0,0,0,1,1,0,0,0,0,0,0,0,0,0,1,0,0,0,1,0,0,0,0,0,0,0,0,0,0,0,1,0,0,0,0,0,0,0,123224.3828125,125000.0
255,1,7,3,2,23.0,6.0,3,1,1,1,1,2,0,0,0,1,1,0,1,0,0,0,0,0,0,0,0,1,1,0,1,0,1,0,0,0,0,0,0,0,0,0,0,0,1,0,0,0,0,0,253628.015625,255000.0
238,1,2,0,1,18.0,1.0,2,1,1,1,1,2,0,0,0,0,0,0,0,1,0,0,0,0,0,0,1,1,1,0,0,0,0,0,0,0,0,0,0,0,0,0,0,0,1,0,0,0,0,0,93302.0703125,90000.0
1969,1,6,0,1,20.0,12.0,3,1,1,1,1,3,0,0,0,1,0,0,1,0,0,0,0,0,1,0,0,1,1,0,0,0,0,0,0,0,0,0,0,0,0,0,0,0,1,0,0,0,0,0,100096.4921875,100000.0
2018,1,7,0,3,13.0,2.0,2,1,1,0,0,2,0,0,0,1,0,0,1,0,0,0,0,0,1,0,0,0,1,0,0,0,1,0,0,0,1,0,0,0,0,0,0,0,1,0,0,0,0,0,141597.75,185000.0
1881,1,1,0,3,13.0,6.0,2,1,1,1,1,2,0,0,0,0,0,0,0,1,0,0,0,0,0,0,0,0,1,0,0,0,0,0,0,0,0,0,0,0,0,0,0,0,1,0,0,0,0,0,85546.9765625,85000.0
249,1,6,0,1,5.0,1.0,2,1,1,1,0,2,0,0,0,0,0,0,1,0,0,0,0,0,0,0,1,0,1,1,0,0,0,0,0,0,0,0,0,0,1,0,0,0,1,0,0,0,0,0,141364.140625,155000.0
1908,1,4,4,1,11.0,5.0,4,1,2,1,1,9,0,0,0,1,1,0,1,0,0,0,0,0,0,0,0,1,1,0,1,0,0,0,0,0,0,0,0,0,0,0,0,0,1,0,0,0,0,0,307851.0,300000.0
1958,1,7,1,1,8.0,1.0,3,1,1,1,1,3,0,0,0,1,1,0,1,0,0,0,0,0,0,0,0,1,0,0,1,0,0,0,0,0,0,0,0,0,0,0,0,0,1,0,0,0,0,0,191042.921875,195000.0
1883,1,7,0,3,8.0,2.0,3,1,1,1,1,3,0,0,0,0,0,0,0,1,0,0,0,0,0,0,1,0,0,0,1,0,0,0,0,0,0,0,0,0,0,0,0,0,1,0,0,0,0,0,86594.8203125,85000.0
1946,1,7,3,1,5.0,1.0,3,1,1,0,1,2,0,0,0,1,0,0,1,0,0,0,0,0,1,0,0,1,0,0,0,0,0,0,0,0,0,0,0,0,1,0,0,0,1,0,0,0,0,0,251511.0625,255000.0
243,1,4,3,1,8.0,2.0,3,1,1,1,1,3,0,0,0,0,0,0,1,0,0,0,0,0,0,0,1,1,1,0,0,0,0,0,0,0,0,0,0,0,0,0,0,0,1,0,0,0,0,0,262478.15625,267500.0
1894,1,7,0,1,15.0,2.0,2,1,1,1,1,1,0,0,0,1,0,0,1,0,0,0,0,0,0,0,0,1,0,0,1,0,0,0,0,0,0,0,0,0,0,0,0,0,1,0,0,0,0,0,120044.984375,120000.0
1973,1,7,2,1,6.0,4.0,5,1,1,2,1,4,0,0,0,1,1,0,1,0,0,0,0,0,0,0,0,1,0,0,1,0,0,0,0,0,0,0,0,0,0,0,0,0,1,0,0,0,0,0,259001.390625,260000.0
2045,0,3,3,1,12.0,6.0,4,1,1,2,1,6,0,0,0,1,1,0,1,0,0,0,0,0,0,0,1,1,0,0,1,0,0,0,0,0,0,0,0,0,0,0,0,0,1,0,0,0,0,0,893.0526123046875,1000.0
221,1,7,2,1,0.0,2.0,3,1,1,1,1,5,0,0,0,1,0,0,1,0,0,0,0,0,0,0,0,1,0,0,1,0,0,0,0,0,0,0,0,0,0,0,0,0,1,0,0,0,0,0,182524.421875,185000.0
268,1,7,2,1,34.0,11.0,3,1,1,1,1,7,0,0,0,1,1,0,1,0,0,0,0,0,0,0,0,1,0,0,1,0,0,0,0,0,0,0,0,0,0,0,0,0,1,0,0,0,0,0,301237.875,200000.0
1977,1,2,0,1,0.0,0.0,4,1,1,1,1,10,0,0,0,1,1,0,1,0,0,0,0,0,0,0,0,1,1,0,1,0,0,0,0,0,0,0,0,0,0,0,0,0,1,0,0,0,0,0,443526.9375,450000.0
433,1,2,0,1,13.0,4.0,2,1,1,1,0,1,0,0,0,0,0,0,0,1,0,0,0,0,0,0,0,0,0,0,0,0,0,0,1,0,0,0,0,1,0,0,0,0,1,0,0,0,0,0,410726.5,400000.0
388,0,3,0,1,6.0,3.0,1,1,0,1,0,2,0,0,0,0,0,0,0,1,0,0,0,0,0,1,0,0,0,0,0,0,0,0,0,0,0,0,0,1,1,0,0,0,1,0,0,0,0,0,624.2713623046875,900.0
387,1,6,5,1,6.0,1.0,3,1,0,1,1,2,0,0,0,0,0,0,0,1,0,0,0,0,0,0,0,0,0,0,0,1,0,1,0,0,0,0,0,1,0,0,0,1,1,0,0,0,0,0,640964.9375,650000.0
434,0,3,4,1,6.0,2.0,2,1,1,1,1,1,1,0,1,0,0,0,0,0,0,1,0,0,1,0,1,0,0,0,0,1,1,0,0,1,0,1,0,1,0,1,1,0,0,0,0,0,0,0,1659.0916748046875,1850.0
438,1,2,0,1,11.0,1.0,1,1,1,1,1,1,0,0,0,0,0,0,0,1,0,0,0,0,0,1,0,0,0,1,0,0,0,0,0,0,0,0,0,1,0,0,0,1,1,0,0,0,0,0,287240.5,325000.0
382,0,3,4,1,6.0,3.0,3,1,0,1,0,2,0,0,0,0,1,0,0,0,0,0,0,0,0,0,0,0,0,0,0,0,0,1,0,0,0,0,0,0,1,0,0,1,1,0,0,0,0,0,1463.3924560546875,1800.0
383,1,6,0,1,25.0,10.0,0,1,0,1,0,2,0,0,0,0,0,0,0,0,0,0,0,0,0,0,0,0,0,0,0,0,1,1,0,0,0,0,0,1,1,0,0,0,1,0,0,0,0,0,101782.28125,200000.0
477,0,3,0,1,5.0,4.0,1,1,1,1,0,1,0,0,0,0,0,0,0,1,0,0,0,0,1,0,1,0,0,1,0,0,0,0,1,0,0,0,0,1,1,0,0,0,1,0,0,0,0,0,900.1502685546875,995.0
462,1,2,5,1,16.0,2.0,4,1,2,1,1,1,0,0,0,1,1,0,1,0,0,0,0,0,1,0,0,1,1,0,0,0,1,0,0,0,0,0,0,1,1,0,0,0,1,0,0,0,0,0,855125.625,1000000.0
484,1,2,1,1,20.0,8.0,1,1,1,1,0,1,0,0,0,1,0,0,1,0,0,1,0,0,1,0,0,0,1,1,0,0,1,0,0,0,0,0,0,1,1,0,0,0,1,0,0,0,0,0,297796.6875,300000.0
391,0,3,1,1,18.0,2.0,1,1,0,0,0,2,0,0,0,0,0,0,0,1,0,0,0,0,0,0,0,0,0,0,0,0,0,0,0,0,0,0,0,1,0,0,0,1,1,0,0,0,0,0,763.9588623046875,1050.0
385,0,3,0,1,7.0,1.0,1,1,1,0,1,2,0,0,0,0,0,0,0,0,0,0,0,0,0,0,0,0,0,0,0,0,0,0,0,0,0,0,0,0,0,1,0,0,0,0,0,0,0,0,595.5330810546875,1350.0
384,1,6,0,1,26.0,1.0,1,1,1,0,1,3,0,0,0,0,0,0,0,0,0,0,0,0,1,0,1,0,1,0,0,0,0,0,0,0,0,0,0,1,1,0,0,1,0,0,0,0,0,0,243146.296875,250000.0
470,0,3,0,1,6.0,1.0,1,1,1,1,1,0,0,0,0,0,0,0,0,1,0,0,0,0,1,0,0,0,0,1,1,0,1,0,0,0,0,0,0,1,1,0,0,0,1,0,0,0,0,0,689.2908935546875,1050.0
485,1,2,3,1,3.0,0.0,3,1,1,2,1,3,0,0,0,0,0,0,0,0,0,0,0,0,1,0,1,0,0,1,0,0,0,0,0,0,0,0,0,1,0,0,0,1,1,0,0,0,0,0,626439.5,625000.0
424,1,4,3,1,1.0,0.0,2,1,1,1,1,1,1,0,0,0,0,1,1,0,0,0,0,0,0,0,0,0,0,0,0,0,0,0,0,0,0,0,0,1,1,0,0,0,1,0,0,0,0,0,224284.984375,350000.0
402,1,2,0,1,12.0,3.0,1,1,1,1,0,2,0,0,0,0,0,0,0,1,0,0,0,0,0,0,0,0,1,0,0,0,0,0,0,0,0,0,0,1,1,0,0,0,1,0,0,0,0,0,260149.015625,260000.0
480,1,2,2,1,23.0,7.0,2,1,1,1,1,1,0,0,0,0,0,0,0,1,0,0,0,0,1,0,0,0,0,1,1,0,1,0,0,0,0,0,0,1,1,0,0,0,1,0,0,0,0,0,217497.671875,400000.0
394,1,6,3,1,6.0,1.0,4,1,1,2,1,2,0,0,0,0,0,0,0,1,0,0,0,0,1,0,0,0,1,1,0,0,0,0,0,0,0,0,0,1,0,0,0,1,1,0,0,0,0,0,906090.25,900000.0
416,1,2,0,1,0.0,3.0,1,1,1,1,0,2,0,0,0,0,0,0,0,1,1,0,0,0,1,0,0,0,0,1,1,0,0,0,0,0,0,0,0,1,0,0,0,1,1,0,0,0,0,0,201718.890625,325000.0
3587,0,3,2,1,0.0,1.0,1,1,1,1,0,4,0,0,0,1,0,0,1,0,0,0,0,0,1,0,1,1,0,0,0,0,0,0,0,0,0,0,0,1,1,0,0,0,1,0,0,0,0,0,534.0057373046875,625.0
3632,1,6,4,1,0.0,0.0,6,1,1,1,2,5,0,0,0,1,0,0,1,0,0,0,0,0,1,0,1,1,0,0,0,0,0,0,0,0,0,0,0,1,0,0,0,1,1,0,0,0,0,0,644982.5625,600000.0
3624,1,6,2,1,0.0,1.0,3,1,1,1,1,4,0,0,0,1,0,1,1,0,0,0,0,0,1,0,0,0,0,1,1,0,0,0,0,0,0,0,0,1,1,0,0,0,1,0,0,0,0,0,196944.921875,200000.0
3589,1,6,2,1,0.0,1.0,2,1,1,1,1,3,0,1,0,0,1,0,1,0,0,0,0,0,0,1,1,0,0,1,0,0,0,0,0,0,0,0,0,1,1,0,0,0,1,0,0,0,0,0,190943.109375,190000.0
2190,1,6,3,1,5.0,0.0,4,1,1,2,0,3,0,0,0,1,1,1,0,0,0,0,0,0,0,0,1,0,1,1,0,0,0,0,0,0,0,0,0,0,1,0,1,0,0,0,0,0,0,0,788689.625,800000.0
3630,1,2,0,1,0.0,0.0,1,1,1,1,0,1,0,0,0,1,0,0,0,0,0,0,0,0,0,0,0,0,0,0,0,0,0,0,0,0,0,0,0,1,1,0,0,0,1,0,0,0,0,0,149415.546875,50000.0
3603,1,6,1,1,33.0,5.0,4,1,1,2,1,6,0,0,0,1,0,0,1,0,0,0,0,0,1,0,1,0,0,1,0,0,0,0,0,0,0,0,0,1,1,0,0,0,1,0,0,0,0,0,217515.28125,220000.0
3603,1,6,1,1,22.0,4.0,3,1,1,2,1,2,0,0,0,0,0,0,0,1,0,0,0,0,1,0,1,0,0,1,0,0,0,0,0,0,0,0,0,1,1,0,0,0,1,0,0,0,0,0,174314.203125,180000.0
3613,0,3,3,1,0.0,5.0,2,1,0,1,1,1,1,0,1,0,0,0,0,0,0,1,0,0,0,0,0,0,0,0,0,0,0,1,0,0,0,0,0,0,1,0,1,0,0,0,0,0,0,0,0.0,750.0
3604,0,3,1,1,15.0,10.0,4,1,1,2,1,4,0,0,0,1,0,0,1,0,0,0,0,0,1,0,1,0,1,0,0,0,0,0,0,0,0,0,0,1,1,0,0,0,1,0,0,0,0,0,1164.7459716796875,950.0
3586,1,6,3,1,5.0,7.0,3,1,0,1,1,6,0,0,0,1,0,0,1,0,0,0,0,0,0,0,1,0,1,1,0,0,0,0,0,0,0,0,0,1,1,0,0,1,0,0,0,0,0,0,292961.28125,295000.0
3608,1,6,1,1,0.0,2.0,4,1,1,1,0,5,0,0,0,1,0,0,1,0,0,0,0,0,1,0,0,0,0,0,1,0,0,0,0,0,0,0,0,1,1,0,0,0,1,0,0,0,0,0,151406.328125,150000.0
3625,1,6,2,1,0.0,3.0,3,2,1,1,1,2,0,0,0,0,1,0,1,1,0,0,0,0,1,0,1,0,1,0,0,0,0,0,0,0,0,0,0,0,1,0,0,0,1,0,0,0,0,0,253088.265625,220000.0
2568,1,6,2,1,11.0,0.0,2,1,1,1,1,2,1,0,0,0,0,0,1,0,0,0,0,1,0,1,0,0,0,0,0,0,1,0,0,0,0,0,0,0,0,0,1,0,0,0,0,0,0,0,150016.328125,150000.0
2565,0,3,2,1,8.0,5.0,2,1,1,1,0,2,1,0,0,0,0,0,1,0,0,0,0,1,0,1,0,0,0,0,0,0,1,0,0,0,0,0,0,0,0,0,1,0,0,0,0,0,0,0,320.5155334472656,825.0
2529,1,4,5,1,18.0,2.0,3,1,1,1,1,7,0,0,0,1,1,0,1,0,0,0,0,0,1,0,1,0,0,1,0,0,0,0,1,0,0,0,0,0,0,0,1,0,0,0,0,0,0,0,532381.25,650000.0
2533,1,6,2,1,3.0,2.0,3,1,1,2,1,5,0,0,0,1,0,0,1,0,0,0,0,0,1,0,1,1,0,0,0,0,1,0,0,0,0,0,0,1,1,0,0,0,1,0,0,0,0,0,304984.5625,310000.0
1046,1,4,5,1,15.0,3.0,4,1,0,1,1,4,0,0,0,1,1,0,1,0,0,0,0,0,0,0,1,0,0,1,1,0,0,0,0,0,0,0,0,0,1,0,0,1,1,0,0,0,0,0,543611.1875,550000.0
1033,1,2,1,4,30.0,13.0,2,1,0,1,1,3,0,0,0,0,1,0,0,0,0,0,1,0,0,0,1,0,1,1,0,0,0,0,0,0,0,0,0,0,1,0,0,1,1,0,0,0,0,0,202095.671875,200000.0
1033,1,2,1,1,16.0,3.0,2,1,1,1,0,1,0,0,0,0,1,0,0,1,0,0,0,0,1,0,1,0,0,1,0,0,0,0,0,0,0,0,0,0,1,0,0,1,1,0,0,0,0,0,280152.5625,280000.0
1015,1,2,4,1,0.0,0.0,4,1,1,1,2,3,0,0,0,1,1,0,1,0,0,0,0,0,0,0,1,1,0,0,1,0,0,0,0,0,0,0,0,0,1,0,0,0,1,0,0,0,0,0,672949.1875,675000.0
1044,1,4,1,1,12.0,2.0,2,1,0,0,1,2,1,0,0,1,0,0,1,0,0,0,0,0,0,0,0,0,0,0,0,0,0,0,0,0,0,0,0,0,1,0,0,1,1,0,0,0,0,0,232775.921875,240000.0
1038,1,4,1,1,0.0,2.0,2,1,0,1,1,2,0,0,0,0,1,0,1,0,0,0,0,0,0,0,0,0,0,0,0,0,0,0,0,0,0,0,0,0,1,0,0,1,1,0,0,0,0,0,207960.765625,210000.0
2281,1,6,4,1,5.0,4.0,4,1,1,2,0,8,0,0,0,1,1,0,1,0,0,0,0,0,0,0,0,0,0,0,1,0,0,0,0,0,0,0,0,0,1,0,0,0,1,0,0,0,0,0,333602.6875,330000.0
2421,1,4,1,4,24.0,12.0,3,1,1,1,0,1,0,0,0,0,0,0,0,1,0,0,0,0,0,0,1,0,0,1,1,0,0,0,0,0,0,0,0,0,1,0,0,0,1,0,0,0,0,0,146557.46875,150000.0
2483,0,3,0,1,13.0,4.0,2,1,1,1,0,2,0,0,0,0,0,0,0,1,0,0,0,0,0,0,0,0,0,0,0,0,0,0,0,0,0,0,0,0,1,0,0,0,1,0,0,0,0,0,592.5291748046875,650.0
3113,0,3,1,1,10.0,5.0,2,1,0,1,1,3,0,0,0,1,0,0,1,0,0,0,0,0,0,0,0,1,0,0,1,0,1,0,0,0,0,0,0,0,1,0,0,0,1,0,0,0,0,0,629.6287841796875,725.0
3328,0,3,1,1,13.0,9.0,3,1,1,2,0,4,0,0,0,1,0,0,1,0,0,0,0,0,1,0,0,1,1,0,0,0,0,0,0,0,0,0,0,1,1,0,0,1,0,0,0,0,0,0,947.2772216796875,1000.0
264,1,7,0,1,19.0,3.0,3,1,2,1,0,0,0,0,0,1,1,0,1,0,0,0,0,0,0,0,1,1,0,0,1,0,0,0,0,0,0,0,0,1,0,0,0,0,0,0,0,0,0,0,139430.875,140000.0
1969,1,4,0,1,0.0,0.0,3,1,1,1,1,2,0,0,0,1,0,0,1,0,0,0,0,0,1,0,0,1,1,0,0,0,0,0,0,0,0,0,0,0,0,0,0,0,1,0,0,0,0,0,189779.265625,90000.0
3618,0,3,4,1,0.0,6.0,4,1,1,1,1,7,0,0,0,1,1,0,1,0,0,0,0,0,1,0,0,1,0,1,0,0,0,0,0,0,0,0,0,0,0,0,0,1,1,0,0,0,0,0,1424.3768310546875,1500.0
3048,0,3,0,1,8.0,5.0,3,2,1,1,1,4,0,0,0,0,0,0,0,1,0,0,0,0,1,0,1,0,0,0,0,0,0,0,1,0,0,0,0,0,1,0,0,0,1,0,0,0,0,0,475.3417053222656,725.0
3315,0,3,1,1,7.0,4.0,2,1,1,1,1,1,1,0,0,0,0,1,1,0,0,0,0,0,0,1,0,0,0,0,0,0,0,0,1,0,0,0,0,0,0,0,1,0,0,0,0,0,0,0,1065.1424560546875,975.0
3037,1,4,3,1,10.0,11.0,2,1,1,2,1,1,1,0,0,0,0,0,1,0,0,0,0,1,1,0,0,1,0,1,0,0,0,0,0,0,0,0,0,0,1,0,0,0,1,0,0,0,0,0,477468.09375,475000.0
3821,1,2,0,1,8.0,7.0,2,1,0,1,1,2,0,0,0,0,0,0,0,1,0,0,0,0,1,0,0,0,0,0,0,0,1,0,0,0,0,0,0,0,1,0,0,0,1,0,0,0,0,0,51994.515625,70000.0
3867,1,6,0,3,24.0,3.0,3,1,0,1,1,3,0,0,0,1,1,0,1,0,0,0,0,0,1,0,1,0,0,0,0,0,1,0,0,0,0,0,0,0,1,0,0,0,1,0,0,0,0,0,112265.0703125,160000.0
3841,1,6,0,1,10.0,4.0,3,1,0,0,1,5,0,0,0,1,0,1,1,0,0,0,0,0,1,0,1,0,1,0,0,0,1,0,0,0,0,0,0,0,1,0,0,0,1,0,0,0,0,0,174217.921875,170000.0
3843,1,6,1,1,7.0,3.0,2,1,0,1,1,2,0,0,0,1,1,0,1,0,0,0,0,0,1,0,0,1,0,1,0,0,1,0,0,0,0,0,0,0,1,0,0,0,1,0,0,0,0,0,193092.78125,190000.0
2433,0,3,1,1,0.0,3.0,2,1,1,1,1,0,0,0,0,1,0,0,1,0,0,1,0,0,1,0,0,0,1,0,1,0,0,0,0,0,0,0,0,0,0,0,1,1,0,0,0,0,0,0,775.9002685546875,725.0
2431,1,7,3,1,3.0,1.0,3,1,1,2,1,3,0,0,0,1,0,0,1,0,0,1,0,0,0,0,1,0,0,1,1,0,0,0,0,0,0,0,0,0,0,0,0,0,1,0,0,0,0,0,274002.78125,300000.0
2431,1,7,2,4,6.0,1.0,2,1,1,1,1,0,0,0,0,1,1,0,1,0,0,0,0,0,0,0,1,0,0,1,1,0,0,0,0,0,0,0,0,0,1,0,0,0,1,0,0,0,0,0,318778.40625,325000.0
5241,1,7,3,1,14.0,2.0,4,1,0,1,1,9,0,0,0,1,1,0,1,0,0,0,0,0,0,0,0,0,0,1,1,0,0,0,1,0,0,0,0,0,1,0,0,1,1,0,0,0,0,0,294829.5,285000.0
5225,0,3,1,1,22.0,7.0,2,1,1,1,0,3,0,0,0,0,0,0,0,1,0,0,0,0,0,1,0,0,0,0,0,0,0,0,1,0,0,0,0,0,0,0,0,0,0,0,0,0,0,0,903.0682373046875,550.0
1270,1,7,1,1,7.0,4.0,2,1,1,0,0,3,1,0,0,0,0,0,0,0,0,0,0,0,0,0,0,0,0,0,0,0,1,0,0,0,0,1,0,0,0,0,1,0,0,0,0,0,0,0,117749.6953125,120000.0
5214,1,7,2,1,11.0,5.0,3,1,1,1,0,4,0,0,0,1,0,0,1,0,0,0,0,0,1,0,0,0,0,0,1,0,0,0,1,0,0,0,0,0,1,0,0,1,1,0,0,0,0,0,193268.265625,187000.0
289,1,7,1,1,7.0,4.0,2,1,1,1,1,4,0,0,0,1,0,0,1,0,0,0,0,0,1,0,0,1,0,0,0,0,0,0,1,0,0,0,0,0,1,0,0,1,1,0,0,0,0,0,118191.2734375,125000.0
1204,1,4,3,1,13.0,5.0,2,1,0,1,1,5,0,0,0,0,1,0,0,0,0,0,0,0,0,0,0,0,0,1,0,0,1,0,0,0,0,0,0,0,0,0,1,0,0,0,0,0,0,0,372581.5,375000.0
1205,1,4,5,1,6.0,1.0,3,1,1,0,1,4,0,0,0,0,0,0,0,0,0,1,0,0,0,0,1,0,0,0,0,0,1,0,0,0,0,0,0,0,1,0,0,0,0,0,0,0,0,0,781267.0,795000.0
1206,1,4,2,4,26.0,11.0,3,1,1,0,1,1,0,0,0,0,1,0,1,0,0,0,0,0,0,0,0,0,0,0,0,0,0,0,0,0,0,0,0,0,0,0,1,0,0,0,0,0,0,0,258805.0,260000.0
132,1,0,2,1,0.0,0.0,2,1,1,1,0,6,0,0,0,1,0,0,1,0,0,1,0,0,1,0,0,1,0,0,0,0,1,0,0,0,0,0,0,0,0,0,1,0,0,0,0,0,0,1,217217.6875,280000.0
3000,1,4,1,1,60.0,13.0,3,1,0,1,1,2,0,0,0,0,0,0,0,1,1,0,0,0,0,0,0,0,1,0,1,0,1,0,0,0,0,0,0,0,0,0,0,0,1,0,0,0,0,0,221539.90625,220000.0
3013,0,3,1,1,8.0,3.0,3,1,0,1,1,2,0,0,0,0,1,0,0,1,0,0,0,0,0,0,0,0,0,1,1,0,1,0,0,0,0,0,0,0,0,0,0,0,1,0,0,0,0,0,697.8338623046875,1250.0
2927,0,3,1,1,11.0,7.0,2,1,0,1,1,1,1,0,0,0,0,0,0,0,0,1,0,0,0,1,0,0,0,0,0,0,0,0,1,0,0,0,0,0,0,0,0,0,1,0,0,0,0,0,1031.2322998046875,900.0
3007,1,2,2,1,46.0,12.0,3,1,0,1,1,2,1,0,0,0,0,0,1,0,0,0,0,0,0,0,1,0,1,0,1,0,1,0,0,0,0,0,0,0,0,0,0,0,1,0,0,0,0,0,297491.125,300000.0
2925,1,2,4,1,3.0,2.0,3,1,0,3,1,3,1,1,0,0,0,0,1,0,0,0,0,0,0,1,0,0,1,0,1,0,1,0,0,0,0,0,1,0,1,0,0,0,1,0,0,0,0,0,510526.53125,525000.0
3011,1,2,1,2,0.0,17.0,3,1,0,0,1,5,0,0,0,0,0,0,0,0,1,0,0,0,1,0,0,1,1,0,0,0,0,0,1,0,0,0,0,0,0,0,0,0,1,0,0,0,0,0,226965.203125,230000.0
3004,1,4,2,1,32.0,13.0,3,1,1,1,1,5,0,0,0,1,1,0,1,0,0,0,0,0,1,0,0,0,0,0,0,0,0,0,0,0,0,0,0,0,0,0,0,0,1,0,0,0,0,0,311185.5,300000.0
2929,0,3,0,1,0.0,1.0,0,0,0,1,0,1,1,0,0,0,0,1,0,0,0,0,0,0,0,1,0,0,0,0,0,0,0,0,1,0,0,0,0,0,0,0,1,0,0,0,0,0,0,0,715.6424560546875,650.0
2999,1,4,1,1,39.0,12.0,2,1,0,1,1,1,0,0,0,0,0,0,0,1,1,0,0,0,0,0,0,0,0,1,1,0,0,0,1,0,0,0,0,0,0,0,0,0,1,0,0,0,0,0,242222.109375,220000.0
552,0,3,3,1,9.0,3.0,1,1,0,0,1,3,1,0,0,0,0,0,0,0,0,0,0,0,0,1,0,0,0,0,0,0,0,0,0,0,0,0,0,0,0,0,0,0,1,0,0,0,0,0,997.1658935546875,1100.0
555,1,4,2,1,0.0,0.0,2,1,1,1,1,0,0,0,0,1,1,0,0,0,0,0,0,0,1,0,0,0,0,0,0,0,0,0,0,0,0,0,0,1,0,0,0,0,0,0,0,0,0,0,327218.03125,325000.0
4013,1,4,5,1,6.0,1.0,5,1,0,1,1,5,0,0,0,1,1,0,0,0,0,0,0,0,1,0,0,0,0,0,1,0,0,0,0,0,0,1,0,0,0,0,0,0,1,0,0,0,0,0,772295.125,750000.0
4007,1,4,4,1,4.0,3.0,3,1,0,1,1,7,0,0,0,1,0,1,1,0,0,0,0,0,0,0,0,1,0,1,0,1,0,0,0,0,0,1,0,0,0,0,0,0,1,0,0,0,0,0,519699.0,500000.0
4201,1,7,3,1,9.0,2.0,3,1,0,1,1,7,0,0,0,1,0,0,1,0,0,1,0,0,1,0,1,0,0,1,0,0,0,0,0,0,0,0,0,0,1,0,0,0,0,0,0,0,0,0,363859.71875,365000.0
4200,0,3,2,1,11.0,6.0,3,1,0,1,0,7,0,0,0,1,1,0,0,0,0,1,0,0,1,0,0,1,0,0,1,0,0,0,0,0,0,0,0,0,1,0,0,1,1,0,0,0,0,0,2715.77685546875,1100.0
1429,0,3,2,1,5.0,4.0,2,1,1,1,1,1,1,0,0,0,0,1,0,0,0,0,0,0,0,0,0,0,0,0,0,0,0,0,1,0,0,0,0,0,1,0,0,0,1,0,0,0,0,0,921.7049560546875,1100.0
1437,0,3,2,1,6.0,1.0,2,0,1,1,0,2,1,1,0,0,0,0,1,0,0,0,0,0,0,0,0,0,0,0,0,1,0,0,1,0,0,0,0,0,1,0,0,0,1,0,0,0,0,0,1267.7010498046875,1300.0
3277,1,6,0,1,0.0,1.0,2,1,1,1,0,4,0,0,0,1,0,0,1,0,0,0,0,0,0,0,0,0,1,0,0,0,0,0,0,0,0,0,0,1,0,0,0,0,0,0,1,0,0,0,165951.734375,165000.0
3131,0,3,1,1,11.0,8.0,3,1,0,1,0,6,0,0,0,1,0,0,1,0,0,0,0,0,1,0,1,0,0,0,1,0,0,0,0,0,0,0,0,0,1,0,0,0,1,0,0,0,0,0,597.5330810546875,775.0
3132,1,4,1,3,24.0,5.0,3,1,0,1,1,6,0,0,0,1,0,0,1,0,0,1,0,0,0,0,0,1,1,0,1,0,0,0,0,0,0,0,0,0,1,0,0,0,1,0,0,0,0,0,188828.609375,190000.0
3128,1,6,2,1,3.0,5.0,3,1,0,1,1,8,0,0,0,1,0,0,0,0,0,0,0,0,1,0,0,0,0,0,0,0,0,0,1,0,0,0,0,0,0,0,0,0,1,0,0,0,0,0,278426.3125,195000.0
3134,0,3,0,1,7.0,3.0,2,1,1,1,1,1,1,0,0,0,0,0,1,0,0,0,0,1,0,0,0,0,0,0,0,0,0,0,0,0,0,0,0,0,0,0,0,0,1,0,0,0,0,0,534.2576904296875,625.0
3285,1,4,0,1,2.0,2.0,3,1,0,1,1,5,0,0,0,0,1,0,0,0,0,0,0,0,1,0,0,1,0,0,0,0,0,0,0,0,0,0,0,0,1,0,0,0,1,0,0,0,0,0,141134.8125,140000.0
3413,1,2,1,1,6.0,3.0,2,1,0,1,1,0,1,0,0,0,0,0,1,0,0,0,0,1,0,1,0,0,0,0,0,0,0,0,1,0,0,0,0,1,1,0,1,0,0,0,0,0,0,0,180182.484375,180000.0
3410,1,2,3,3,6.0,1.0,4,1,1,0,1,1,0,0,0,1,1,0,1,0,0,0,0,0,0,0,1,0,0,1,1,0,0,0,1,0,0,0,0,0,1,0,0,0,1,0,0,0,0,0,378214.375,375000.0
3425,1,4,3,1,4.0,2.0,3,1,0,1,1,3,0,0,0,1,0,0,1,0,0,0,0,0,1,0,1,0,1,0,0,0,0,0,1,0,0,0,0,0,1,0,1,0,1,0,0,0,0,0,234732.046875,390000.0
3417,1,2,0,3,11.0,8.0,1,1,1,1,0,0,1,0,0,0,0,0,1,0,0,1,0,0,0,1,1,0,0,0,1,0,0,0,1,0,0,0,0,0,1,0,1,0,0,0,0,0,0,0,120465.8671875,100000.0
3397,1,2,3,1,4.0,3.0,5,1,0,0,1,0,0,0,0,1,1,0,1,0,0,0,0,0,0,0,1,0,0,1,1,0,0,0,1,0,0,0,0,0,1,0,0,0,1,0,0,0,0,0,388734.4375,450000.0
3419,0,3,2,1,33.0,8.0,3,1,1,0,1,1,0,0,0,1,0,0,1,0,0,0,0,0,0,0,0,0,1,1,1,0,0,0,1,0,0,0,0,0,1,0,0,0,1,0,0,0,0,0,1116.3221435546875,1250.0
3416,0,3,2,1,11.0,5.0,2,0,0,0,1,0,1,0,1,0,0,0,1,0,0,0,0,0,0,1,0,1,0,0,0,0,1,0,0,0,0,1,0,1,1,0,0,1,0,0,0,0,0,0,775.4998779296875,1050.0
3406,1,2,1,4,0.0,7.0,2,1,0,0,1,0,1,0,0,0,0,0,1,0,0,1,0,0,1,0,1,1,0,0,0,0,0,0,1,0,0,0,0,1,1,0,0,1,0,0,0,0,0,0,106811.5234375,110000.0
3399,1,2,3,1,7.0,5.0,5,1,1,1,0,1,0,0,0,1,1,0,1,0,0,0,0,0,0,0,1,1,0,0,1,0,0,0,1,0,0,0,0,1,1,0,0,1,0,0,0,0,0,0,450698.5625,450000.0
3426,1,2,2,1,29.0,4.0,4,1,0,1,1,1,0,0,0,1,0,0,1,0,0,0,0,0,0,0,1,0,1,0,1,0,0,0,0,1,0,1,0,1,1,0,0,1,0,0,0,0,0,0,281942.1875,300000.0
3409,1,2,3,1,1.0,0.0,3,1,0,0,1,1,0,0,0,1,1,0,1,0,0,0,0,0,0,0,1,0,1,0,1,0,0,0,1,0,0,0,0,1,1,0,0,1,0,0,0,0,0,0,349146.21875,350000.0
3398,1,2,2,1,0.0,9.0,4,1,1,1,1,1,0,0,0,0,0,0,1,0,0,1,1,0,0,0,1,0,1,0,1,0,0,0,1,0,0,0,0,1,1,0,0,1,0,0,0,0,0,0,238312.90625,325000.0
3412,1,2,2,1,6.0,6.0,3,1,1,0,1,0,0,0,0,0,1,0,1,0,0,1,0,0,0,0,1,0,1,0,1,0,0,0,0,0,0,1,0,0,1,0,0,0,1,0,0,0,1,0,282300.40625,260000.0
3407,0,3,2,1,17.0,5.0,3,1,1,1,1,2,0,0,0,0,1,0,1,0,0,1,0,0,0,0,1,0,0,1,1,0,0,0,1,0,0,0,0,0,1,0,0,0,1,0,0,0,0,0,713.8065185546875,1175.0
5096,1,2,0,1,28.0,7.0,1,1,0,0,0,4,0,0,0,1,1,0,0,1,0,0,0,0,0,0,0,1,0,0,0,0,0,0,1,0,0,0,0,0,0,0,0,1,0,0,0,0,0,0,163396.390625,160000.0
5101,1,0,0,1,6.0,2.0,1,1,1,0,1,1,0,0,0,0,0,0,1,0,0,0,0,0,1,0,0,0,0,0,0,0,0,0,1,0,0,0,0,0,0,0,0,0,1,0,0,0,0,0,90559.9609375,90000.0
5089,1,7,2,1,12.0,3.0,3,1,0,0,1,3,0,0,0,0,0,0,0,0,0,1,1,0,1,0,0,0,1,0,0,0,0,0,1,0,0,0,0,0,0,0,0,0,1,0,0,0,0,0,244343.421875,240000.0
5099,1,4,5,1,3.0,2.0,1,1,0,0,1,2,0,0,0,1,0,0,1,0,0,0,0,0,0,0,0,1,0,0,1,0,0,0,0,0,0,0,0,1,0,0,0,0,0,0,1,0,0,0,479247.6875,475000.0
5074,1,6,0,1,3.0,4.0,1,1,1,0,1,2,0,0,0,0,0,0,0,0,0,0,0,0,0,0,0,0,0,0,0,0,0,0,0,0,0,0,0,0,0,0,0,0,1,0,0,0,0,0,92840.171875,90000.0
3133,1,2,2,1,12.0,1.0,3,1,0,0,1,9,0,0,1,1,0,0,1,0,0,0,0,0,0,0,0,1,1,0,1,0,0,0,0,0,1,0,0,0,1,1,0,0,1,0,0,0,0,0,304107.71875,300000.0
3126,1,2,1,1,19.0,15.0,3,1,1,1,1,5,0,0,0,0,0,0,1,0,0,0,0,0,0,0,0,1,1,0,1,0,0,0,0,0,0,0,0,0,1,0,0,0,1,0,0,0,0,0,173632.890625,180000.0
3282,1,4,3,1,6.0,3.0,4,1,1,1,1,9,0,0,0,1,1,0,1,0,0,0,0,0,0,0,1,0,1,0,1,0,0,0,0,0,0,0,0,0,1,0,0,0,1,0,0,0,0,0,503877.25,300000.0
521,0,3,4,1,0.0,1.0,3,1,1,1,0,4,1,0,0,0,0,0,1,0,0,0,0,0,1,0,0,1,1,0,0,0,0,0,1,0,0,0,0,0,1,0,0,0,1,0,0,0,0,0,1346.7362060546875,875.0
518,0,3,3,1,11.0,6.0,2,1,0,1,1,5,1,0,0,0,0,0,1,0,0,0,0,1,0,0,0,0,1,0,0,0,0,0,1,0,0,0,0,0,1,0,0,0,1,0,0,0,0,0,853.4647216796875,800.0
5253,1,7,1,1,22.0,6.0,3,1,0,2,1,1,0,0,0,1,1,0,1,0,0,0,0,0,1,0,0,1,0,0,1,0,0,0,0,0,0,0,0,0,1,0,0,1,1,0,0,0,0,0,240051.484375,230000.0
5255,1,7,0,1,19.0,6.0,3,1,1,1,1,0,0,0,1,0,1,0,1,0,0,0,0,0,1,0,0,1,0,0,1,0,0,0,0,0,0,0,0,0,1,0,0,1,1,0,0,0,0,0,182767.046875,180000.0
5259,1,4,0,1,2.0,1.0,2,0,0,1,1,0,0,1,0,0,0,0,1,0,0,0,0,1,0,0,0,0,0,0,0,0,0,0,0,0,0,0,0,0,0,0,1,0,0,0,0,0,0,0,58431.70703125,90000.0
5316,1,4,2,1,7.0,1.0,2,1,1,1,0,1,0,0,0,1,1,0,1,0,0,0,0,0,1,0,0,1,1,0,0,0,0,0,0,0,0,0,0,0,1,0,0,1,1,0,0,0,0,0,224183.65625,235000.0
953,1,4,1,1,9.0,2.0,3,1,1,2,1,0,1,0,0,0,0,0,1,0,0,0,1,0,1,0,1,0,0,0,1,0,0,0,0,0,0,0,0,1,0,0,0,1,1,0,0,0,0,0,286962.65625,150000.0
5260,1,7,2,1,15.0,5.0,3,1,1,1,1,1,0,0,0,1,1,1,0,0,0,0,0,0,1,0,0,1,0,1,0,0,0,0,0,0,0,0,0,0,1,0,0,1,1,0,0,0,0,0,239857.296875,235000.0
5314,1,7,3,1,4.0,4.0,4,1,1,0,1,0,0,0,0,1,1,0,1,0,0,0,0,0,1,0,0,1,0,1,0,0,0,0,0,0,0,0,0,0,1,0,0,1,1,0,0,0,0,0,318155.78125,320000.0
5315,1,4,2,1,0.0,1.0,3,1,0,1,1,2,0,0,0,1,1,0,1,0,0,0,0,0,1,0,0,1,0,1,0,0,0,0,0,0,0,0,0,0,1,0,0,1,1,0,0,0,0,0,247323.8125,250000.0
5318,1,7,0,3,8.0,2.0,3,1,1,1,1,0,1,1,0,0,0,0,0,1,0,0,0,0,1,0,0,1,0,0,1,0,0,0,0,0,0,0,0,0,1,0,0,1,1,0,0,0,0,0,105269.1484375,105000.0
5331,1,7,2,1,2.0,1.0,4,1,1,0,1,1,0,0,0,1,1,0,1,0,0,0,0,0,1,0,1,1,0,0,0,0,0,0,0,0,0,0,0,1,1,0,0,0,1,0,0,0,0,0,189562.359375,270000.0
5321,1,2,1,2,14.0,3.0,3,1,2,1,0,1,0,0,0,1,1,0,1,0,0,0,0,0,1,0,1,0,0,0,1,0,0,0,0,0,0,0,0,0,0,0,0,0,0,0,0,0,0,0,169248.90625,165000.0
687,1,4,2,1,27.0,7.0,2,1,1,1,0,1,0,0,0,0,1,0,0,0,0,0,0,0,0,1,0,0,0,0,0,0,1,0,0,0,0,0,0,0,0,0,1,0,0,0,0,0,0,0,197160.671875,200000.0
1670,0,3,2,1,10.0,2.0,3,1,0,1,1,9,0,0,0,0,0,0,1,0,0,0,0,0,0,0,0,1,0,0,1,0,1,0,0,0,0,0,0,0,1,0,0,0,1,0,0,0,0,0,0.0,750.0
1595,0,3,2,1,0.0,0.0,3,1,0,2,1,5,0,0,0,0,0,0,1,1,0,0,0,0,1,0,0,1,0,0,0,0,1,0,0,0,0,0,0,0,1,0,0,0,1,0,0,0,0,0,611.3924560546875,750.0
1572,0,3,1,1,10.0,2.0,3,1,0,1,1,5,0,0,0,0,0,0,1,0,0,0,0,0,0,0,0,1,0,0,1,0,1,0,0,0,0,0,0,0,1,0,0,0,1,0,0,0,0,0,934.4862060546875,800.0
1622,0,3,3,1,10.0,5.0,3,1,1,0,0,9,0,0,0,1,1,0,1,0,0,0,0,0,0,0,0,0,0,0,1,0,1,0,0,0,0,0,0,0,1,0,0,0,1,0,0,0,0,0,632.5877685546875,900.0
1560,0,3,0,1,0.0,0.0,2,1,0,1,1,5,0,0,0,0,0,0,0,1,0,0,0,0,1,0,0,0,0,0,0,0,1,0,0,0,0,0,0,0,0,0,0,0,1,0,0,0,0,0,713.3768310546875,625.0
1667,0,3,1,1,1.0,2.0,3,1,0,1,1,6,0,0,0,0,1,0,0,0,0,0,0,0,0,0,0,1,0,0,1,0,1,0,0,0,0,0,0,0,1,0,0,0,1,0,0,0,0,0,703.8397216796875,800.0
1630,0,3,2,1,6.0,3.0,3,1,0,1,1,7,0,0,0,1,1,0,1,0,0,0,0,0,0,0,0,1,0,0,1,0,1,0,0,0,0,0,0,0,1,0,0,0,1,0,0,0,0,0,677.2322998046875,900.0
1594,1,7,2,1,5.0,5.0,2,1,0,1,0,2,0,0,0,0,0,0,0,1,0,0,0,0,0,0,0,0,0,0,0,0,0,0,1,0,0,0,0,0,1,0,1,0,0,0,0,0,0,0,133674.046875,130000.0
1598,0,3,2,1,4.0,2.0,3,1,0,1,1,6,0,0,0,1,0,0,1,0,0,0,0,0,0,0,0,1,0,0,1,0,1,0,0,0,0,0,0,0,1,0,0,0,1,0,0,0,0,0,697.4705810546875,1100.0
1832,0,3,1,1,3.0,3.0,3,1,1,1,1,5,0,0,0,1,0,0,1,0,0,0,0,0,0,0,0,1,0,0,1,0,1,0,0,0,0,0,0,0,1,0,0,0,1,0,0,0,0,0,763.6229248046875,700.0
1551,0,3,1,1,0.0,1.0,3,1,0,1,1,3,1,0,0,0,0,0,1,0,0,0,0,0,0,0,0,1,0,0,1,0,1,0,0,0,0,0,0,0,1,0,0,0,1,0,0,0,0,0,703.6229248046875,650.0
2410,0,3,2,1,24.0,7.0,3,1,1,1,0,4,0,0,0,1,0,0,0,0,0,0,0,0,1,0,0,0,0,0,0,0,0,0,0,0,0,0,0,0,0,0,0,0,1,0,0,0,0,0,1057.6151123046875,1000.0
2398,1,2,4,1,2.0,0.0,4,1,0,2,1,3,0,0,0,0,1,0,0,0,0,0,0,0,1,0,0,0,0,0,0,0,0,0,0,0,0,0,0,0,0,0,0,0,1,0,0,0,0,0,417976.0625,410000.0
2413,0,3,0,1,12.0,4.0,2,1,0,1,1,1,0,0,0,0,0,0,0,1,0,0,0,0,1,0,0,0,0,0,0,0,0,0,0,0,0,0,0,0,0,0,0,0,1,0,0,0,0,0,702.6854248046875,775.0
2417,1,2,0,1,20.0,6.0,2,1,0,2,1,3,0,0,0,0,0,0,0,0,0,0,0,0,0,0,0,0,0,0,0,1,0,0,0,0,0,0,0,0,0,0,0,0,1,0,0,0,0,0,98027.671875,170000.0
2407,1,1,2,4,10.0,0.0,3,1,1,1,1,5,0,0,0,1,0,0,0,0,0,0,0,0,0,0,0,1,0,0,0,0,0,0,0,0,0,0,0,0,0,0,0,0,1,0,0,0,0,0,225599.015625,220000.0
2173,1,2,3,4,42.0,5.0,4,1,1,2,1,7,0,0,0,1,0,0,0,0,0,0,0,0,0,0,0,0,0,1,0,0,0,0,0,0,0,0,0,0,0,0,0,0,0,0,0,0,0,0,562478.9375,280000.0
1209,1,4,2,1,6.0,1.0,2,1,1,1,1,0,0,1,0,0,0,0,0,0,0,0,0,0,0,1,0,0,1,0,0,0,1,0,0,0,0,0,0,0,0,0,1,0,0,0,0,0,0,0,244797.078125,245000.0
1222,1,2,3,1,4.0,1.0,2,1,1,1,0,0,1,0,0,0,0,0,1,0,0,0,0,0,0,0,0,0,0,0,0,0,0,0,1,0,0,0,0,0,0,0,0,0,1,0,0,0,0,0,194787.765625,200000.0
1212,1,2,2,1,3.0,1.0,1,1,1,1,1,1,1,0,0,0,0,1,0,0,0,0,0,0,0,0,0,0,0,0,0,1,1,1,0,0,0,0,0,0,0,0,1,0,0,0,0,0,0,0,297177.125,300000.0
1229,1,4,2,1,29.0,5.0,2,1,1,1,1,0,1,1,0,0,0,0,1,0,0,0,0,0,0,0,0,1,0,0,0,0,0,0,1,0,0,0,0,0,1,0,0,1,0,0,0,0,0,0,231599.71875,325000.0
1213,1,2,1,1,0.0,1.0,2,1,1,1,1,0,1,1,0,0,0,0,0,0,0,0,0,0,0,0,0,0,0,0,0,0,0,1,0,0,0,0,0,1,1,0,0,0,1,0,0,0,0,0,227086.15625,230000.0
1211,1,2,3,1,0.0,5.0,4,1,1,1,1,4,0,0,0,1,0,0,1,0,0,0,0,0,1,0,0,0,0,1,1,0,1,0,0,0,0,0,0,1,1,0,0,0,0,0,0,0,0,0,565679.1875,550000.0
1210,1,2,3,1,0.0,0.0,2,1,1,0,1,3,0,0,0,0,0,0,0,0,0,0,0,0,1,0,1,0,0,1,0,0,1,0,0,0,0,0,0,0,1,0,0,0,1,0,0,0,0,0,437488.125,450000.0
3959,1,6,1,1,2.0,1.0,2,1,1,1,0,2,1,0,0,0,0,0,1,0,0,0,0,0,0,0,0,0,0,0,0,0,0,1,0,0,0,0,0,1,1,0,0,0,0,0,0,0,0,0,339174.0,343000.0
2993,1,2,1,1,25.0,12.0,3,1,0,1,1,5,0,0,0,0,0,0,0,1,0,0,0,0,1,0,0,0,1,1,0,0,0,0,0,0,0,0,0,0,1,0,0,0,0,0,0,0,0,0,226239.421875,225000.0
2994,1,2,2,1,16.0,3.0,3,1,0,1,1,3,0,0,1,0,1,0,1,0,0,0,0,0,0,0,1,1,1,0,0,0,0,0,0,0,0,0,0,1,1,0,0,1,0,0,0,0,0,0,307301.9375,310000.0
2960,1,2,1,1,15.0,3.0,3,1,0,1,1,1,0,0,0,0,0,0,0,1,0,0,0,0,1,0,0,2,0,0,0,0,0,0,1,0,0,0,0,0,0,0,0,0,1,0,0,0,0,0,249042.28125,240000.0
2998,1,2,2,1,5.0,2.0,3,1,0,0,1,3,0,0,1,1,1,0,0,0,0,0,0,0,1,0,0,1,1,0,0,0,0,0,0,0,0,0,0,0,1,0,0,0,1,0,0,0,0,0,416256.1875,410000.0
2994,1,2,2,1,5.0,1.0,3,1,0,1,1,2,0,0,0,0,1,0,1,0,0,1,0,0,0,0,1,0,0,1,1,0,0,0,0,1,0,0,0,0,1,0,0,0,1,0,0,0,0,0,195773.328125,320000.0
2996,1,2,2,1,28.0,3.0,3,1,0,1,1,1,0,0,0,0,1,0,1,0,0,1,0,0,1,0,0,0,0,1,0,1,0,0,0,0,0,0,0,0,1,0,0,0,1,0,0,0,0,0,273278.25,270000.0
648,1,2,2,1,0.0,1.0,1,0,0,0,0,2,0,1,0,0,0,1,0,0,0,1,0,0,0,1,1,0,0,0,0,0,0,1,0,0,0,0,0,0,0,0,0,0,1,0,0,0,0,0,81963.703125,80000.0
2997,1,2,3,3,10.0,6.0,3,1,0,1,1,1,0,0,0,1,1,0,0,0,0,1,0,0,1,0,1,0,0,1,0,0,0,0,0,0,0,0,0,0,1,0,0,1,0,0,0,0,0,0,337841.875,310000.0
2989,1,4,1,1,15.0,3.0,3,1,0,1,1,2,0,0,0,0,0,0,0,1,0,0,0,0,1,0,1,0,0,1,0,0,0,0,0,0,0,0,0,0,1,0,0,0,1,0,0,0,0,0,220332.859375,220000.0
5329,1,4,0,1,9.0,2.0,3,1,1,1,1,0,0,0,0,0,0,0,0,1,0,1,0,1,1,0,0,1,1,0,0,0,0,0,0,0,0,0,0,0,1,0,0,1,1,0,0,0,0,0,340310.5625,140000.0
5328,1,7,0,1,5.0,1.0,3,1,1,1,1,0,1,0,0,0,0,0,1,0,0,0,0,0,1,0,0,1,0,1,0,0,0,0,0,0,0,0,0,0,1,0,0,1,1,0,0,0,0,0,150126.671875,150000.0
2928,0,3,2,1,0.0,3.0,3,1,1,0,1,0,0,0,0,1,0,0,0,0,0,0,0,0,1,0,0,1,0,0,0,0,0,0,0,0,0,0,0,1,0,0,0,0,0,0,0,0,0,0,953.9080810546875,1300.0
1074,1,6,6,1,0.0,0.0,5,3,0,1,1,2,0,0,0,1,1,0,1,0,0,0,0,0,1,0,0,1,1,0,0,0,1,0,0,0,0,0,0,1,1,0,0,0,1,0,0,0,0,0,484957.84375,480000.0
1061,1,6,1,3,0.0,0.0,3,1,0,1,0,1,0,1,0,0,0,0,1,0,0,0,0,0,1,1,0,0,0,0,0,0,1,0,0,0,0,0,0,0,0,0,1,0,0,0,0,0,0,0,136907.515625,160000.0
495,0,3,1,1,10.0,4.0,1,1,1,1,0,4,1,0,0,0,0,0,0,0,0,0,0,0,0,0,0,0,1,0,0,0,1,0,0,0,0,0,0,0,0,0,0,0,0,0,0,0,0,1,1221.3748779296875,1200.0
495,0,3,1,1,0.0,0.0,1,1,1,1,0,4,1,0,0,0,0,0,0,0,0,0,0,0,0,0,0,0,1,0,0,0,1,0,0,0,0,0,0,0,0,0,0,0,0,0,0,0,0,1,1090.6405029296875,1000.0
497,0,3,3,1,0.0,1.0,2,1,1,1,0,3,1,0,0,0,0,0,0,0,0,0,0,0,0,0,0,0,0,0,0,1,0,0,1,0,0,0,0,0,0,0,0,0,1,0,0,0,0,0,1412.2518310546875,1525.0
498,0,3,5,1,7.0,4.0,4,1,1,1,1,6,0,0,0,0,0,1,0,0,0,0,0,0,1,0,0,0,0,0,0,0,0,0,1,0,0,0,0,0,0,1,0,0,1,0,0,0,0,0,0.0,2475.0
499,1,2,3,1,15.0,4.0,4,1,1,1,0,3,1,0,0,0,0,0,0,0,0,0,0,0,1,0,0,0,0,0,0,0,0,0,0,0,0,0,0,0,0,0,0,0,1,0,0,0,0,0,241847.0625,500000.0
496,0,3,3,1,21.0,10.0,2,1,1,2,1,3,1,0,0,0,0,0,0,0,0,0,0,0,1,0,0,0,0,0,0,0,0,0,1,0,0,0,0,1,1,1,0,0,0,0,0,0,0,0,0.0,1700.0
491,0,3,2,1,11.0,6.0,3,1,1,1,1,5,0,0,0,0,0,1,1,0,0,1,0,0,1,0,0,0,0,0,0,0,0,0,1,0,0,0,0,1,1,0,0,0,0,0,0,0,0,0,1328.5955810546875,2000.0
506,0,3,1,1,0.0,3.0,2,1,1,1,0,3,1,0,0,0,0,0,0,0,0,0,0,0,0,1,0,0,0,0,0,0,0,0,1,0,0,0,0,0,0,0,0,0,1,0,0,0,0,0,964.5096435546875,1300.0
1351,0,3,1,1,0.0,0.0,2,1,1,1,1,1,0,0,0,0,0,0,0,1,0,0,0,0,0,0,0,0,1,0,0,0,0,0,0,0,0,0,0,0,1,0,0,0,1,0,0,0,0,0,823.3143310546875,850.0
1351,0,3,1,1,19.0,5.0,2,1,1,1,1,1,0,0,0,0,0,0,0,1,0,0,0,0,0,0,1,0,1,0,1,0,0,0,1,0,0,0,0,0,1,0,0,0,1,0,0,0,0,0,867.9041748046875,925.0
1354,0,3,0,1,25.0,4.0,2,1,1,1,0,1,0,0,0,0,0,0,0,1,0,0,0,0,1,0,0,0,1,0,0,0,0,0,1,0,0,0,0,0,1,0,0,0,1,0,0,0,0,0,891.6932373046875,725.0
1339,0,3,1,1,13.0,7.0,2,1,1,1,0,1,1,0,0,0,0,0,1,0,0,0,0,0,0,1,0,0,0,0,0,0,0,0,1,0,0,0,0,0,1,0,0,0,1,0,0,0,0,0,870.2869873046875,800.0
2538,0,3,1,1,11.0,4.0,3,1,1,1,1,0,0,0,0,1,0,0,0,0,0,0,0,0,1,0,0,0,0,0,0,0,0,0,0,0,0,0,0,0,1,0,0,0,1,0,0,0,0,0,836.2987060546875,875.0
1388,1,4,2,1,10.0,6.0,3,0,0,0,1,2,0,0,0,1,0,0,0,0,0,0,0,0,0,0,0,0,0,1,0,0,0,0,1,0,0,0,0,0,0,0,0,0,1,0,0,0,0,0,261408.40625,250000.0
380,1,2,1,1,3.0,0.0,1,1,1,1,0,1,0,0,0,0,0,0,0,0,0,0,0,0,0,0,0,0,0,0,0,0,0,1,0,0,0,0,0,0,0,0,1,0,0,0,0,0,0,0,287338.4375,290000.0
404,1,2,1,1,0.0,0.0,2,1,1,1,1,2,0,0,0,0,1,0,1,0,0,0,0,0,0,1,1,0,0,0,0,0,0,0,0,0,0,0,0,0,1,0,0,0,1,0,0,0,0,0,397042.34375,400000.0
439,1,4,4,1,13.0,1.0,3,1,1,1,1,2,0,0,0,0,0,0,0,1,0,0,0,0,0,0,0,0,0,0,0,0,0,1,0,0,0,0,0,0,1,0,0,0,1,0,0,0,0,0,636880.0,625000.0
428,1,4,3,1,9.0,1.0,3,1,0,0,1,3,0,0,0,0,0,0,1,0,0,0,0,0,0,0,0,1,0,0,1,1,1,0,0,0,0,0,0,0,1,0,0,0,1,0,0,0,0,0,616966.125,625000.0
459,1,2,1,1,10.0,3.0,1,1,0,1,0,2,0,0,0,0,0,0,0,1,0,0,0,0,1,0,0,1,0,0,0,0,1,0,0,0,0,0,0,0,1,0,0,0,1,0,0,0,0,0,303536.9375,300000.0
418,1,2,2,1,2.0,0.0,2,1,1,1,0,1,1,0,0,0,0,1,1,0,0,0,0,0,0,0,0,0,0,0,0,0,0,0,1,0,0,0,0,0,0,0,0,0,1,0,0,0,0,0,375412.0625,375000.0
460,1,2,0,1,6.0,6.0,1,1,1,1,1,0,0,0,0,0,0,0,0,1,0,0,0,0,0,0,0,0,0,0,0,0,0,1,0,0,0,0,0,0,0,0,0,0,1,0,0,0,0,0,252512.203125,240000.0
439,0,3,4,1,4.0,1.0,3,1,1,1,1,2,1,0,0,0,0,0,0,0,0,0,0,0,0,0,0,0,0,0,0,0,0,1,0,0,0,0,0,0,1,0,0,0,1,0,0,0,0,0,1275.1971435546875,2200.0
418,1,2,2,1,1.0,2.0,2,1,1,1,0,1,1,0,0,0,0,1,1,0,0,0,0,0,0,0,0,0,0,0,0,0,0,0,1,0,0,0,0,0,0,0,0,1,0,0,0,0,0,0,372314.15625,375000.0
1234,1,6,2,1,27.0,0.0,3,1,1,1,0,1,0,0,0,1,0,0,1,1,0,0,0,0,1,0,0,0,0,1,1,0,0,0,1,0,0,0,0,1,1,0,0,0,1,0,0,0,0,0,451138.53125,450000.0
1233,1,7,2,1,18.0,1.0,2,1,1,1,0,1,0,1,0,0,0,0,1,0,0,0,0,1,1,0,0,0,0,1,1,0,0,0,1,0,0,0,0,0,1,0,0,0,1,0,0,0,0,0,338467.625,335000.0
1239,1,6,2,1,4.0,0.0,2,1,1,1,0,0,0,0,0,0,0,0,0,1,0,0,0,0,0,0,0,0,0,0,0,0,0,0,1,0,0,0,0,1,1,0,0,0,1,0,0,0,0,0,383572.375,315000.0
5164,1,2,3,1,8.0,0.0,3,1,1,2,1,3,0,0,0,0,1,0,1,1,0,0,0,0,1,0,0,1,0,1,0,0,0,0,0,0,0,0,0,0,1,0,1,0,1,0,0,0,0,0,518190.65625,525000.0
5162,1,7,2,1,6.0,1.0,2,1,1,1,0,2,0,0,0,0,0,0,0,1,0,0,0,0,1,0,0,0,0,1,1,0,0,0,1,0,0,0,0,1,1,0,0,0,1,0,0,0,0,0,339421.0625,340000.0
1235,1,2,2,1,10.0,0.0,2,1,0,1,0,2,0,1,0,0,0,0,0,1,0,0,0,0,1,0,0,0,0,1,1,0,0,0,1,0,0,0,0,1,1,0,0,0,1,0,0,0,0,0,328688.84375,340000.0
2743,1,4,1,1,0.0,0.0,2,1,1,1,1,4,0,0,0,0,0,0,0,1,0,0,0,0,1,0,0,1,0,0,0,1,0,0,0,0,0,0,0,0,0,0,0,0,1,0,0,0,0,0,321234.3125,315000.0
3976,1,2,1,1,46.0,2.0,2,1,1,1,0,0,0,0,0,0,0,0,0,1,0,0,0,0,0,0,0,1,0,0,0,0,0,0,1,0,0,0,0,0,1,0,0,0,1,0,0,0,0,0,127503.1484375,290000.0
3944,1,6,3,1,21.0,7.0,4,1,1,2,1,2,0,0,0,0,0,0,0,0,1,0,0,0,1,0,0,1,0,0,0,0,0,0,0,0,0,0,0,0,1,0,1,0,0,0,0,0,0,0,779928.625,775000.0
3946,0,3,2,1,16.0,9.0,2,1,1,1,0,1,0,0,0,0,0,0,0,0,0,0,0,0,0,0,0,0,1,0,0,0,0,1,0,0,0,0,0,0,0,0,0,0,0,0,0,0,0,0,649.3572998046875,1350.0
1207,1,4,3,1,0.0,1.0,3,1,0,1,1,6,0,0,0,0,1,0,1,0,0,0,0,0,0,0,0,0,0,1,0,0,0,0,0,0,0,0,0,0,0,0,0,0,0,0,0,0,0,0,375853.4375,375000.0
610,1,4,1,1,31.0,6.0,3,1,0,2,1,4,0,0,0,1,0,0,1,0,0,0,0,0,0,0,1,0,1,0,1,0,0,0,0,0,0,0,0,0,1,0,0,0,1,0,0,0,0,0,235509.40625,230000.0
599,1,4,3,1,30.0,2.0,3,1,0,1,1,7,0,0,0,1,1,0,1,0,0,0,0,0,0,0,1,0,0,1,1,0,0,0,0,0,0,0,0,0,1,0,0,0,1,0,0,0,0,0,328659.34375,330000.0
2457,1,7,4,1,9.0,1.0,4,1,1,1,1,8,0,0,0,1,1,0,1,0,0,0,0,0,1,0,0,1,0,1,0,0,0,0,0,0,0,0,0,0,0,0,0,1,1,0,0,0,0,0,501586.1875,500000.0
609,1,7,3,1,5.0,0.0,3,1,0,2,1,6,0,0,0,1,1,0,1,0,0,0,0,0,1,0,1,1,0,0,0,0,0,0,0,0,0,0,0,0,1,0,0,0,1,0,0,0,0,0,320103.46875,315000.0
2390,1,2,3,1,8.0,1.0,4,1,1,2,1,8,0,0,0,1,1,0,1,0,0,0,0,0,1,0,1,0,0,1,0,0,0,0,0,0,0,0,0,0,1,0,0,0,1,0,0,0,0,0,401554.46875,400000.0
2394,1,4,6,1,11.0,1.0,5,1,0,1,1,10,0,0,0,1,1,0,1,0,0,0,0,0,1,0,1,0,0,1,0,0,0,0,0,0,0,0,0,0,1,0,0,0,0,0,1,0,0,0,541979.875,550000.0
2409,1,4,2,1,10.0,1.0,3,1,1,1,2,4,0,0,0,1,1,0,1,0,0,0,0,0,1,0,0,0,0,1,1,0,0,0,0,0,0,0,0,0,1,0,0,0,1,0,0,0,0,0,396827.25,255000.0
597,1,2,1,3,17.0,3.0,3,1,0,1,1,4,0,0,0,1,0,0,1,0,0,1,0,0,0,0,1,0,1,1,0,0,0,0,0,0,0,0,0,0,1,0,0,0,1,0,0,0,0,0,211629.75,220000.0
2381,1,2,2,1,4.0,1.0,4,1,0,2,1,9,0,0,0,1,1,0,1,0,0,0,0,0,1,0,1,1,0,0,0,0,0,0,0,0,0,0,0,0,1,0,0,0,0,0,1,0,0,0,370032.8125,375000.0
2387,1,4,1,1,2.0,3.0,3,1,0,1,1,1,0,0,0,1,0,0,1,0,0,1,0,0,1,0,1,0,1,0,0,0,0,0,0,0,0,0,0,0,1,0,0,0,1,0,0,0,0,0,261325.09375,270000.0
2459,1,10,1,1,12.0,4.0,2,1,0,2,1,3,0,0,0,1,0,0,1,0,0,1,0,0,1,0,1,0,0,0,1,0,0,0,0,0,0,0,0,0,1,0,0,0,1,0,0,0,0,0,116078.3828125,115000.0
2395,1,2,4,4,2.0,0.0,2,1,0,1,1,2,0,0,0,1,1,0,1,0,0,0,0,0,1,0,0,1,0,0,1,0,1,0,0,0,0,0,0,0,1,0,0,0,1,0,0,0,0,0,374375.78125,370000.0
2449,1,2,1,1,6.0,2.0,3,1,0,0,1,1,0,0,0,1,1,0,1,0,0,0,0,0,1,0,0,1,1,0,0,0,0,0,0,0,0,0,0,0,1,0,0,0,1,0,0,0,0,0,303463.34375,310000.0
2386,1,2,2,1,0.0,1.0,2,1,0,1,0,1,1,0,0,0,0,0,0,0,0,0,0,0,0,1,0,0,1,0,0,0,0,0,0,0,0,0,0,0,0,0,1,0,0,0,0,0,0,0,199200.40625,197500.0
608,1,2,1,3,0.0,3.0,3,1,0,1,1,2,0,0,0,0,1,0,0,0,0,0,1,0,1,0,0,1,0,1,0,0,0,0,0,0,0,0,0,0,1,0,0,0,1,0,0,0,0,0,277955.59375,200000.0
984,1,7,4,1,0.0,0.0,3,1,1,2,2,2,0,0,0,0,0,0,0,0,1,0,0,0,0,0,0,1,1,0,0,0,0,0,0,0,0,0,0,0,0,0,0,0,1,0,0,0,0,0,883559.625,900000.0
813,0,3,0,1,9.0,1.0,3,1,0,1,1,1,0,0,0,0,0,0,1,0,0,0,0,0,0,0,0,0,0,0,1,0,0,0,1,0,0,0,0,0,1,0,0,1,1,0,0,0,0,0,493.6698303222656,650.0
5122,0,3,2,1,12.0,1.0,3,1,1,1,0,0,1,0,0,0,0,0,0,0,0,0,0,0,1,0,1,0,1,0,0,0,0,0,0,0,0,0,0,0,1,0,0,1,1,0,0,0,0,0,881.9276123046875,850.0
806,0,3,0,1,28.0,8.0,0,0,0,0,1,1,0,0,0,0,0,0,0,1,0,0,0,0,1,0,0,1,1,0,0,0,0,0,1,0,0,0,0,1,1,0,0,0,1,0,0,0,0,0,711.4822998046875,680.0
806,0,3,0,1,0.0,1.0,0,0,0,0,1,1,0,0,0,0,0,0,0,1,0,0,0,0,1,0,0,1,1,0,0,0,0,0,1,0,0,0,0,1,1,0,0,0,1,0,0,0,0,0,741.5760498046875,600.0
5121,0,3,0,1,2.0,2.0,1,1,1,1,1,0,0,1,0,0,0,1,0,0,0,0,0,0,0,0,0,0,0,0,0,0,0,0,1,0,0,0,0,0,0,0,1,0,0,0,0,0,0,0,528.9656982421875,420.0
5124,0,3,0,1,0.0,1.0,1,1,1,1,0,0,0,1,0,1,0,0,1,0,0,0,0,0,0,0,1,0,0,0,0,0,0,0,0,0,0,0,0,0,0,0,0,0,1,0,0,0,0,0,854.4866943359375,390.0
693,1,2,5,1,17.0,1.0,4,1,2,1,1,2,0,0,0,1,1,0,1,0,0,0,0,0,1,0,0,0,0,1,1,0,1,0,0,0,0,0,0,1,1,0,0,0,1,0,0,0,0,0,717984.5625,700000.0
715,1,2,2,1,22.0,2.0,2,1,1,2,2,2,0,0,0,0,0,0,0,1,0,0,0,0,0,0,1,0,0,1,1,0,1,0,0,0,0,0,0,1,1,0,0,0,1,0,0,0,0,0,284261.3125,400000.0
725,1,2,4,1,13.0,4.0,3,1,1,1,1,4,0,0,0,1,1,0,1,0,0,0,0,0,1,0,0,0,0,1,1,0,0,0,1,0,0,0,0,1,1,0,0,0,1,0,0,0,0,0,562975.125,550000.0
1506,1,2,4,1,19.0,1.0,3,1,0,1,1,2,0,0,0,1,0,0,1,0,0,1,0,0,1,0,0,1,0,0,1,0,0,0,1,0,0,0,0,0,1,0,0,1,1,0,0,0,0,0,548529.1875,550000.0
1510,1,2,2,3,1.0,0.0,2,1,1,1,0,3,1,0,0,0,0,0,0,0,0,1,0,1,1,1,0,0,0,0,1,0,0,0,1,0,0,0,0,0,1,0,0,1,1,0,0,0,0,0,258994.515625,255000.0
1505,1,2,3,3,15.0,1.0,4,1,1,1,1,7,0,0,0,0,1,0,0,1,0,0,0,0,1,0,0,1,0,0,1,0,0,0,1,0,0,0,0,1,0,0,0,1,1,0,0,0,0,0,424543.75,425000.0
1509,1,2,2,3,0.0,4.0,4,1,1,1,1,4,0,0,0,0,0,0,0,1,0,0,0,0,1,0,1,0,0,0,1,0,0,0,1,0,0,0,0,1,1,0,0,0,1,0,0,0,0,0,453315.03125,450000.0
3385,0,3,1,1,13.0,5.0,2,1,0,1,1,1,1,0,0,0,0,0,1,0,0,0,0,0,1,0,1,0,0,0,1,0,1,0,0,0,0,0,0,1,1,0,0,0,1,0,0,0,0,0,823.5408935546875,795.0
3386,0,3,0,1,15.0,4.0,1,1,0,1,0,2,1,1,0,0,0,0,1,0,0,0,0,0,0,0,0,0,0,0,0,0,0,0,1,0,0,0,0,0,0,0,1,0,0,0,0,0,0,0,691.9100341796875,700.0
3500,0,3,0,1,4.0,1.0,2,1,1,2,1,4,0,0,0,0,1,0,1,0,0,0,0,0,1,0,0,0,1,0,0,0,0,0,1,0,0,0,0,0,1,0,0,0,1,0,0,0,0,0,500.2167053222656,775.0
4041,1,2,1,1,7.0,4.0,1,1,1,1,0,0,1,0,0,0,0,0,1,0,0,0,0,0,0,1,0,0,0,0,0,0,0,1,0,1,0,0,0,0,1,0,0,1,0,0,0,0,0,1,207577.03125,210000.0
4041,1,2,1,1,5.0,2.0,1,1,1,1,1,0,1,0,0,0,0,0,1,0,0,1,0,0,0,1,0,0,0,1,0,0,0,1,0,1,0,0,0,0,1,0,1,0,0,0,0,0,0,1,218302.25,220000.0
4041,1,2,1,1,6.0,1.0,1,1,1,1,1,0,1,0,0,1,0,0,1,0,0,0,0,0,0,1,0,0,0,0,0,0,0,1,0,1,0,1,0,0,1,0,1,0,0,0,0,0,0,1,208656.484375,210000.0
2070,1,7,0,1,4.0,1.0,3,1,0,1,1,4,0,0,0,0,0,0,1,0,0,0,0,0,1,0,0,1,1,0,0,0,0,0,0,0,0,0,0,0,1,0,0,0,1,0,0,0,0,0,153576.484375,225000.0
1920,1,4,0,1,9.0,3.0,2,1,0,1,1,6,0,0,0,0,1,0,0,0,0,0,0,0,0,0,0,1,1,1,0,0,0,0,0,0,0,0,0,0,1,0,0,0,1,0,0,0,0,0,140912.09375,135000.0
2086,1,7,0,1,15.0,7.0,3,1,0,1,1,5,0,0,0,0,0,0,0,1,0,0,0,0,1,0,1,0,1,0,0,0,0,0,0,0,0,0,0,0,1,0,0,0,1,0,0,0,0,0,223081.6875,220000.0
2078,1,4,2,1,10.0,6.0,2,1,0,1,1,3,0,0,0,0,0,0,0,1,0,0,0,0,1,0,1,0,1,0,0,0,0,0,0,0,0,0,0,0,1,0,0,0,1,0,0,0,0,0,243249.453125,240000.0
1922,1,4,2,1,17.0,4.0,3,1,0,1,1,5,0,0,0,0,1,0,1,0,0,0,0,0,1,0,1,1,0,0,0,0,0,0,0,0,0,0,0,0,1,0,0,0,1,0,0,0,0,0,171063.828125,200000.0
1929,1,7,4,1,21.0,5.0,4,1,0,1,2,8,0,0,0,1,1,0,1,0,0,0,0,0,1,0,0,1,1,0,0,0,0,0,0,0,0,0,0,0,1,0,0,0,1,0,0,0,0,0,401939.0,400000.0
2059,0,3,0,1,6.0,3.0,2,1,1,1,1,2,1,0,0,0,0,0,1,0,0,0,0,0,0,0,0,0,0,0,0,0,0,0,0,0,0,0,0,0,1,0,0,0,1,0,0,0,0,0,600.3729248046875,600.0
2083,1,4,2,1,13.0,3.0,3,1,1,2,1,3,0,0,0,0,0,0,0,1,0,0,0,0,0,0,1,1,0,0,1,0,0,0,0,0,0,0,0,0,1,0,0,0,1,0,0,0,0,0,172240.5625,240000.0
1921,1,4,0,1,8.0,1.0,3,1,0,2,0,5,0,0,0,0,0,0,1,0,0,0,0,0,1,0,1,1,0,0,0,0,0,0,0,0,0,0,0,0,1,0,0,0,1,0,0,0,0,0,155335.359375,130000.0
1936,0,3,0,1,0.0,0.0,2,1,1,0,1,3,0,0,0,0,0,0,0,0,0,0,0,0,0,0,0,1,0,0,0,0,0,0,0,0,0,0,0,0,1,0,0,0,0,0,0,0,0,0,597.3748779296875,650.0
2079,1,4,0,1,6.0,2.0,3,1,0,1,1,4,0,0,0,0,0,0,0,1,0,0,0,0,0,0,0,1,1,0,0,0,0,0,0,0,0,0,0,0,1,0,0,0,1,0,0,0,0,0,253980.0,250000.0
2096,0,3,0,1,1.0,3.0,3,1,0,1,1,5,0,0,0,0,0,0,0,1,0,0,0,0,0,0,0,0,0,0,0,0,0,0,0,0,0,0,0,0,1,0,0,0,1,0,0,0,0,0,542.3201904296875,825.0
1918,1,4,6,1,14.0,1.0,4,1,0,2,1,8,1,0,0,0,0,0,1,0,0,0,0,0,1,0,0,1,1,0,0,0,0,0,1,0,0,0,0,0,1,0,0,0,1,0,0,0,0,0,484609.25,485000.0
2063,1,4,1,1,3.0,1.0,1,2,1,1,1,4,1,0,0,0,0,0,0,1,0,0,0,0,0,0,0,0,0,0,0,0,1,0,0,0,0,0,0,0,1,0,0,0,1,0,0,0,0,0,178822.8125,180000.0
2065,1,4,0,1,3.0,5.0,1,1,0,1,1,4,0,0,0,0,0,0,0,1,0,0,0,0,0,0,0,0,0,0,0,0,0,0,0,0,0,0,0,0,1,0,0,0,1,0,0,0,0,0,167309.828125,170000.0
2066,1,0,2,1,0.0,1.0,4,1,0,1,1,7,0,0,0,0,0,0,0,1,0,0,0,0,0,0,1,0,1,1,0,0,0,0,0,0,0,0,0,0,1,0,0,0,1,0,0,0,0,0,274854.71875,300000.0
1921,1,4,1,1,7.0,4.0,3,1,0,1,1,5,0,0,0,1,1,0,1,0,0,0,0,0,1,0,0,1,1,0,0,0,0,0,0,0,0,0,0,0,1,0,0,0,1,0,0,0,0,0,143984.65625,140000.0
2074,1,4,4,3,8.0,1.0,2,1,0,1,2,9,0,0,0,0,0,1,1,0,0,1,0,0,1,0,0,0,1,1,0,0,0,0,0,0,0,0,0,1,0,0,0,0,0,0,1,1,0,0,420451.125,675000.0
2076,1,4,0,3,15.0,2.0,2,1,0,1,0,5,0,0,0,0,0,0,0,1,0,0,0,0,0,0,0,0,0,0,0,0,0,0,0,0,0,0,0,0,0,0,0,0,1,0,0,0,0,0,174129.484375,175000.0
4420,1,6,3,3,19.0,6.0,4,1,0,2,1,8,0,0,0,1,1,0,1,0,0,0,0,0,1,0,0,0,1,1,0,0,0,0,0,0,0,0,0,0,1,0,1,0,0,1,0,0,0,0,320668.8125,420000.0
4472,0,3,0,1,12.0,6.0,1,1,0,1,1,2,1,0,0,0,0,0,1,0,0,0,0,0,0,0,1,0,0,1,1,0,0,0,0,0,0,0,0,0,0,1,1,0,0,1,0,0,0,0,654.7352294921875,800.0
4450,1,2,3,1,14.0,2.0,3,1,1,1,1,6,0,0,0,1,0,0,1,0,0,1,0,0,1,0,0,0,1,0,0,0,0,0,0,0,0,0,0,0,1,0,0,0,1,0,0,0,0,0,494255.5,500000.0
4338,0,3,1,1,18.0,6.0,2,1,0,1,1,5,0,0,0,1,1,0,1,0,0,0,0,0,1,0,0,0,0,1,0,0,0,0,0,0,0,0,0,0,1,0,0,0,1,0,0,0,0,0,1258.6170654296875,1295.0
4336,0,3,2,1,29.0,11.0,3,1,1,1,0,7,0,0,0,0,0,0,0,0,0,0,0,0,1,0,0,1,1,0,0,0,0,0,0,0,0,0,0,0,1,0,0,0,1,0,0,0,0,0,0.0,1345.0
4459,1,6,1,1,0.0,6.0,3,1,1,1,0,5,0,0,0,1,0,0,1,0,0,1,0,0,1,0,0,0,1,1,0,0,0,0,0,0,0,0,0,0,1,0,0,0,1,0,0,0,0,0,384000.25,385000.0
4469,0,3,2,1,13.0,7.0,3,1,1,2,1,5,0,0,0,1,0,0,1,0,0,0,0,0,1,0,0,0,0,1,1,0,0,0,0,0,0,0,0,0,0,0,0,0,1,0,0,0,0,0,713.6053466796875,1450.0
556,0,3,1,1,15.0,6.0,3,1,1,1,1,3,0,0,0,0,0,0,0,1,0,0,0,0,1,0,0,0,1,0,1,0,0,0,0,0,0,0,0,0,1,0,0,1,1,0,0,0,0,0,1493.3533935546875,1250.0
4334,0,3,1,1,18.0,2.0,2,1,0,1,1,0,0,0,0,1,1,0,0,0,0,0,0,0,1,0,1,0,0,0,0,0,0,0,0,0,0,0,0,0,0,0,0,0,0,0,0,0,0,0,884.9979248046875,1125.0
5131,1,4,2,3,2.0,1.0,1,1,1,1,0,1,0,0,0,0,1,0,1,0,0,0,0,0,0,0,0,0,0,0,0,0,0,0,0,0,0,0,0,0,1,0,0,1,1,0,0,0,0,0,214410.015625,220000.0
5146,0,3,2,1,5.0,4.0,2,1,1,1,0,1,0,0,0,0,0,0,1,0,0,0,0,1,0,1,0,0,0,0,0,0,0,0,1,0,0,0,0,0,0,0,1,0,0,0,0,0,0,0,760.8592529296875,1200.0
5140,1,4,4,1,22.0,2.0,4,1,0,3,1,6,0,0,0,1,1,0,1,0,0,0,0,0,1,0,0,0,0,1,1,0,0,0,0,0,0,0,0,0,1,0,0,1,1,0,0,0,0,0,697046.75,700000.0
2111,0,3,4,1,8.0,4.0,4,1,1,2,1,4,0,0,0,1,1,0,1,0,0,0,0,0,1,0,0,0,0,1,1,0,0,0,1,0,0,0,0,0,0,0,0,1,1,0,0,0,0,0,1042.5018310546875,2050.0
2189,1,4,6,1,0.0,1.0,5,1,1,4,2,10,0,0,0,1,0,1,1,0,0,0,0,0,1,0,1,0,0,1,0,0,0,0,0,0,0,0,0,0,1,0,0,1,1,0,0,0,0,0,892209.625,900000.0
1678,1,4,5,1,0.0,0.0,2,1,0,2,1,15,0,0,0,1,1,0,1,0,0,0,0,0,0,0,0,1,0,0,1,0,1,0,0,0,0,0,0,0,1,0,0,0,1,0,0,0,0,0,359681.25,350000.0
3599,0,3,0,1,0.0,0.0,2,1,1,1,1,2,0,0,0,0,0,0,1,0,0,0,0,0,0,0,0,0,0,0,0,0,0,0,1,0,0,0,0,0,1,0,0,1,1,0,0,0,0,0,642.6580810546875,600.0
3617,0,3,1,1,0.0,0.0,4,1,1,1,1,4,0,0,0,1,1,0,1,0,0,0,0,0,1,0,1,0,0,1,0,0,0,0,0,0,0,0,0,1,1,0,0,0,1,0,0,0,0,0,905.2752685546875,875.0
3628,0,3,2,1,0.0,3.0,3,1,1,1,1,4,0,0,0,1,0,0,1,0,0,0,0,0,1,0,1,0,0,0,1,0,0,0,0,0,0,0,0,1,1,0,0,0,1,0,0,0,0,0,606.1346435546875,675.0
3600,0,3,1,1,0.0,11.0,3,1,1,1,1,4,0,0,0,0,0,0,0,0,0,0,0,0,1,0,1,0,0,1,0,0,0,0,0,0,0,0,0,1,1,0,0,0,1,0,0,0,0,0,769.6815185546875,650.0
5153,0,3,2,1,0.0,4.0,1,1,0,1,1,2,1,0,0,0,0,0,0,0,0,0,0,0,0,0,0,0,0,0,0,0,0,0,0,0,0,0,0,0,1,0,0,0,1,0,0,0,0,0,686.1854248046875,1000.0
5141,1,4,2,1,0.0,2.0,2,1,1,1,0,3,0,0,0,0,0,0,0,1,0,0,0,0,1,0,0,1,0,0,0,0,0,0,0,0,0,0,0,0,1,0,0,0,1,0,0,0,0,0,293947.15625,318500.0
5135,1,4,2,1,0.0,1.0,2,1,2,1,0,3,0,0,0,1,0,0,0,0,0,0,0,0,1,0,0,0,0,0,0,0,0,0,0,0,0,0,0,0,0,0,0,0,1,0,0,0,0,0,332826.78125,325000.0
5134,1,2,4,4,0.0,5.0,3,1,0,2,1,4,0,0,0,1,1,0,0,0,0,0,0,0,1,0,0,0,0,0,0,0,0,0,0,0,0,0,0,1,1,0,0,0,0,0,0,0,0,0,459990.1875,450000.0
5151,1,4,4,1,0.0,1.0,3,1,1,2,1,3,0,0,0,1,0,0,0,0,0,0,0,0,1,0,0,0,0,0,0,0,0,0,0,0,0,0,0,0,1,0,0,0,1,0,0,0,0,0,600171.1875,600000.0
4043,1,4,3,1,0.0,1.0,3,1,1,1,1,2,0,0,0,1,1,0,0,0,0,0,0,0,1,0,1,1,0,0,0,0,0,0,0,0,0,0,0,0,0,0,0,0,1,0,0,0,0,0,419655.375,425000.0
4044,1,4,2,1,0.0,1.0,2,1,1,1,0,2,1,0,0,0,1,0,0,0,0,0,0,0,1,0,1,0,0,0,0,0,0,0,0,0,0,0,0,0,1,0,0,0,1,0,0,0,0,0,299928.375,300000.0
2369,1,2,4,3,0.0,0.0,3,1,0,1,0,2,0,0,0,1,1,0,0,0,0,0,0,0,1,0,0,1,0,0,1,0,0,0,0,0,0,0,0,0,1,0,0,0,1,0,0,0,0,0,368159.75,365000.0
2355,1,2,1,1,0.0,2.0,1,1,0,1,1,2,0,0,0,0,0,0,0,1,0,0,0,0,0,0,0,1,0,0,1,0,0,0,0,0,0,0,0,0,0,0,0,0,1,0,0,0,0,0,186299.703125,185000.0
2443,1,2,4,1,0.0,3.0,4,1,0,2,1,3,0,0,0,1,1,0,1,0,0,0,0,0,0,0,1,0,0,1,1,0,0,0,0,0,0,0,0,1,1,0,0,0,0,0,0,0,0,0,464691.875,465000.0
2367,1,2,2,1,0.0,1.0,3,1,1,1,1,2,0,0,0,1,0,0,1,0,0,0,0,0,1,0,0,1,0,0,0,0,0,0,0,0,0,0,0,1,1,0,0,0,0,0,0,0,0,0,231336.53125,215000.0
2441,1,2,4,1,0.0,0.0,4,1,0,1,1,0,0,0,0,1,1,0,1,0,0,0,0,0,0,0,0,1,1,0,1,0,0,0,0,0,0,0,0,1,1,0,0,0,0,0,0,0,0,0,422127.8125,425000.0
2373,1,2,1,1,0.0,1.0,2,1,1,0,0,1,0,0,0,1,0,0,1,0,0,0,0,0,1,1,0,1,0,0,0,0,0,0,0,0,1,0,0,1,0,0,0,0,1,0,0,0,0,0,214800.546875,220000.0
2375,1,6,4,1,0.0,0.0,3,1,1,2,1,2,0,0,0,1,1,0,0,0,0,0,0,0,0,0,0,1,0,0,1,0,0,0,0,0,0,0,0,1,0,0,0,0,1,0,0,0,0,0,448391.6875,380000.0
2368,1,0,1,1,0.0,1.0,3,1,1,0,1,0,0,0,0,1,0,0,0,0,0,0,0,0,1,0,0,1,1,0,0,0,0,0,0,0,0,0,0,1,0,0,0,0,1,0,0,0,0,0,128547.375,130000.0
2374,1,2,4,1,0.0,2.0,3,1,1,1,2,3,0,0,0,1,1,0,1,0,0,0,0,0,1,0,1,0,1,0,0,0,0,0,0,0,0,0,0,1,0,0,0,1,1,0,0,0,0,0,457462.8125,465000.0
2352,1,2,3,1,0.0,2.0,3,1,0,1,1,4,0,0,0,1,1,0,1,0,0,0,0,0,1,0,1,0,0,0,1,0,0,0,0,0,0,0,0,1,1,0,0,0,1,0,0,0,0,0,301302.5625,300000.0
2372,1,2,4,3,0.0,1.0,3,1,0,0,1,1,1,0,0,1,0,0,1,0,0,0,0,0,1,0,1,0,0,1,0,0,0,0,0,0,0,0,0,1,0,0,0,0,0,0,0,0,0,0,350400.34375,350000.0
2370,1,6,1,1,0.0,1.0,2,1,1,1,1,1,0,0,0,0,0,0,0,0,1,0,0,0,1,0,1,0,0,0,1,0,0,0,0,0,0,0,0,1,0,0,0,1,1,0,0,0,0,0,258080.46875,195000.0
2357,1,6,0,1,0.0,1.0,3,1,0,1,0,1,0,0,0,1,0,0,1,0,0,0,0,0,0,0,1,0,0,1,1,0,0,0,0,0,0,0,0,1,1,0,0,0,1,0,0,0,0,0,162315.796875,165000.0
2376,1,4,1,1,0.0,1.0,3,1,0,1,0,2,0,0,0,1,1,0,1,0,0,0,0,0,1,0,1,0,0,1,0,0,0,0,0,0,0,0,0,1,1,0,0,0,1,0,0,0,0,0,256854.5625,255000.0
2483,1,6,0,1,0.0,2.0,2,1,1,1,0,2,0,0,0,0,0,0,0,1,0,0,0,0,0,0,0,0,0,0,0,0,0,0,0,0,0,0,0,0,1,0,0,0,1,0,0,0,0,0,98161.7890625,100000.0
1188,0,3,5,1,0.0,0.0,4,1,1,0,0,8,0,0,0,1,1,0,0,0,0,0,0,0,0,0,0,0,1,1,0,0,0,0,1,0,0,0,0,1,1,0,0,0,0,0,1,0,0,0,3598.185546875,3100.0
1177,0,3,5,1,0.0,0.0,5,1,1,1,2,6,0,0,0,1,1,0,1,0,0,0,0,0,1,0,0,1,0,1,0,0,0,0,1,0,0,0,0,0,0,0,0,1,1,0,0,0,0,0,2027.4940185546875,2100.0
1173,0,3,2,1,0.0,0.0,2,1,1,1,1,4,0,0,1,1,0,0,1,0,0,0,0,0,1,0,1,0,0,1,0,0,1,0,0,0,0,0,0,1,1,0,0,1,0,0,0,0,0,0,488.8338928222656,950.0
1180,1,6,3,1,0.0,1.0,3,1,1,1,1,6,0,0,0,1,1,0,0,0,0,0,0,0,1,0,1,0,0,1,0,0,0,0,1,0,0,0,0,1,1,0,0,1,0,0,0,0,0,0,350572.5625,350000.0
1193,0,3,4,1,0.0,1.0,4,1,1,1,1,4,0,0,0,1,1,0,1,0,0,0,0,0,1,0,1,0,0,1,0,0,1,0,0,0,0,0,0,1,1,0,0,1,0,0,0,0,0,0,1519.9315185546875,1500.0
1179,0,3,1,1,0.0,0.0,2,1,1,1,1,0,1,0,0,0,0,0,1,0,0,0,0,0,1,0,0,0,0,0,0,0,0,0,1,0,0,0,0,1,0,0,0,1,0,0,0,0,0,0,1149.0018310546875,825.0
1198,0,3,1,1,0.0,1.0,2,1,1,1,1,2,0,0,0,0,0,0,1,0,0,0,0,0,1,0,1,0,0,0,0,0,0,0,1,0,0,0,0,0,1,0,0,1,1,0,0,0,0,0,1301.2440185546875,875.0
4145,1,4,2,1,0.0,2.0,1,1,1,1,0,1,1,0,0,0,0,0,1,0,0,0,0,0,0,0,0,0,0,0,0,0,0,0,0,0,0,0,0,0,1,0,1,0,0,0,0,0,0,0,224197.859375,230000.0
3343,1,4,2,3,0.0,1.0,4,1,0,1,1,8,0,0,0,1,1,0,1,0,0,0,0,0,1,0,1,0,0,0,1,0,0,0,0,0,0,0,0,1,1,0,0,0,1,0,0,0,0,0,256423.0625,260000.0
3088,1,4,3,1,0.0,1.0,4,1,0,2,1,6,0,0,0,1,1,0,1,0,0,0,0,0,1,0,1,0,1,0,0,0,0,0,0,0,0,0,0,1,1,0,0,0,1,0,0,0,0,0,322100.5,320000.0
4006,0,3,0,1,0.0,6.0,2,1,0,1,0,1,0,1,0,0,0,0,1,0,0,0,0,1,0,0,0,1,0,0,0,0,0,0,1,0,0,0,0,0,0,0,0,0,1,0,0,0,0,0,713.7596435546875,675.0
108,0,3,1,1,0.0,7.0,2,1,1,1,1,5,0,0,0,0,0,0,0,0,0,0,0,0,1,0,0,0,0,0,0,0,0,0,0,0,0,0,0,0,0,0,0,0,0,0,0,0,0,0,897.9393310546875,700.0
104,1,6,2,1,0.0,1.0,3,1,0,2,1,3,1,0,0,0,0,0,0,0,0,0,0,0,1,0,0,0,0,0,0,0,0,0,0,0,0,0,0,1,0,0,0,0,0,0,0,0,0,0,191077.078125,190000.0
2562,0,3,0,1,0.0,4.0,1,1,0,1,0,2,1,0,0,0,0,0,0,0,0,0,0,0,0,0,0,1,0,0,0,0,0,0,0,0,0,0,0,0,0,0,0,0,1,0,0,0,0,0,666.4022216796875,450.0
2560,1,6,1,1,0.0,1.0,2,1,1,1,1,5,0,0,0,0,0,0,1,0,0,0,0,0,0,0,0,1,1,0,0,0,0,0,0,0,0,0,0,0,1,0,0,0,1,0,0,0,0,0,182465.1875,180000.0
2559,0,3,0,1,0.0,2.0,3,1,1,1,0,2,0,0,0,0,0,0,0,1,0,0,0,0,0,0,1,1,0,0,1,0,0,0,0,0,0,0,0,0,0,0,0,1,0,0,0,0,0,0,169.08804321289062,725.0
2558,0,3,1,1,0.0,3.0,3,1,0,1,1,7,0,0,0,0,0,0,0,1,0,0,0,0,1,0,0,1,0,0,0,0,0,0,0,0,0,0,0,0,1,0,0,0,1,0,0,0,0,0,542.9862060546875,900.0
2480,0,3,3,1,0.0,0.0,2,1,1,1,1,2,0,0,0,1,1,0,1,0,0,0,0,0,0,0,0,0,0,0,0,0,0,0,1,0,0,0,0,0,0,0,1,0,0,0,0,0,0,0,597.0565185546875,750.0
3987,0,3,1,1,0.0,5.0,1,1,0,1,0,1,0,1,0,0,0,0,0,1,0,0,0,0,0,1,1,0,0,0,1,0,0,0,0,0,0,0,0,1,1,0,0,0,1,0,0,0,0,0,764.6068115234375,750.0
2622,1,2,1,1,0.0,2.0,1,1,0,1,0,1,1,0,0,1,0,0,1,0,0,0,0,0,1,0,1,0,1,0,0,0,0,0,0,0,0,0,0,0,1,0,0,1,1,0,0,0,0,0,196561.90625,200000.0
2620,1,7,2,1,0.0,6.0,2,1,0,1,0,2,1,0,0,1,0,0,1,0,0,0,0,0,1,0,1,0,1,0,0,0,0,0,0,0,0,0,0,1,1,0,0,0,1,0,0,0,0,0,228856.90625,230000.0
2631,1,4,2,1,0.0,7.0,3,1,0,1,1,4,0,0,0,1,0,0,1,0,0,0,0,0,1,0,1,0,0,1,0,0,0,0,0,0,0,0,0,1,1,0,0,0,1,0,0,0,0,0,265433.6875,270000.0
2669,1,4,1,3,0.0,5.0,3,1,0,1,0,3,0,0,0,1,1,0,1,0,0,0,0,0,0,0,1,0,1,1,0,0,0,0,1,0,0,0,0,1,0,0,0,1,1,0,0,0,0,0,218720.15625,220000.0
2608,1,7,1,1,0.0,5.0,2,1,0,1,1,1,1,0,0,0,0,0,0,0,0,0,0,0,1,0,0,0,0,1,0,0,0,0,1,0,0,0,0,0,1,0,0,0,1,0,0,0,0,0,269843.53125,270000.0
2624,1,4,2,1,0.0,4.0,2,1,0,1,0,2,1,0,0,0,0,0,1,0,0,0,0,0,0,0,1,1,0,0,1,0,0,0,0,0,0,0,0,1,1,0,0,0,1,0,0,0,0,0,227685.765625,230000.0
2610,1,2,1,1,0.0,0.0,3,1,0,2,0,2,0,0,0,1,0,0,1,0,0,0,0,0,1,0,0,1,0,0,1,0,0,0,1,0,0,0,0,1,0,0,0,1,1,0,0,0,0,0,250553.359375,250000.0
2634,1,2,3,1,0.0,3.0,3,1,0,1,1,2,0,0,0,1,1,0,1,0,0,0,0,0,0,0,1,0,1,1,0,0,0,0,1,0,0,0,0,1,1,0,0,1,0,0,0,0,0,0,371846.21875,375000.0
3990,0,3,3,1,0.0,2.0,1,0,0,0,0,0,0,0,0,0,1,0,0,0,0,0,0,0,1,0,0,0,0,1,0,0,1,0,0,0,0,0,0,0,0,0,0,0,1,0,0,0,0,0,1597.1502685546875,1295.0
2647,1,7,2,1,0.0,4.0,3,1,0,1,1,3,0,0,0,1,0,0,1,0,0,0,0,0,0,0,1,0,1,1,0,0,0,0,0,0,0,0,0,0,0,0,0,0,0,0,0,0,0,0,308830.75,310000.0
2600,1,7,4,1,0.0,2.0,4,1,0,0,1,2,0,0,0,1,0,0,1,0,0,0,0,0,0,0,1,0,0,1,1,0,0,0,0,0,0,0,0,0,1,1,0,0,1,0,0,0,0,0,452630.78125,440000.0
2617,1,7,3,1,0.0,8.0,4,1,0,1,1,5,0,0,0,1,1,0,1,0,0,0,0,0,0,0,1,0,0,1,1,0,0,0,0,0,0,1,0,1,1,0,0,0,1,0,0,0,0,0,479798.15625,475000.0
2657,0,3,2,1,0.0,1.0,3,1,0,1,1,1,0,0,0,1,1,0,1,0,0,0,0,0,0,0,1,0,0,1,1,0,0,0,1,0,0,0,0,1,1,0,0,0,1,0,0,0,0,0,847.0252685546875,1225.0
3030,1,7,2,3,0.0,3.0,3,1,0,1,1,2,0,0,0,1,1,0,1,0,0,0,0,0,0,0,1,0,0,1,1,0,0,0,0,0,0,0,0,1,1,0,0,0,1,0,0,0,0,0,246761.625,250000.0
4958,1,7,2,1,9.0,1.0,3,1,1,1,1,3,0,0,0,1,1,0,1,0,0,0,0,0,1,0,1,0,1,0,0,0,0,0,0,0,0,0,0,0,1,0,0,1,1,0,0,0,0,0,210257.3125,210000.0
4824,1,7,1,1,0.0,2.0,2,1,1,1,0,3,1,0,0,1,0,0,1,0,0,0,0,0,1,0,1,0,1,0,0,0,0,0,0,0,0,0,0,0,1,0,0,1,1,0,0,0,0,0,179064.203125,165000.0
4778,0,3,1,1,0.0,2.0,3,1,1,1,1,5,0,0,0,1,1,0,1,0,0,0,0,0,1,0,0,0,1,0,1,0,0,0,0,0,0,0,0,0,1,0,0,1,1,0,0,0,0,0,921.3201904296875,650.0
4763,1,7,1,1,0.0,0.0,3,1,1,1,1,4,0,0,0,1,0,0,1,0,0,0,0,0,1,0,0,0,0,1,0,0,0,0,0,0,0,0,0,0,1,0,0,0,1,0,0,0,0,0,174317.421875,180000.0
4959,1,2,6,1,0.0,2.0,4,1,1,3,1,9,0,0,0,1,0,1,1,0,0,0,0,0,0,0,1,0,1,1,0,0,0,0,0,0,0,0,0,0,0,0,0,1,1,0,0,0,0,0,493358.65625,500000.0
4925,1,7,1,1,0.0,1.0,2,1,1,1,1,2,1,0,1,0,0,0,1,0,0,0,0,0,0,1,0,0,1,0,0,0,0,1,0,1,0,0,0,0,1,0,1,0,0,0,0,0,0,0,194553.4375,190000.0
4760,0,3,1,1,0.0,2.0,2,1,1,1,1,4,0,0,0,0,0,0,0,1,0,0,0,0,1,0,1,0,0,0,0,0,0,0,0,0,0,0,0,0,1,0,0,0,1,0,0,0,0,0,145.24795532226562,690.0
4918,1,2,6,1,0.0,2.0,5,1,1,2,1,10,0,0,0,1,1,0,1,0,0,0,0,0,1,0,0,0,1,1,0,0,0,0,0,0,0,0,0,0,1,0,1,0,0,0,0,0,0,1,622078.0,620000.0
4916,1,7,2,1,0.0,5.0,3,1,1,2,1,6,0,0,0,1,1,0,1,0,0,0,0,0,1,0,1,0,1,0,0,0,0,0,0,0,0,0,0,0,1,0,0,1,1,0,0,0,0,0,323509.03125,325000.0
4749,1,7,1,1,0.0,1.0,2,1,1,1,1,3,1,0,0,1,0,0,1,0,0,0,0,0,1,0,0,0,1,1,0,0,0,0,0,0,0,0,0,0,1,0,0,1,1,0,0,0,0,0,165242.578125,165000.0
4763,0,3,1,1,0.0,0.0,3,1,1,1,1,4,0,0,0,1,0,0,1,0,0,0,0,0,1,0,0,0,0,1,0,0,0,0,0,0,0,0,0,0,1,0,0,0,1,0,0,0,0,0,693.5545654296875,725.0
4763,0,3,1,1,0.0,1.0,3,1,1,1,1,4,0,0,0,1,0,0,1,0,0,0,0,0,1,0,0,0,0,1,0,0,0,0,0,0,0,0,0,0,1,0,0,0,1,0,0,0,0,0,703.7147216796875,725.0
4942,1,7,1,1,0.0,1.0,3,1,1,1,1,2,0,0,0,1,0,0,1,0,0,0,0,0,1,0,1,0,1,0,0,0,0,0,0,0,0,0,0,0,1,0,0,1,1,0,0,0,0,0,186614.515625,225000.0
4780,1,7,2,1,0.0,1.0,3,1,0,1,1,6,0,0,0,1,1,0,1,0,0,0,0,0,1,0,1,0,0,1,0,0,0,0,0,0,0,0,0,0,1,0,0,0,1,0,0,0,0,0,222703.71875,225000.0
4788,0,3,1,1,0.0,5.0,3,1,1,0,0,5,0,0,0,1,0,0,1,0,0,0,0,0,1,0,0,0,0,1,0,0,0,0,0,0,0,0,0,0,1,0,0,0,1,0,0,0,0,0,797.0057373046875,600.0
4964,1,7,3,1,0.0,2.0,3,1,1,1,1,7,0,0,0,1,0,0,1,0,0,1,0,0,1,0,1,0,0,0,0,0,0,0,0,0,0,0,0,0,1,0,0,0,1,0,0,0,0,0,268543.8125,275000.0
4807,1,7,3,1,0.0,1.0,3,1,1,1,1,8,0,0,0,1,1,0,1,0,0,0,0,0,0,0,1,0,0,1,0,0,0,0,0,0,0,0,0,0,1,0,0,0,1,0,0,0,0,0,270290.28125,270000.0
4766,1,7,0,1,0.0,1.0,3,1,1,1,1,5,0,0,0,1,0,0,1,0,0,0,0,0,1,0,1,0,1,0,0,0,0,0,0,0,0,0,0,0,1,0,0,0,1,0,0,0,0,0,228359.671875,230000.0
4814,1,7,1,1,0.0,1.0,2,1,1,1,0,4,1,0,0,0,0,0,1,0,0,1,0,0,0,1,0,0,0,0,0,0,0,0,0,0,0,0,0,0,1,0,1,0,0,0,0,0,0,0,135484.765625,135000.0
4752,0,3,1,1,0.0,5.0,2,1,1,1,1,3,1,0,0,0,0,0,1,0,0,0,0,0,1,0,0,0,1,0,0,0,0,0,0,0,0,0,0,0,1,0,0,0,1,0,0,0,0,0,636.2147216796875,600.0
4791,1,7,2,1,0.0,1.0,3,1,1,1,1,4,0,0,0,1,0,0,1,0,0,0,0,0,1,0,1,0,0,1,0,0,0,0,0,0,0,0,0,0,1,0,0,0,1,0,0,0,0,0,183311.796875,190000.0
4788,0,3,1,1,0.0,3.0,3,1,1,0,0,5,0,0,0,1,0,0,1,0,0,0,0,0,1,0,0,0,0,1,0,0,0,0,0,0,0,0,0,0,1,0,0,0,1,0,0,0,0,0,687.8944091796875,600.0
4996,1,7,4,1,0.0,2.0,4,1,1,2,1,3,0,0,0,1,1,0,1,0,0,0,0,0,0,0,1,0,1,0,0,0,0,0,0,0,0,0,0,0,1,0,0,0,1,0,0,0,0,0,333638.9375,340000.0
4946,1,7,2,1,0.0,3.0,3,1,1,1,1,3,0,0,0,1,0,0,1,0,0,0,0,0,1,0,1,0,0,0,0,0,0,0,0,0,0,0,0,0,0,0,0,0,1,0,0,0,0,0,245534.484375,250000.0
4778,1,7,1,1,0.0,1.0,3,1,1,1,1,6,0,0,0,1,1,0,1,0,0,0,0,0,1,0,0,0,0,1,0,0,0,0,0,0,0,0,0,0,1,0,0,0,1,0,0,0,0,0,189753.203125,190000.0
4775,1,7,1,1,0.0,1.0,3,1,1,1,1,4,0,0,0,1,1,0,1,0,0,0,0,0,1,0,1,0,1,0,0,0,0,0,0,0,0,0,0,0,1,0,0,0,1,0,0,0,0,0,197014.390625,200000.0
912,1,7,6,1,0.0,0.0,4,1,1,1,1,10,0,0,0,1,0,0,1,0,0,0,0,0,1,0,0,1,1,0,0,0,0,0,0,0,0,0,0,0,0,1,0,0,1,0,0,0,0,0,552367.3125,895000.0
824,1,7,0,1,0.0,0.0,3,1,1,1,0,4,0,0,0,0,0,0,1,0,0,0,0,0,0,0,0,1,0,0,1,0,0,0,0,0,0,0,0,0,0,1,1,0,0,0,0,0,0,0,154185.265625,150000.0
897,1,7,0,1,0.0,1.0,2,1,0,1,1,4,0,0,0,0,0,0,1,0,0,0,0,0,1,0,0,0,1,0,0,0,0,0,0,0,0,0,0,0,0,0,1,0,0,0,0,0,0,0,105820.0546875,105000.0
81,0,3,1,1,0.0,5.0,2,1,1,1,1,4,0,0,0,1,0,0,1,0,0,0,1,0,1,0,1,0,0,1,0,0,0,0,1,0,0,0,0,1,0,0,0,1,1,0,0,0,0,0,889.8221435546875,775.0
4199,0,3,2,1,0.0,5.0,3,1,0,2,1,7,0,1,0,0,1,0,0,0,0,0,0,1,1,0,0,1,0,1,0,0,0,0,0,0,0,0,0,1,0,0,0,1,1,0,0,0,0,0,431.4940490722656,925.0
66,1,0,5,1,1.0,9.0,4,1,1,1,1,11,0,0,0,1,1,0,0,0,0,1,0,0,1,0,0,1,0,1,0,0,0,0,0,0,0,0,0,1,0,0,0,1,1,0,0,0,0,0,499958.0,500000.0
75,1,7,2,1,0.0,2.0,3,1,1,1,1,8,0,0,0,1,1,0,0,0,0,1,0,0,1,0,1,0,0,1,0,0,0,0,0,0,0,0,0,1,0,0,0,1,1,0,0,0,0,0,260976.421875,260000.0
86,1,2,2,1,0.0,3.0,3,1,1,1,1,6,0,0,0,1,0,0,1,0,0,1,0,0,1,0,1,0,0,1,0,0,0,0,0,0,0,0,0,1,0,0,0,1,1,0,0,0,0,0,219035.03125,220000.0
74,1,6,0,1,0.0,2.0,2,1,1,1,0,7,0,0,0,1,0,0,1,0,0,1,0,0,1,0,1,0,0,1,0,0,0,0,0,0,0,0,0,1,0,0,0,1,1,0,0,0,0,0,179246.515625,180000.0
70,1,2,4,1,0.0,0.0,3,1,0,1,1,7,1,0,0,0,0,0,1,0,0,1,0,0,0,1,1,0,0,1,0,0,0,0,0,0,0,0,0,0,0,0,1,0,0,0,0,0,0,0,170115.125,170000.0
67,1,2,3,1,0.0,3.0,3,1,0,1,1,12,0,0,0,1,1,0,0,0,0,1,0,0,1,0,1,0,0,1,0,0,0,0,0,0,0,0,0,1,0,0,0,1,1,0,0,0,0,0,326856.46875,325000.0
4202,1,6,0,1,0.0,3.0,2,0,1,0,1,5,1,0,0,1,0,0,1,0,0,0,0,0,1,0,1,0,1,0,0,0,0,0,0,0,1,0,0,1,0,0,0,1,1,0,0,0,0,0,136057.921875,140000.0
4207,0,3,0,1,0.0,1.0,0,2,1,1,0,1,1,0,0,0,0,0,1,0,0,0,0,1,0,0,0,0,0,0,0,0,0,0,0,0,0,0,0,0,0,0,1,0,0,0,0,0,0,0,167.06436157226562,495.0
56,0,3,4,1,0.0,8.0,3,1,1,1,1,9,0,0,0,1,1,0,1,0,0,0,0,0,1,0,0,0,1,1,0,0,0,0,0,0,0,0,0,1,0,0,0,1,1,0,0,0,0,0,1194.7596435546875,950.0
101,1,7,1,1,0.0,2.0,2,1,0,1,1,2,0,0,0,1,0,0,1,0,0,1,0,0,0,0,1,1,0,1,0,0,0,0,0,0,0,0,0,0,1,0,1,0,0,0,0,0,0,0,172034.03125,245000.0
99,0,3,2,1,0.0,3.0,3,1,0,1,1,7,1,0,0,0,0,0,1,0,0,1,0,0,0,0,0,0,0,0,0,0,0,0,0,0,0,0,0,0,0,0,0,1,1,0,0,0,0,1,1286.2010498046875,1100.0
77,1,6,2,1,0.0,4.0,3,1,1,1,1,7,0,0,0,1,1,0,1,0,0,0,0,0,1,0,1,0,0,1,0,0,0,0,0,0,0,0,0,1,0,0,0,1,1,0,0,0,0,0,203150.875,205000.0
78,1,7,3,1,0.0,0.0,4,2,1,1,1,13,0,0,0,1,1,0,1,0,0,0,0,0,1,0,1,0,0,1,0,0,0,0,0,0,0,0,0,1,0,0,0,1,1,0,0,0,0,0,448466.875,450000.0
152,1,7,4,1,0.0,1.0,4,1,0,1,1,12,0,0,0,1,0,0,0,0,0,0,0,0,0,0,0,1,0,1,1,0,1,0,0,0,0,0,0,0,1,0,0,0,1,0,0,0,0,0,362184.21875,350000.0
179,0,3,4,1,0.0,3.0,5,1,2,2,1,10,0,0,0,1,1,0,0,0,0,0,0,0,0,0,1,1,0,0,1,0,0,0,1,0,0,0,0,0,0,0,0,0,1,0,0,0,0,0,1074.2635498046875,1100.0
187,0,3,0,1,0.0,1.0,2,1,1,0,0,4,1,0,0,0,0,0,1,0,0,0,0,0,0,0,0,0,0,0,0,0,0,0,1,0,0,0,0,0,1,0,0,0,1,0,0,0,0,0,525.5799560546875,550.0
144,1,6,3,1,0.0,0.0,3,2,2,1,1,3,1,0,0,0,0,0,1,0,0,0,0,1,0,1,0,0,0,0,0,0,0,1,0,0,0,0,0,0,0,0,1,0,0,0,0,0,0,1,299137.6875,300000.0
192,0,3,1,1,0.0,1.0,2,1,0,1,1,4,0,0,0,0,0,0,1,0,0,0,0,0,0,1,0,0,0,0,0,0,0,0,1,0,0,0,0,0,0,0,1,0,0,0,0,0,0,0,951.5955810546875,800.0
191,0,3,3,1,0.0,7.0,3,1,0,1,1,5,0,0,0,1,0,1,1,0,0,0,0,0,0,0,1,0,0,0,1,1,1,0,0,0,0,0,0,0,1,0,0,0,1,0,0,0,0,0,446.8768615722656,950.0
194,0,3,3,1,0.0,1.0,4,1,1,2,1,7,0,0,0,0,0,0,0,1,0,0,0,0,0,0,0,0,0,0,1,0,1,0,1,0,0,0,0,0,1,0,0,0,0,1,0,0,0,0,602.8924560546875,800.0
142,0,3,0,1,0.0,1.0,2,1,0,1,0,4,0,1,0,0,0,1,0,0,0,0,0,0,0,0,0,0,0,0,0,0,0,0,1,0,0,0,0,0,1,0,1,0,0,0,0,0,0,0,661.9647216796875,595.0
142,0,3,0,1,0.0,1.0,2,1,0,0,0,5,0,1,0,0,0,1,0,0,0,0,0,0,0,0,0,0,0,0,0,0,0,0,1,0,0,0,0,0,1,0,1,0,0,0,0,0,0,0,620.9862060546875,575.0
146,1,6,2,1,0.0,1.0,3,1,1,0,1,10,0,0,0,1,1,0,0,0,0,0,0,0,0,0,0,1,1,0,1,0,1,0,0,0,0,0,0,0,0,0,0,0,1,0,0,0,0,0,237497.265625,230000.0
158,1,6,2,1,7.0,4.0,3,1,2,2,1,7,0,0,0,1,0,0,1,0,0,0,0,0,0,0,1,0,0,1,1,0,1,0,0,0,0,0,0,0,1,0,0,0,1,0,0,0,0,0,237376.0,240000.0
4385,1,7,1,4,0.0,4.0,3,1,1,1,0,4,1,0,0,0,0,0,1,1,0,0,0,0,0,0,0,1,0,1,1,0,0,0,0,0,0,0,0,0,1,0,0,0,0,0,0,0,0,0,220548.25,225000.0
4419,1,7,2,3,0.0,1.0,2,1,1,1,1,7,1,0,0,1,0,0,1,0,0,0,0,0,1,0,0,0,0,1,1,0,0,0,0,0,0,0,0,0,1,0,0,1,1,0,0,0,0,0,327567.3125,325000.0
2904,1,4,3,1,0.0,1.0,3,1,2,1,1,4,0,0,0,0,0,0,1,1,0,1,0,0,1,0,0,0,0,1,1,0,0,0,1,0,0,0,0,0,1,0,0,1,1,0,0,0,0,0,376112.5,375000.0
2843,1,4,2,1,0.0,4.0,2,1,0,1,1,4,1,0,0,0,0,0,1,0,0,0,0,1,1,0,0,0,0,1,1,0,0,0,1,0,0,0,0,0,1,0,0,1,1,0,0,0,0,0,262329.0,255000.0
2878,1,4,1,1,16.0,2.0,2,1,0,1,1,2,1,0,0,0,0,0,1,0,0,0,0,1,0,1,0,0,0,0,0,0,0,0,1,0,0,0,0,0,1,0,0,1,1,0,0,0,0,0,180597.859375,175000.0
2873,1,4,2,1,0.0,0.0,3,1,0,1,1,6,1,0,0,1,1,0,0,0,0,0,0,0,1,0,0,0,0,1,1,0,0,0,1,0,0,0,0,0,1,0,0,1,1,0,0,0,0,0,285785.59375,280000.0
2701,1,4,4,1,15.0,2.0,4,1,1,0,1,7,0,0,0,1,1,0,1,0,0,0,0,0,1,0,0,0,0,1,1,0,0,0,1,0,0,0,0,0,1,0,0,1,1,0,0,0,0,0,500636.96875,495000.0
2915,1,6,3,1,0.0,5.0,3,1,0,1,1,6,0,0,0,1,1,0,1,0,0,0,0,0,1,0,0,0,0,1,1,0,0,0,1,0,0,0,0,0,1,0,0,1,1,0,0,0,0,0,327834.84375,318000.0
2835,1,4,3,1,0.0,2.0,3,1,1,1,0,7,0,0,0,1,1,0,1,0,0,0,0,0,0,0,0,1,0,1,1,0,0,0,1,0,0,0,0,0,1,0,0,1,1,0,0,0,0,0,317993.25,315000.0
2745,1,4,2,1,10.0,2.0,2,1,1,1,1,2,1,0,1,0,0,0,0,0,0,1,0,0,0,0,0,0,0,0,0,0,0,1,0,1,0,1,0,0,1,0,1,0,0,0,0,0,0,0,177631.296875,180000.0
3023,1,2,3,1,19.0,3.0,3,1,1,1,1,6,1,0,0,0,0,0,1,0,0,0,0,1,1,0,0,1,0,0,1,0,0,0,1,0,0,0,0,0,1,0,0,1,1,0,0,0,0,0,319838.21875,320000.0
2873,1,2,2,1,7.0,5.0,2,1,1,1,0,7,1,0,0,1,0,0,1,0,0,0,0,0,0,0,0,1,0,1,1,0,0,0,1,0,0,0,0,1,1,0,0,0,1,0,0,0,0,0,269837.8125,270000.0
5350,0,3,0,1,0.0,3.0,2,1,0,1,0,2,0,0,0,0,0,0,0,1,0,0,0,0,0,0,0,0,0,0,0,0,1,0,0,0,0,0,0,0,1,0,0,0,1,0,0,0,0,0,555.3553466796875,700.0
5355,0,3,1,1,0.0,3.0,2,1,0,1,1,2,1,0,0,0,0,0,1,0,0,1,0,0,0,1,0,0,0,0,0,0,0,0,1,0,0,0,0,0,0,1,1,0,0,0,0,0,0,0,944.2030029296875,745.0
2881,1,6,2,1,0.0,0.0,2,1,0,2,1,3,1,0,0,1,0,0,1,0,0,0,0,0,1,0,0,0,1,0,1,0,0,0,0,0,0,0,0,1,1,0,0,1,0,0,0,0,0,0,247849.828125,250000.0
2852,1,4,3,1,0.0,1.0,4,1,1,2,1,5,1,0,0,1,1,0,0,0,0,0,0,0,1,0,0,0,0,1,1,0,0,0,0,0,0,0,0,0,1,0,0,1,1,0,0,0,0,0,364641.3125,360000.0
2863,1,4,4,1,0.0,2.0,3,1,0,1,1,5,0,0,0,1,0,0,1,0,0,1,0,0,1,0,0,0,0,1,1,0,1,0,0,1,0,1,0,0,1,0,0,1,1,0,0,0,0,0,403436.0,400000.0
768,0,3,0,1,0.0,15.0,2,1,1,1,1,4,0,0,0,1,0,0,1,0,0,0,0,0,1,0,0,1,0,1,0,0,0,0,0,0,0,0,0,1,1,0,0,0,0,0,0,0,0,0,748.8768310546875,600.0
2849,0,3,3,1,0.0,3.0,4,1,0,2,1,7,1,0,0,1,1,0,0,0,0,0,0,0,1,0,0,0,1,0,1,0,0,0,1,0,0,0,0,0,1,0,0,1,1,0,0,0,0,0,1015.9744873046875,1250.0
2724,1,4,2,1,0.0,1.0,2,1,1,1,1,5,0,0,0,0,0,0,0,1,0,0,0,0,1,0,0,0,0,1,1,0,0,0,1,0,0,0,0,1,1,0,0,0,1,0,0,0,0,0,260736.5,260000.0
766,1,7,0,1,0.0,1.0,2,1,0,1,1,4,1,0,0,1,0,0,1,0,0,0,0,0,0,0,0,1,0,1,1,0,0,0,1,0,0,0,0,0,1,0,0,1,1,0,0,0,0,0,76197.359375,155000.0
2876,0,3,1,1,0.0,3.0,2,1,1,1,0,3,0,0,0,1,1,0,1,0,0,0,0,0,0,1,0,0,0,0,0,0,0,0,1,0,0,0,0,0,1,0,0,1,1,0,0,0,0,0,854.5643310546875,850.0
2895,1,4,2,1,0.0,2.0,3,1,1,1,1,5,1,0,0,0,1,0,1,0,0,0,0,0,0,0,0,1,0,1,1,0,0,0,1,0,0,0,0,0,1,0,0,1,1,0,0,0,0,0,273045.0625,275000.0
2810,1,2,2,1,0.0,3.0,3,1,0,1,1,5,0,0,0,1,1,0,1,0,0,0,0,0,0,0,0,1,0,1,1,0,0,0,1,0,0,0,0,0,1,0,0,1,1,0,0,0,0,0,267480.21875,260000.0
1373,0,3,1,1,0.0,1.0,2,1,1,0,1,2,0,0,0,0,1,0,0,0,0,0,0,0,0,1,0,0,0,0,0,0,1,0,0,0,0,0,0,0,0,0,0,0,1,0,0,0,0,0,440.8456115722656,695.0
4540,0,3,0,3,0.0,1.0,4,1,0,1,1,2,0,0,0,0,0,0,0,0,0,0,0,0,0,0,0,0,1,0,0,0,0,0,1,0,0,0,0,0,0,0,0,0,1,0,0,0,0,0,472.7489318847656,475.0
4603,0,3,0,1,0.0,1.0,3,1,1,2,1,2,0,0,0,1,0,0,1,0,0,0,0,0,1,0,0,0,0,0,1,0,1,0,1,0,0,0,0,0,1,0,0,0,1,0,0,0,0,0,580.5447998046875,550.0
4701,0,3,0,1,0.0,2.0,1,1,0,1,1,1,0,0,0,0,0,0,1,0,0,0,0,1,0,0,0,0,0,0,0,0,0,0,1,0,0,0,0,0,1,0,1,0,0,0,0,0,0,0,526.2489013671875,425.0
4704,0,3,1,1,0.0,0.0,3,1,1,1,1,4,0,0,0,0,0,0,1,0,0,1,1,0,1,0,1,0,1,0,0,0,1,0,1,0,0,0,0,0,1,0,0,0,1,0,0,0,0,0,548.7205810546875,590.0
4671,0,3,0,1,0.0,2.0,2,1,0,1,1,1,0,0,0,0,0,0,0,1,0,0,0,0,1,0,1,0,1,0,0,0,0,0,1,0,0,0,0,0,1,0,0,0,1,0,0,0,0,0,511.5428771972656,440.0
4485,0,3,0,1,0.0,1.0,3,1,1,1,1,1,0,0,0,0,0,0,0,1,0,0,0,0,1,0,1,0,1,0,0,0,0,0,1,0,0,0,0,0,1,0,0,0,1,0,0,0,0,0,730.3143310546875,575.0
4601,1,4,2,1,0.0,1.0,3,1,1,2,1,5,0,0,0,1,0,0,1,0,0,0,0,0,1,0,0,0,1,0,1,0,1,0,1,0,0,0,0,0,1,0,0,0,1,0,0,0,0,0,195628.890625,190000.0
4621,0,3,0,1,0.0,1.0,0,0,1,0,0,1,0,0,0,0,0,0,0,0,0,0,0,0,0,0,0,0,0,0,0,0,0,0,1,0,0,0,0,0,0,0,1,0,0,0,0,0,0,0,514.7283935546875,275.0
4650,0,3,0,1,0.0,1.0,2,1,0,1,1,2,0,0,0,0,0,1,1,0,0,0,0,1,0,0,0,0,0,0,0,0,0,0,1,0,0,0,0,0,1,0,0,0,1,0,0,0,0,0,280.9413146972656,385.0
4726,1,7,1,1,0.0,1.0,3,1,1,1,1,2,0,0,0,1,0,0,1,0,0,0,0,0,1,0,1,0,0,0,1,0,1,0,0,0,0,0,0,0,1,0,0,0,1,0,0,0,0,0,156817.890625,160000.0
4556,0,3,1,1,0.0,1.0,1,1,0,1,1,1,1,0,0,0,0,0,1,0,0,0,0,1,0,0,0,0,0,0,0,0,0,0,1,0,0,0,0,0,1,0,0,0,1,0,0,0,0,0,519.2108154296875,475.0
4498,0,3,0,1,0.0,3.0,1,1,0,1,1,1,0,0,0,0,0,0,0,1,0,0,0,0,0,0,0,0,0,0,0,0,0,0,1,0,0,0,0,0,1,0,0,0,1,0,0,0,0,0,556.3690185546875,385.0
4497,0,3,0,1,0.0,1.0,1,1,1,1,1,0,0,0,0,0,0,0,0,0,0,0,0,0,0,0,0,0,0,0,0,0,0,0,1,0,0,0,0,0,1,0,1,0,0,0,0,0,0,0,491.9579162597656,395.0
4502,1,4,1,4,0.0,5.0,2,1,0,2,2,4,0,0,0,1,1,0,1,0,0,0,0,0,1,0,1,0,1,0,0,0,0,0,1,0,0,0,0,0,0,0,0,0,1,0,0,0,0,0,108443.7109375,110000.0
4688,0,3,0,1,0.0,3.0,3,1,0,2,1,2,0,0,0,0,0,0,0,1,0,0,0,0,1,0,1,0,1,0,0,0,0,0,1,0,0,0,0,0,0,0,0,0,1,0,0,0,0,0,594.5780029296875,525.0
4621,0,3,0,1,0.0,2.0,0,1,1,1,0,0,0,0,0,0,0,0,0,0,0,0,0,0,0,0,0,0,0,0,0,0,0,0,1,0,0,0,0,0,1,0,1,0,0,0,0,0,0,0,454.5604553222656,367.0
4692,0,3,1,1,0.0,1.0,2,1,0,1,1,2,0,0,0,1,0,0,1,0,0,1,0,0,1,0,1,0,1,0,0,0,1,0,1,0,0,0,0,0,1,0,0,0,1,0,0,0,0,0,480.3319396972656,540.0
4690,0,3,0,1,0.0,3.0,2,1,1,1,1,4,0,0,0,0,0,0,0,1,0,0,0,0,1,0,1,0,1,0,0,0,0,0,1,0,0,0,0,0,0,0,0,0,1,0,0,0,0,0,194.56826782226562,550.0
4689,0,3,0,1,0.0,1.0,2,1,0,1,1,1,0,0,0,1,0,1,1,0,0,0,0,0,0,0,0,1,0,0,0,0,1,0,1,0,0,0,0,0,1,0,0,0,1,0,0,0,0,0,595.3065185546875,550.0
4641,0,3,0,1,0.0,0.0,2,1,0,2,1,1,0,0,0,0,0,0,1,0,0,0,1,0,0,1,0,0,0,0,0,0,0,0,1,0,0,0,0,0,1,0,0,0,1,0,0,0,0,0,0.0,530.0
4557,1,4,3,1,0.0,1.0,3,1,0,2,1,1,1,0,0,0,0,0,1,0,0,0,0,1,0,1,0,0,0,0,0,0,1,0,1,0,0,0,0,0,1,0,1,0,0,0,0,0,0,0,180675.578125,220000.0
4482,0,3,0,1,0.0,1.0,3,1,1,1,1,1,0,0,0,0,0,0,0,1,0,0,0,1,1,0,1,0,0,0,1,0,0,0,1,0,0,0,0,0,1,0,0,0,1,0,0,0,0,0,536.3026123046875,545.0
4551,0,3,1,1,0.0,1.0,2,1,0,1,1,1,1,0,0,0,0,0,1,0,0,0,0,0,0,1,0,0,0,0,0,0,0,0,1,0,0,0,0,0,1,0,0,0,1,0,0,0,0,0,830.8182373046875,525.0
4572,0,3,1,1,0.0,4.0,2,1,1,1,1,2,1,0,0,0,0,0,1,0,0,0,0,1,0,0,0,0,0,0,0,0,0,0,1,0,0,0,0,0,1,0,0,0,1,0,0,0,0,0,540.7791748046875,475.0
4624,0,3,0,1,0.0,2.0,1,1,1,1,1,2,1,0,0,0,0,0,1,0,0,0,0,1,1,0,0,0,1,0,1,0,1,0,0,0,0,0,0,0,1,0,1,0,0,1,0,0,0,0,433.6766662597656,440.0
4678,0,3,0,1,0.0,1.0,2,1,1,1,1,1,0,0,0,0,0,0,0,1,0,0,0,0,1,0,1,0,1,0,0,0,1,0,1,0,0,0,0,0,0,0,0,0,1,0,0,0,0,0,464.6385803222656,425.0
4652,0,3,0,1,0.0,1.0,1,1,1,1,0,0,0,0,0,0,0,0,0,0,0,0,0,0,0,0,0,0,0,0,0,0,0,0,1,0,0,0,0,0,1,0,1,0,0,1,0,0,0,0,586.5726318359375,350.0
4609,1,4,1,1,0.0,3.0,2,1,1,1,0,4,0,0,0,1,0,0,1,0,0,0,0,0,1,0,0,1,1,0,0,0,0,0,1,0,0,0,0,0,1,0,0,0,1,0,0,0,0,0,120882.0546875,120000.0
4495,0,3,0,1,0.0,1.0,1,1,1,0,0,2,0,0,0,0,0,0,0,1,0,0,0,0,1,0,0,0,1,0,1,0,0,0,1,0,0,0,0,0,1,0,0,0,1,0,0,0,0,0,350.8299865722656,400.0
4695,0,3,0,1,0.0,2.0,2,1,1,1,1,2,0,0,0,0,0,0,0,1,0,0,0,0,1,0,0,0,1,0,1,0,1,0,1,0,0,0,0,0,1,0,0,0,1,0,0,0,0,0,525.6658935546875,450.0
4631,1,4,0,1,0.0,0.0,2,1,0,1,1,2,0,0,0,0,0,0,1,0,0,0,0,1,0,0,0,0,0,0,0,0,0,0,1,0,0,0,0,0,1,0,0,0,1,0,0,0,0,0,127612.9453125,125000.0
4616,0,3,2,1,0.0,1.0,2,1,1,1,0,5,0,0,0,1,1,0,1,0,0,0,0,0,1,0,0,1,1,0,0,0,0,0,1,0,0,0,0,0,1,0,0,0,1,0,0,0,0,0,627.7449951171875,570.0
4527,0,3,0,1,0.0,1.0,2,1,0,1,1,2,0,0,0,1,0,0,1,0,0,0,1,0,0,0,0,0,1,0,1,0,0,0,1,0,0,0,0,0,1,0,0,0,1,0,0,0,0,0,416.9940490722656,460.0
4536,1,4,0,1,0.0,2.0,2,1,1,1,1,2,0,0,0,0,0,0,0,1,0,0,0,0,1,0,1,0,0,0,1,0,1,0,1,0,0,0,0,0,1,0,0,0,1,0,0,0,0,0,124745.6328125,125000.0
4639,1,2,2,1,0.0,1.0,3,1,1,1,1,5,0,0,0,1,1,0,1,0,0,0,0,0,1,0,0,0,1,0,1,0,1,0,1,0,0,0,0,0,0,0,0,0,1,0,0,0,0,0,202559.109375,200000.0
4619,0,3,1,1,0.0,1.0,3,1,0,1,1,1,0,0,0,0,0,0,1,0,0,0,0,0,1,0,0,0,0,1,1,0,0,0,1,0,0,0,0,0,1,0,0,0,1,0,0,0,0,0,678.6033935546875,530.0
4665,0,3,0,1,0.0,2.0,2,1,1,1,1,3,0,0,0,0,0,0,0,1,0,0,0,0,1,0,0,0,1,0,0,0,1,0,0,0,0,0,0,0,1,0,0,0,1,0,0,0,0,0,547.1131591796875,440.0
4720,0,3,1,1,0.0,2.0,2,1,1,1,1,1,0,0,0,0,0,0,0,1,0,0,0,0,1,0,0,0,1,0,1,0,1,0,1,0,0,0,0,0,1,0,0,1,0,0,0,0,0,0,513.5155029296875,530.0
4579,1,4,2,4,0.0,3.0,3,1,0,1,1,5,0,0,0,1,1,0,1,0,0,0,0,0,1,0,1,0,0,0,1,0,1,0,0,0,0,0,0,0,1,0,0,0,1,0,0,0,0,0,198669.421875,200000.0
4552,0,3,0,1,0.0,1.0,2,1,0,1,1,0,1,0,0,0,0,0,1,0,0,0,0,1,0,1,0,0,0,0,0,0,0,0,1,0,0,0,0,0,1,0,0,0,1,0,0,0,0,0,418.1820373535156,495.0
4500,0,3,0,1,0.0,2.0,3,1,1,2,1,3,0,0,0,0,0,0,0,1,0,0,0,0,1,0,0,0,1,0,1,0,0,0,1,0,0,0,0,0,1,0,0,0,1,0,0,0,0,0,291.2792053222656,530.0
4677,0,3,2,1,0.0,3.0,3,1,0,2,1,4,1,0,0,0,0,0,1,0,0,0,1,0,1,0,1,0,0,0,1,0,0,0,1,0,0,0,0,0,1,0,0,0,1,0,0,0,0,0,0.0,650.0
4627,1,4,0,1,0.0,1.0,3,1,1,1,1,5,0,0,0,0,0,0,1,0,0,1,1,0,1,0,0,0,1,0,1,0,0,0,1,0,0,0,0,0,0,0,0,0,1,0,0,0,0,0,140685.46875,140000.0
4728,1,7,2,1,0.0,0.0,3,1,0,1,1,4,0,0,0,1,0,0,1,0,0,0,0,0,1,0,1,0,0,0,1,0,1,0,1,0,0,0,0,0,1,0,0,0,1,0,0,0,0,0,199291.703125,200000.0
40,1,2,2,1,0.0,3.0,2,1,1,1,1,0,1,0,0,0,0,0,0,0,1,0,0,1,0,1,0,0,0,0,0,1,0,1,0,0,0,1,0,0,1,0,1,0,0,0,0,0,0,0,285267.625,280000.0
39,1,2,4,1,0.0,3.0,4,1,1,2,1,3,0,0,0,1,1,0,1,0,0,0,0,0,1,0,0,0,0,1,1,0,0,0,0,0,0,0,0,1,1,0,0,0,1,0,0,0,0,0,522398.0,500000.0
40,1,2,2,1,0.0,1.0,2,1,1,1,0,1,1,1,0,0,0,0,1,0,0,0,0,0,0,1,0,0,0,0,0,1,1,1,0,0,0,1,0,1,1,0,0,0,1,0,0,0,0,0,319093.875,315000.0
41,1,2,2,1,0.0,2.0,3,1,1,1,0,3,0,1,0,0,0,0,1,0,0,0,0,0,1,0,0,0,0,1,1,0,0,0,0,0,0,0,0,0,1,0,1,0,1,0,0,0,0,0,345397.125,350000.0
5283,1,6,2,1,0.0,3.0,3,1,1,1,1,3,0,0,0,1,1,0,1,0,0,0,0,0,1,0,0,1,1,0,0,0,0,0,1,0,0,0,0,0,1,0,0,0,1,0,0,0,0,0,169112.90625,165000.0
5297,1,7,0,1,3.0,2.0,1,1,1,1,1,2,1,0,0,0,0,0,0,0,0,0,0,0,0,1,0,0,0,0,0,0,1,1,0,0,0,0,0,0,1,0,1,0,0,0,0,0,0,0,94810.3828125,110000.0
5209,1,7,0,1,0.0,2.0,4,1,2,2,1,4,0,0,0,1,1,0,1,0,0,0,0,0,0,0,1,1,0,0,0,0,1,0,1,0,0,0,0,0,1,0,0,0,1,0,0,0,0,1,162467.40625,160000.0
5296,1,7,2,1,0.0,0.0,3,1,2,1,0,4,0,0,0,1,1,0,0,1,0,0,0,0,1,0,1,1,0,0,0,0,1,0,1,0,0,0,0,0,1,0,0,1,0,0,0,0,0,0,233686.140625,230000.0
5298,1,7,2,1,0.0,1.0,3,1,2,1,1,4,0,0,0,1,0,0,1,0,0,0,0,0,1,0,1,0,0,0,0,0,1,0,0,0,0,0,0,0,1,0,0,0,1,0,0,0,0,0,187631.796875,190000.0
5301,1,7,0,1,0.0,1.0,2,1,1,1,1,2,0,0,0,0,0,0,0,1,0,0,0,0,0,0,1,1,1,0,0,0,1,0,1,0,0,0,0,0,1,0,0,0,1,0,0,0,0,0,138898.109375,135000.0
5302,1,5,1,1,7.0,1.0,3,1,1,2,1,5,0,0,0,1,1,0,1,0,0,0,0,0,1,0,0,1,1,0,0,0,0,0,1,0,0,0,0,0,1,0,0,0,1,0,0,0,0,0,206353.796875,205000.0
5280,1,6,0,1,0.0,2.0,2,1,1,1,0,2,0,0,0,0,0,0,0,1,0,0,0,0,1,0,1,1,0,0,0,0,0,0,1,0,0,0,0,0,1,0,0,0,1,0,0,0,0,0,120654.2421875,125000.0
5288,1,7,0,1,0.0,1.0,2,1,1,1,1,4,0,0,0,0,0,0,1,0,1,0,0,0,1,0,1,1,0,0,0,0,0,0,1,0,0,0,0,0,0,0,0,0,1,0,0,0,0,0,140377.296875,140000.0
5291,1,7,3,1,0.0,1.0,5,1,1,2,1,2,0,0,0,1,0,0,1,0,0,0,0,0,1,0,1,1,0,0,0,0,1,0,1,0,0,0,0,0,1,0,0,0,1,0,0,0,0,0,291518.84375,290000.0
5274,1,7,3,1,0.0,2.0,4,1,1,2,1,6,0,0,0,1,0,0,1,0,0,0,0,0,1,0,1,1,0,0,0,0,0,0,1,0,0,0,0,0,1,0,1,0,1,0,0,0,0,0,244381.390625,240000.0
731,1,2,4,1,0.0,4.0,3,1,0,1,1,4,0,0,0,1,1,0,0,0,0,0,0,0,1,0,0,0,0,0,1,0,0,0,0,0,0,0,0,0,1,0,0,0,1,0,0,0,0,0,501081.9375,500000.0
641,0,3,1,1,0.0,3.0,1,1,0,1,0,2,0,0,0,0,0,0,0,0,0,0,0,0,0,0,0,0,0,0,0,0,0,0,0,0,0,0,0,0,1,0,1,0,0,0,0,0,0,0,923.0487060546875,850.0
3972,1,2,2,1,0.0,5.0,4,1,0,2,1,5,0,0,0,1,0,0,0,0,0,0,0,0,0,0,0,0,0,1,1,0,0,0,0,0,0,0,0,0,1,0,0,0,1,0,0,0,0,0,344045.5625,340000.0
737,0,3,2,1,0.0,0.0,2,1,0,1,0,3,1,0,0,0,0,0,0,0,0,0,0,0,0,0,0,0,0,0,0,0,0,0,0,0,0,0,0,0,1,0,0,0,1,0,0,0,0,0,897.1971435546875,1150.0
709,0,3,1,1,0.0,2.0,2,1,0,1,0,2,0,0,0,1,0,0,0,0,0,0,0,0,0,0,0,1,0,0,1,0,0,0,0,0,0,0,0,1,0,0,0,0,1,0,0,0,0,0,1033.1951904296875,1250.0
705,1,4,2,1,0.0,4.0,2,1,1,1,0,1,1,0,0,0,0,0,0,0,0,0,0,0,0,1,0,0,0,0,0,0,1,0,0,0,0,0,0,0,0,0,1,0,0,0,0,0,0,0,274347.25,275000.0
3671,1,2,3,1,0.0,1.0,3,1,1,0,1,1,0,0,0,1,1,0,1,0,0,0,0,0,1,0,0,0,0,1,1,0,0,0,0,0,0,0,0,0,1,0,0,0,1,0,0,0,0,0,378088.625,375000.0
3653,1,2,2,1,0.0,2.0,2,1,0,0,1,1,0,0,0,1,1,0,1,0,0,0,0,0,0,0,1,0,1,0,1,0,0,0,0,0,0,0,0,0,1,0,0,0,1,0,0,0,0,0,279777.40625,280000.0
3672,1,2,3,1,0.0,1.0,3,1,1,0,1,0,0,0,0,0,0,0,0,1,0,0,0,0,1,0,0,0,0,0,0,1,0,0,0,0,0,0,0,0,0,0,0,0,0,0,0,0,0,0,374257.03125,375000.0
3652,1,2,2,1,0.0,1.0,1,1,1,1,1,0,0,0,0,1,0,0,1,0,0,0,0,0,1,0,0,0,0,1,1,0,0,0,0,0,0,0,0,0,1,0,0,0,1,0,0,0,0,0,344968.875,275000.0
3982,0,3,1,1,0.0,6.0,2,1,1,1,0,0,0,0,0,0,0,0,0,0,0,0,0,0,0,0,0,0,0,0,0,0,0,0,0,0,0,0,0,1,0,0,0,0,0,0,0,0,0,0,677.7869873046875,925.0
1155,0,3,2,1,0.0,3.0,3,1,0,1,1,6,0,0,0,0,0,0,0,1,0,0,0,1,1,0,1,0,0,0,1,0,0,0,1,0,0,0,0,1,1,0,0,1,0,0,0,0,0,0,1185.2655029296875,1050.0
1100,0,3,1,1,0.0,0.0,2,1,1,1,0,3,0,0,0,0,0,0,0,1,1,0,0,0,0,0,1,0,1,0,1,0,0,0,1,0,0,0,0,1,1,0,0,1,0,0,0,0,0,0,806.1737060546875,795.0
1129,0,3,0,1,0.0,2.0,2,1,0,1,0,1,0,0,0,0,0,0,0,0,0,0,0,0,0,0,0,0,0,0,0,0,0,0,1,0,0,0,0,1,1,0,0,1,0,0,0,0,0,0,876.7869873046875,595.0
1116,0,3,2,1,0.0,5.0,2,1,1,1,1,2,0,0,0,0,0,0,0,0,0,0,0,0,1,0,1,0,1,0,0,0,1,0,0,0,0,0,0,0,1,0,0,1,1,0,0,0,0,0,1057.4940185546875,725.0
1122,0,3,1,1,0.0,4.0,2,1,1,1,0,3,1,0,0,1,0,0,1,0,0,0,0,0,0,1,0,0,0,0,0,1,0,0,1,0,0,0,0,0,1,0,0,1,1,0,0,0,0,0,863.6854248046875,775.0
1157,0,3,5,1,0.0,0.0,4,1,3,2,1,5,0,0,0,1,1,0,0,0,0,1,0,0,1,0,1,0,1,0,0,0,0,0,1,0,0,0,0,1,0,0,0,1,0,0,0,0,0,1,1143.5526123046875,2500.0
1112,0,3,1,1,0.0,0.0,2,1,0,1,1,1,0,0,0,1,0,0,1,0,0,1,0,0,1,0,1,0,0,0,1,0,0,0,1,0,0,0,0,1,1,0,0,1,0,0,0,0,0,0,711.9432373046875,775.0
1092,0,3,0,1,0.0,2.0,1,1,1,1,1,0,0,0,0,0,0,0,0,1,1,0,0,0,0,0,0,0,1,0,0,0,1,0,0,0,0,0,0,1,0,0,0,1,1,0,0,0,0,0,891.6424560546875,595.0
1112,0,3,1,1,0.0,1.0,2,1,0,1,1,1,0,0,0,1,0,0,1,0,0,1,0,0,1,0,1,0,0,0,1,0,0,0,1,0,0,0,0,1,1,0,0,1,0,0,0,0,0,0,685.4549560546875,775.0
1095,0,3,0,1,0.0,1.0,1,1,1,1,0,0,1,0,0,1,0,0,0,0,0,1,0,0,1,1,1,0,0,0,0,0,0,0,1,0,0,0,0,1,0,0,0,1,1,0,0,0,0,0,974.1522216796875,700.0
1165,0,3,1,1,0.0,2.0,2,1,0,1,0,1,1,0,0,0,0,0,1,0,0,0,0,0,0,1,0,1,0,0,0,0,0,0,0,0,0,0,0,0,0,0,0,0,1,0,0,0,0,0,863.8709716796875,845.0
1129,0,3,0,1,0.0,3.0,2,1,1,0,1,1,0,0,0,0,0,0,0,1,1,0,0,0,0,0,0,0,0,0,0,0,1,0,0,0,0,0,0,1,1,0,0,1,0,0,0,0,0,0,923.6112060546875,645.0
1089,0,3,0,1,0.0,1.0,2,1,1,0,1,2,0,0,0,0,0,0,0,1,1,0,0,0,1,0,1,0,1,0,0,0,1,0,1,0,0,0,0,1,1,0,0,1,0,0,0,0,0,0,893.6033935546875,750.0
1162,0,3,1,1,0.0,1.0,2,1,1,1,1,2,1,0,0,0,0,0,1,0,0,0,0,1,0,0,0,0,0,0,0,0,0,0,1,0,0,0,0,0,1,0,1,0,0,0,0,0,0,0,556.1463623046875,850.0
1095,0,3,0,1,0.0,0.0,1,1,0,1,1,0,1,0,0,0,0,0,1,0,0,1,0,0,0,1,0,0,0,0,1,0,0,0,1,0,0,0,0,0,0,0,0,1,1,0,0,0,0,0,668.8651123046875,725.0
1095,0,3,0,1,0.0,1.0,1,1,1,1,0,1,1,0,0,1,0,0,0,0,0,0,0,1,0,1,0,0,1,0,1,0,0,0,0,0,0,0,0,0,0,0,0,1,1,0,0,0,0,0,735.8631591796875,750.0
1165,0,3,1,1,0.0,1.0,2,1,1,0,0,2,1,0,0,0,0,0,1,0,0,0,0,1,0,0,0,0,0,0,0,0,0,0,1,0,0,0,0,0,1,0,0,0,1,0,0,0,0,0,716.6961669921875,850.0
1108,0,3,1,1,0.0,6.0,3,1,1,2,1,2,0,0,0,1,0,0,1,0,0,1,0,0,1,0,1,1,0,0,0,0,0,0,1,0,0,0,0,1,1,0,0,1,0,0,0,0,0,0,1178.3768310546875,850.0
1126,0,3,1,1,0.0,1.0,2,1,0,1,1,0,1,0,0,0,0,0,0,0,0,1,0,1,0,1,0,0,0,0,0,0,0,1,0,0,0,0,0,1,1,0,0,1,0,0,0,0,0,0,817.4549560546875,725.0
1110,1,2,1,4,0.0,3.0,2,1,1,1,1,0,0,0,0,1,0,0,1,0,0,1,0,0,1,0,1,0,1,0,0,0,0,0,1,0,0,0,0,1,0,0,0,1,1,0,0,0,0,0,164450.125,167500.0
1151,0,3,2,1,0.0,2.0,2,1,0,0,1,4,0,0,0,0,0,0,0,1,1,0,0,1,0,0,1,0,1,1,0,0,0,0,1,0,0,0,0,0,1,0,0,1,1,0,0,0,0,0,860.5291748046875,895.0
1097,0,3,0,1,0.0,3.0,1,1,1,1,1,1,0,0,0,0,0,0,0,1,1,0,0,0,0,0,0,0,0,0,0,0,0,0,1,0,0,0,0,1,1,0,0,1,0,0,0,0,0,0,456.4081115722656,575.0
1141,0,3,0,1,0.0,4.0,2,1,1,1,1,1,0,0,0,0,0,0,1,0,0,1,1,0,0,0,0,0,0,0,0,0,0,0,1,0,0,0,0,0,0,0,1,0,0,1,0,0,0,0,722.8494873046875,750.0
1129,0,3,0,1,0.0,4.0,1,1,1,1,0,0,0,0,0,0,0,0,0,1,1,0,0,0,0,0,0,0,0,0,0,0,0,0,1,0,0,0,0,1,1,0,0,1,0,0,0,0,0,0,564.3768310546875,550.0
4100,1,4,2,1,0.0,0.0,3,1,1,1,1,3,0,0,0,1,1,0,1,0,0,0,0,0,0,1,0,1,0,0,0,0,0,0,0,0,0,0,0,0,1,0,0,0,1,0,0,0,0,0,301582.71875,300000.0
4139,1,6,5,3,0.0,3.0,4,1,1,1,1,4,0,0,0,1,0,0,1,0,0,0,0,0,1,0,0,0,0,1,1,0,0,0,0,0,0,0,0,0,1,0,0,0,1,0,0,0,0,0,497808.1875,500000.0
4133,1,4,2,1,0.0,2.0,2,1,1,1,1,2,0,0,0,1,0,0,1,0,0,0,0,0,1,0,0,0,0,1,1,0,0,0,0,0,0,0,0,0,1,0,0,0,1,0,0,0,0,0,291786.375,270000.0
4057,1,4,2,1,0.0,2.0,1,1,1,1,0,2,1,0,0,0,0,0,1,0,0,0,0,0,0,1,0,0,0,0,0,0,0,0,0,0,0,0,0,0,0,0,0,0,1,0,0,0,0,0,231857.640625,230000.0
4159,1,4,5,1,0.0,0.0,4,1,1,1,1,4,0,0,0,1,1,0,1,0,0,0,0,0,1,0,0,0,0,1,1,0,0,0,0,0,0,0,0,0,0,0,0,0,1,0,0,0,0,0,757257.0625,750000.0
4136,1,4,3,1,0.0,2.0,3,1,1,1,0,2,0,0,0,0,0,0,1,0,0,1,1,0,1,0,0,1,0,1,0,0,0,0,0,0,0,0,0,0,1,0,0,0,1,0,0,0,0,0,424591.03125,415000.0
4159,1,6,5,1,0.0,2.0,4,1,1,1,1,4,0,0,0,1,1,0,1,0,0,0,0,0,1,0,0,0,0,1,1,0,0,0,0,0,0,0,0,0,0,0,0,0,1,0,0,0,0,0,680517.9375,685000.0
4126,1,4,2,1,0.0,2.0,2,1,1,1,1,1,0,0,0,1,0,0,1,0,0,1,0,0,1,0,0,0,0,1,1,0,0,0,0,0,0,0,0,0,0,0,0,0,1,0,0,0,0,0,341664.0625,340000.0
4168,1,4,3,1,0.0,3.0,3,1,1,1,1,3,0,0,0,0,1,0,1,0,0,0,0,0,0,0,0,1,0,1,1,0,0,0,0,0,0,0,0,0,0,0,0,0,1,0,0,0,0,0,323438.75,325000.0
4146,1,4,2,1,0.0,3.0,1,1,1,1,1,1,1,0,0,0,0,0,1,0,0,1,0,0,0,0,0,0,1,1,1,0,0,0,0,0,0,0,0,0,0,0,1,0,0,0,0,0,0,0,177178.109375,180000.0
4101,1,4,3,1,0.0,2.0,3,1,1,1,1,5,0,0,0,0,1,0,1,0,0,1,0,0,1,0,0,1,0,1,0,0,0,0,0,0,0,0,0,0,1,0,0,0,1,0,0,1,0,0,453763.3125,450000.0
2122,1,7,4,1,0.0,2.0,3,1,1,2,1,2,1,0,0,0,0,0,1,0,0,0,0,0,1,0,1,0,0,0,0,0,0,0,1,0,0,0,0,0,1,0,0,0,1,0,0,0,0,0,407687.53125,415000.0
2120,0,3,4,3,0.0,2.0,4,1,1,1,1,3,0,0,0,0,0,0,1,1,0,0,0,0,1,0,0,0,0,0,0,0,0,0,1,0,0,0,0,0,1,0,0,0,1,0,0,0,0,0,1035.8299560546875,1400.0
2120,1,1,4,3,0.0,0.0,4,1,1,1,1,3,0,0,0,0,0,0,1,1,0,0,0,0,1,0,0,0,0,0,0,0,0,0,1,0,0,0,0,0,1,0,0,0,1,0,0,0,0,0,463922.375,450000.0
2125,0,3,3,1,0.0,1.0,1,1,1,1,1,1,1,0,0,0,0,0,0,0,0,0,0,1,0,1,0,0,0,0,0,0,0,0,1,0,0,0,0,0,0,0,1,0,0,1,0,0,0,0,641.8739013671875,925.0
2135,0,3,4,1,0.0,5.0,3,1,1,1,0,2,0,0,0,0,0,0,1,0,0,0,0,0,1,0,0,1,0,0,0,0,0,0,1,0,0,0,0,0,1,0,0,0,1,0,0,0,0,0,1837.4002685546875,1650.0
2123,0,3,5,1,0.0,0.0,4,1,1,1,1,4,0,0,0,0,0,0,0,1,0,0,0,0,1,1,0,0,0,0,0,0,0,0,1,0,0,0,0,0,1,0,0,0,1,0,0,0,0,0,1578.3065185546875,1850.0
1296,1,7,2,1,0.0,1.0,4,1,0,2,1,5,0,0,0,0,1,0,0,1,0,0,0,0,0,0,1,0,0,1,0,0,0,0,0,0,0,0,0,0,0,0,0,1,0,0,0,0,0,0,395960.21875,400000.0
1322,1,7,4,1,0.0,0.0,4,1,1,2,1,5,0,0,0,1,1,0,0,0,0,0,0,0,1,0,1,1,0,0,0,0,0,0,0,0,0,0,0,0,0,0,0,1,0,0,0,0,0,0,368127.25,370000.0
1298,0,3,3,1,0.0,1.0,3,1,0,2,1,6,0,0,0,1,1,0,0,0,0,0,0,0,1,0,1,1,0,0,0,0,0,0,0,0,0,0,0,0,1,0,0,0,1,0,0,0,0,0,699.8084716796875,1150.0
1292,1,6,1,1,0.0,5.0,3,1,0,1,1,2,0,0,0,0,0,0,1,0,0,0,0,0,1,0,0,0,0,0,1,0,0,0,0,0,0,0,0,0,1,0,0,0,1,0,0,0,0,1,272098.875,275000.0
1291,1,2,2,1,16.0,7.0,3,1,0,1,1,2,0,0,0,0,0,0,1,0,0,1,0,0,0,0,0,1,0,0,0,0,0,0,0,0,0,0,0,1,0,0,0,0,1,0,0,0,0,0,251548.09375,335000.0
1328,1,7,6,1,0.0,0.0,5,1,2,1,1,7,0,0,0,0,0,0,1,0,0,0,0,0,0,0,0,0,1,1,0,0,0,0,0,1,0,0,0,0,0,0,0,0,0,0,0,0,0,0,1050219.75,1100000.0
1240,1,7,3,1,0.0,1.0,4,1,0,2,1,4,0,0,0,1,0,0,0,0,0,0,0,0,1,0,0,1,0,0,0,0,0,0,0,0,0,0,0,0,0,0,0,0,1,0,0,0,0,0,271643.375,270000.0
1278,1,7,1,1,0.0,8.0,2,1,0,1,0,2,0,0,0,1,1,0,1,0,0,0,0,0,1,0,0,1,1,0,0,0,0,0,0,0,0,0,0,0,0,0,0,0,1,0,0,0,0,0,159503.84375,160000.0
5075,0,3,1,1,0.0,2.0,2,1,1,2,1,2,0,0,0,0,0,0,1,0,0,0,0,0,0,0,1,1,0,0,0,0,1,0,0,0,0,0,0,0,0,0,1,0,0,0,0,0,0,0,817.2635498046875,725.0
5108,0,3,0,1,0.0,2.0,1,1,1,1,0,0,0,0,0,0,0,0,0,0,0,0,0,0,0,0,0,0,0,0,0,0,0,0,1,0,0,0,0,0,0,0,1,0,0,0,0,0,0,0,562.2147216796875,525.0
2508,1,0,3,1,0.0,4.0,4,1,1,2,1,7,0,0,0,1,0,0,1,0,0,0,0,0,0,0,1,0,0,1,1,0,0,0,0,0,0,0,0,0,1,0,0,0,1,0,0,0,0,1,449824.9375,450000.0
2521,1,0,2,1,0.0,6.0,3,1,1,1,1,5,0,1,0,0,0,0,0,1,0,0,0,0,1,0,0,1,1,0,0,0,1,0,0,0,0,0,0,0,1,0,0,0,1,0,0,0,0,0,277551.1875,280000.0
2478,0,3,3,1,0.0,14.0,2,2,2,1,2,6,0,0,0,0,0,0,0,1,0,0,0,0,0,0,0,0,0,0,0,1,0,1,0,0,0,0,0,0,0,0,1,0,0,0,0,0,0,0,253.60342407226562,1000.0
2510,0,3,0,1,0.0,2.0,1,1,1,0,0,5,0,0,0,0,0,0,1,0,0,0,0,0,0,1,0,0,0,0,0,0,1,0,1,0,0,0,0,0,1,0,0,0,1,0,0,0,0,0,469.5565490722656,525.0
2484,0,3,0,1,0.0,6.0,2,1,1,1,0,5,0,1,0,0,0,0,0,0,0,0,0,0,0,1,1,0,0,1,0,0,0,0,1,0,0,0,0,0,0,0,0,0,1,0,0,0,0,0,0.0,550.0
4740,0,3,5,1,0.0,0.0,0,1,1,0,1,2,0,0,0,0,0,0,0,1,1,0,0,1,1,1,0,0,0,0,1,0,0,0,1,0,0,0,0,0,0,0,0,0,1,0,0,0,0,0,0.0,700.0
2424,0,3,4,1,0.0,3.0,4,1,0,1,1,3,0,0,0,1,0,0,0,0,0,0,0,0,1,0,0,0,0,0,0,0,1,0,0,0,0,0,0,1,0,0,0,0,0,0,0,0,0,0,1418.8924560546875,1000.0
2414,0,3,0,1,0.0,2.0,2,1,1,1,1,0,0,0,0,0,0,0,0,1,0,0,0,0,1,0,0,0,0,0,0,0,0,0,1,0,0,0,0,0,0,0,0,0,1,0,0,0,0,0,479.3104553222656,625.0
3432,1,6,2,4,0.0,2.0,4,1,2,3,1,6,0,0,0,1,1,0,1,0,0,0,0,0,0,0,0,1,0,0,1,0,0,0,0,0,0,0,0,1,0,0,0,0,0,0,1,0,0,0,157437.859375,160000.0
3454,1,6,4,1,0.0,1.0,3,1,0,2,2,8,0,0,0,1,0,1,0,0,0,0,0,0,0,0,0,1,0,0,1,0,0,0,0,0,0,0,0,0,0,1,0,0,0,0,1,0,0,0,350337.84375,340000.0
3430,1,2,2,1,0.0,0.0,4,1,0,1,1,7,0,0,0,1,0,0,0,0,0,0,0,0,1,0,1,0,1,0,0,0,0,0,0,0,0,0,0,0,0,0,0,0,1,0,0,0,0,0,227453.40625,225000.0
3436,1,2,0,1,0.0,1.0,2,1,1,2,0,1,0,0,0,0,0,0,0,1,0,0,0,0,0,0,0,0,1,0,0,0,0,0,1,0,0,0,0,0,1,0,0,0,1,0,0,0,0,0,89048.890625,89950.0
3435,1,2,0,1,0.0,2.0,2,1,1,1,0,3,0,0,0,0,0,0,1,0,0,0,0,0,1,0,1,0,0,0,0,0,0,0,0,0,0,0,0,0,1,0,0,0,1,0,0,0,0,0,70459.359375,110000.0
5346,0,3,3,1,0.0,1.0,2,1,0,1,1,5,1,0,0,0,0,0,0,0,0,0,0,0,0,1,0,0,0,0,0,0,1,1,0,0,0,0,0,0,0,0,1,0,0,0,0,0,0,0,791.3143310546875,1100.0
5356,0,3,2,1,0.0,3.0,4,1,1,0,1,0,0,0,0,0,0,0,0,1,1,0,0,0,0,0,0,0,0,0,0,0,0,0,1,0,0,0,0,1,0,0,0,1,1,0,0,0,0,0,1069.2147216796875,1560.0
5348,0,3,2,1,0.0,2.0,1,1,1,1,0,2,0,0,0,0,0,0,0,0,0,0,0,0,0,0,0,0,0,0,0,0,0,0,0,0,0,0,0,0,0,0,0,0,0,0,0,0,0,1,713.1014404296875,875.0
5516,0,3,2,1,0.0,2.0,3,1,1,1,0,0,0,0,0,1,1,0,1,0,0,0,0,0,1,0,0,0,0,0,0,0,0,0,1,0,0,0,0,0,0,0,0,1,1,0,0,0,0,0,1070.1483154296875,725.0
5526,0,3,3,1,0.0,6.0,4,1,0,2,2,4,0,0,0,1,1,0,1,0,0,0,0,0,1,0,1,0,0,1,0,0,0,0,1,0,0,0,0,1,1,0,0,0,0,0,1,0,0,0,1414.5057373046875,1000.0
5509,0,3,5,1,0.0,2.0,5,1,0,2,1,5,0,0,0,1,1,0,0,0,0,0,0,0,1,0,0,0,0,0,0,0,0,0,1,0,0,0,0,0,0,0,0,0,1,0,0,0,0,0,2098.05859375,2250.0
5421,0,3,2,1,0.0,3.0,2,1,1,1,0,3,0,0,0,1,1,0,0,0,0,0,0,0,1,0,0,1,0,0,0,0,0,0,1,0,0,0,0,0,0,0,0,1,1,0,0,0,0,0,880.0233154296875,875.0
5416,0,3,1,1,0.0,6.0,2,1,1,1,1,2,0,0,0,0,0,0,0,1,0,0,0,0,1,0,0,0,0,0,0,0,0,0,1,0,0,0,0,0,0,0,0,0,1,0,0,0,0,0,936.9237060546875,750.0
5460,0,3,2,1,0.0,1.0,2,1,0,1,1,2,1,0,0,0,0,0,1,0,0,0,0,0,0,0,1,0,1,0,0,0,0,0,1,0,0,0,0,0,0,0,0,0,1,0,0,0,0,0,529.4139404296875,875.0
5472,0,3,0,1,0.0,15.0,1,1,1,1,0,2,0,0,0,0,0,0,0,0,0,0,0,0,0,0,0,0,0,0,0,0,0,0,1,0,0,0,0,0,1,0,0,1,1,0,0,0,0,0,727.8963623046875,650.0
675,0,3,2,1,0.0,3.0,3,1,0,2,0,3,0,0,0,0,0,0,0,1,0,0,0,0,0,0,0,0,0,0,1,0,0,0,0,0,0,0,0,0,1,0,0,0,1,0,0,0,0,0,0.0,1450.0
2490,0,3,1,1,0.0,1.0,2,1,0,1,1,3,1,0,0,0,0,0,0,0,0,0,0,0,0,1,0,0,0,0,0,0,0,0,0,0,0,0,0,0,0,0,1,0,0,0,0,0,0,0,928.5018310546875,675.0
2560,1,6,1,1,0.0,0.0,2,1,1,1,1,5,0,0,0,0,0,0,1,0,0,0,0,0,0,0,0,1,1,0,0,0,0,0,0,0,0,0,0,0,1,0,0,0,1,0,0,0,0,0,179991.171875,180000.0
1260,0,3,0,1,0.0,0.0,2,1,1,1,0,0,0,0,0,0,0,0,0,1,0,0,0,0,0,0,0,0,0,0,0,0,0,0,0,0,0,0,0,0,0,0,0,0,1,0,0,0,0,0,653.7088623046875,450.0
1871,1,7,0,3,0.0,2.0,3,1,1,1,1,2,0,0,0,0,0,0,0,1,0,0,0,0,1,0,0,1,0,0,0,0,0,0,0,0,0,0,0,0,0,0,0,0,1,0,0,0,0,0,96977.1796875,95000.0
913,1,7,2,1,0.0,2.0,2,1,0,1,1,5,0,0,0,1,1,0,0,0,0,0,0,0,1,0,0,1,0,0,0,0,0,0,0,0,0,0,0,1,0,0,0,0,0,0,1,0,0,0,184670.46875,190000.0
882,0,3,0,1,0.0,2.0,2,1,0,1,0,4,1,0,0,0,0,0,0,0,0,0,0,0,0,0,0,0,0,0,1,0,0,0,0,0,0,0,0,0,0,0,0,0,1,0,0,0,0,0,1010.8319091796875,495.0
889,1,7,0,1,0.0,5.0,2,1,0,1,1,2,1,0,0,0,0,1,1,0,0,0,0,0,0,0,0,0,0,0,0,0,0,1,0,0,0,0,0,0,0,0,1,0,0,0,0,0,0,0,84402.4140625,85000.0
898,1,7,0,1,0.0,0.0,1,1,0,1,0,4,1,0,0,0,0,0,0,0,0,1,0,0,0,0,0,0,0,0,1,0,0,0,0,0,0,0,0,1,1,0,0,0,0,0,0,0,0,0,94154.5859375,94750.0
3764,1,7,2,1,0.0,0.0,2,1,0,1,1,1,0,0,0,0,0,0,0,0,1,0,0,0,0,0,0,0,0,0,0,0,0,0,0,0,0,0,0,0,0,0,0,0,1,0,0,0,0,0,270215.40625,270000.0
2177,0,3,3,1,0.0,5.0,3,1,1,1,1,1,0,0,0,0,0,1,0,0,0,1,0,0,0,0,0,0,1,0,0,0,0,0,1,0,0,0,0,1,0,0,0,0,0,0,0,0,0,0,1095.6971435546875,935.0
2192,0,3,0,1,0.0,2.0,2,1,1,1,0,0,1,0,0,0,0,0,0,0,0,0,0,0,0,0,0,0,0,0,0,0,0,0,1,0,0,0,0,0,0,0,0,0,1,0,0,0,0,0,857.8280029296875,950.0
5107,0,3,1,1,0.0,6.0,2,0,0,1,1,2,0,0,0,1,0,0,0,0,0,0,0,0,1,0,0,0,0,0,0,0,1,0,0,0,0,0,0,0,0,0,0,0,1,0,0,0,0,0,819.6307373046875,750.0
5104,1,7,1,1,0.0,0.0,3,1,1,1,0,0,0,0,0,1,1,0,0,0,0,0,0,0,1,0,1,1,0,0,0,0,1,0,0,0,0,0,0,1,1,0,0,0,0,0,1,0,0,0,239278.171875,240000.0
5078,0,3,0,1,0.0,2.0,2,1,0,1,0,1,0,0,0,0,0,0,1,0,0,0,0,0,0,0,0,0,0,0,0,0,0,0,1,0,0,0,0,0,0,0,1,0,0,0,0,0,0,0,554.1033935546875,600.0
5109,1,7,2,1,0.0,1.0,3,1,0,2,1,4,0,0,0,1,0,0,1,0,0,0,0,0,1,0,0,0,0,0,0,0,1,0,0,0,0,0,0,0,1,0,0,0,1,0,0,0,0,0,255632.015625,260000.0
5094,1,2,0,1,0.0,1.0,3,1,0,1,1,2,0,0,0,0,0,0,0,1,0,0,0,0,1,0,1,0,1,0,0,0,0,0,1,0,0,0,0,0,1,0,0,0,1,0,0,0,0,0,154200.421875,155000.0
5096,1,2,0,1,0.0,1.0,1,1,0,0,0,4,0,0,0,1,1,0,0,1,0,0,0,0,0,0,0,1,0,0,0,0,0,0,1,0,0,0,0,0,0,0,0,1,0,0,0,0,0,0,151681.359375,150000.0
5103,0,3,1,1,0.0,3.0,2,1,2,1,1,1,0,0,0,0,0,0,0,1,0,0,0,0,0,0,1,0,0,1,0,0,0,0,1,0,0,0,0,0,0,0,0,0,0,0,1,0,0,0,389.8690490722656,725.0
5102,1,7,2,1,0.0,1.0,3,1,0,2,0,4,0,0,0,1,0,0,1,0,0,0,0,0,1,0,1,0,0,0,1,0,0,0,0,0,0,0,0,0,1,0,0,0,0,0,0,0,0,1,286804.03125,290000.0
5097,1,7,3,3,0.0,1.0,3,1,0,0,1,6,0,0,0,1,1,0,1,0,0,0,0,0,0,0,1,0,0,1,1,0,1,0,0,1,0,0,0,0,1,0,0,0,1,0,0,0,0,0,312863.375,315000.0
5092,1,0,1,1,0.0,5.0,2,1,0,2,1,1,0,0,0,1,0,0,1,0,0,0,0,0,1,0,1,0,0,0,0,0,1,0,0,0,0,0,0,0,1,0,0,0,1,0,0,0,0,0,120342.515625,122475.0
3752,0,3,2,1,0.0,4.0,2,1,1,1,0,5,1,0,0,0,0,0,0,0,0,0,0,0,0,1,0,0,0,0,0,0,0,0,1,0,0,0,0,0,0,0,0,0,0,0,0,0,0,1,1039.0760498046875,1200.0
4903,1,2,2,1,3.0,0.0,2,1,1,1,0,1,0,0,0,0,0,0,0,0,0,0,0,1,0,1,0,0,0,0,0,0,0,1,0,0,0,0,0,0,1,0,1,0,0,0,0,0,0,0,134012.203125,135000.0
4770,1,7,1,1,0.0,0.0,3,1,1,1,1,2,0,0,0,1,0,0,1,0,0,0,0,0,1,0,1,1,0,0,0,0,0,0,0,0,0,0,0,0,1,0,0,0,1,0,0,0,0,0,171298.515625,175000.0
2461,1,6,1,3,0.0,4.0,3,1,0,1,1,6,0,0,0,1,0,0,1,0,0,0,0,0,0,0,0,0,1,1,1,0,1,0,0,0,0,0,0,0,1,0,0,0,1,0,0,0,0,0,160501.265625,160000.0
2252,1,6,1,1,0.0,1.0,2,1,0,1,1,7,0,0,0,1,0,0,1,0,0,0,0,0,0,0,0,1,1,0,1,0,0,0,1,0,0,0,0,0,1,0,0,0,1,0,0,0,0,0,172041.71875,170000.0
2456,1,6,1,1,0.0,1.0,3,1,0,2,1,7,0,0,0,1,1,0,1,0,0,0,0,0,0,0,0,1,0,0,1,0,1,0,0,0,0,0,0,0,1,0,0,0,1,0,0,0,0,0,236335.1875,240000.0
2259,1,4,1,1,0.0,2.0,2,1,0,1,0,6,0,0,0,0,1,0,0,1,0,0,0,0,0,0,0,1,0,0,1,0,0,0,1,0,0,0,0,0,1,0,0,0,1,0,0,0,0,0,180853.203125,175000.0
2468,1,4,6,3,0.0,1.0,4,1,0,4,1,18,0,0,0,1,1,0,1,0,0,0,0,0,0,0,0,1,0,0,1,1,0,0,1,0,0,0,0,0,1,0,0,0,1,0,0,0,0,0,707784.8125,700000.0
2244,0,3,3,1,0.0,2.0,4,1,0,1,1,7,0,0,0,1,1,0,1,0,0,0,0,0,0,0,0,1,1,0,1,0,1,0,0,0,0,0,0,0,1,0,0,0,1,0,0,0,0,0,783.1346435546875,975.0
2223,0,3,1,1,0.0,3.0,2,1,0,1,0,6,1,0,0,0,0,0,1,0,0,0,0,0,0,0,0,1,0,1,1,0,0,0,1,0,0,0,0,0,1,0,0,0,1,0,0,0,0,0,720.4197998046875,675.0
2209,1,6,3,1,0.0,1.0,4,1,0,1,1,7,0,0,0,1,1,0,0,0,0,0,0,0,0,0,0,0,0,1,1,0,1,0,0,0,0,0,0,0,1,0,0,0,1,0,0,0,0,0,291648.28125,290000.0
3121,0,3,0,1,0.0,2.0,2,1,1,1,1,4,0,0,0,0,0,0,0,1,0,0,0,0,1,0,1,0,0,0,1,0,0,0,1,0,0,0,0,0,1,0,0,0,0,1,0,0,0,0,413.5409240722656,460.0
3202,0,3,0,1,0.0,2.0,2,1,0,1,1,2,0,0,0,0,0,0,1,0,0,0,1,0,0,0,0,0,0,0,0,0,0,0,1,0,0,0,0,0,1,0,0,0,1,0,0,0,0,0,491.6776428222656,625.0
3219,1,4,2,1,0.0,1.0,3,1,0,0,2,7,0,0,0,1,1,0,1,0,0,0,0,0,0,0,1,0,0,1,1,0,0,0,1,0,0,0,0,0,1,0,0,0,1,0,0,0,0,0,278957.96875,280000.0
3207,1,7,0,1,0.0,1.0,3,1,1,1,1,6,0,0,0,0,0,0,0,1,0,0,0,0,0,0,1,1,0,0,1,0,0,0,1,0,0,0,0,0,1,0,0,0,1,0,0,0,0,0,159536.703125,160000.0
3214,1,4,1,3,0.0,1.0,3,1,0,2,1,4,0,0,0,1,0,0,1,0,0,0,0,0,1,0,1,0,0,0,1,0,0,0,1,0,0,0,0,0,1,0,0,0,1,0,0,0,0,0,160636.203125,160000.0
3180,1,2,4,1,0.0,2.0,4,1,1,2,1,8,0,0,0,1,1,0,1,0,0,0,0,0,0,0,1,0,0,1,1,0,0,0,1,0,0,0,0,0,1,0,0,0,1,0,0,0,0,0,325899.25,325000.0
3099,1,4,1,1,0.0,4.0,3,1,1,1,1,4,0,0,0,1,0,0,1,0,0,0,0,0,0,0,1,0,0,1,1,0,0,0,1,0,0,0,0,0,1,0,0,0,1,0,0,0,0,0,239458.140625,195000.0
3145,1,7,1,1,0.0,4.0,3,1,0,2,0,7,0,0,0,1,1,0,1,0,0,0,0,0,0,0,1,0,0,1,1,0,1,0,1,0,0,0,0,0,1,0,0,0,1,0,0,0,0,0,210895.65625,210000.0
3147,1,4,3,1,0.0,2.0,4,1,1,2,1,9,0,0,0,1,1,0,1,0,0,0,0,0,0,0,1,0,0,1,1,0,1,0,1,0,0,0,0,0,1,0,0,0,1,0,0,0,0,0,404906.5625,400000.0
3242,1,4,2,1,0.0,3.0,3,1,0,2,1,6,0,0,0,1,1,0,1,0,0,0,0,0,0,0,1,0,0,1,1,0,0,0,1,0,0,0,0,0,1,0,0,0,0,0,1,0,0,0,235771.296875,240000.0
3215,1,4,4,1,0.0,2.0,4,1,1,2,1,6,0,0,0,1,1,0,1,0,0,0,0,0,0,0,1,0,1,0,1,0,0,0,1,0,0,0,0,0,1,0,0,0,1,0,0,0,0,0,271590.6875,270000.0
3231,1,4,4,1,0.0,5.0,4,1,0,1,1,10,0,0,0,1,1,0,1,0,0,0,0,0,0,0,1,0,1,0,1,0,0,0,1,0,0,0,0,0,1,0,0,0,1,0,0,0,0,0,607925.5625,290000.0
3268,1,4,4,1,0.0,2.0,3,1,2,2,1,9,0,0,0,1,1,0,1,0,0,0,0,0,0,0,0,1,1,0,1,0,0,0,1,0,0,0,0,0,1,0,0,0,0,0,1,0,0,0,395363.3125,400000.0
3167,1,7,0,1,0.0,1.0,3,1,1,1,1,7,0,0,0,1,1,0,1,0,0,0,0,0,0,0,1,1,0,1,0,0,0,0,1,0,0,0,0,0,1,0,0,0,1,0,0,0,0,0,199654.515625,200000.0
3247,1,2,3,1,0.0,1.0,3,1,0,2,1,6,0,0,0,1,1,0,1,0,0,0,0,0,0,0,1,1,0,0,1,0,0,0,1,0,0,0,0,0,1,0,0,0,1,0,0,0,0,0,268110.25,270000.0
3148,1,7,2,1,0.0,1.0,3,1,0,1,1,9,0,0,0,1,1,0,1,0,0,0,0,0,0,0,1,1,0,0,1,0,1,0,1,0,0,0,0,0,1,0,0,0,1,0,0,0,0,0,220811.3125,220000.0
3243,1,2,1,3,0.0,1.0,3,1,1,1,0,6,0,0,0,1,0,0,1,0,0,0,0,0,0,0,1,0,0,1,1,0,0,0,1,0,0,0,0,0,1,0,0,0,0,1,0,0,0,0,208692.703125,210000.0
3250,1,2,5,1,0.0,1.0,5,1,0,2,1,10,0,0,0,1,1,0,1,0,0,0,0,0,0,0,0,0,1,0,1,0,0,0,1,0,0,0,0,0,1,0,0,0,1,0,0,0,0,0,554516.75,550000.0
3231,1,4,2,1,0.0,3.0,3,1,0,1,0,6,0,0,0,1,0,0,1,0,0,0,0,0,0,0,1,0,0,1,1,0,0,0,1,0,0,0,0,0,1,0,0,0,1,0,0,0,0,0,182537.125,180000.0
3281,0,3,5,1,0.0,1.0,5,1,1,3,1,9,0,0,0,1,1,0,1,0,0,0,0,0,1,0,1,0,0,1,0,0,0,0,1,0,0,0,0,0,1,0,0,0,1,0,0,0,0,0,1550.1151123046875,1250.0
3187,1,2,0,1,0.0,4.0,2,1,0,1,1,4,0,0,0,1,0,0,1,0,0,0,0,0,0,0,1,0,0,1,1,0,0,0,1,0,0,0,0,0,1,0,0,0,1,0,0,0,0,0,154006.046875,155000.0
3102,1,4,3,1,0.0,2.0,2,1,1,0,1,9,0,0,0,0,1,0,0,0,0,0,0,0,0,0,1,0,0,0,1,1,0,0,1,0,0,0,0,0,1,0,0,0,1,0,0,0,0,0,294714.4375,300000.0
3176,1,7,3,1,0.0,4.0,5,1,1,2,1,8,0,0,0,1,1,0,1,0,0,0,0,0,0,0,0,0,0,1,1,1,0,0,1,0,0,0,0,0,1,0,0,0,1,0,0,1,0,0,349087.78125,340000.0
3232,1,4,2,1,0.0,1.0,3,1,1,1,1,3,0,0,0,1,1,0,1,0,0,0,0,0,1,0,0,1,0,0,0,0,0,0,0,0,0,0,0,0,1,0,0,0,1,0,0,0,0,0,176714.796875,180000.0
3211,1,4,2,1,0.0,1.0,3,1,0,2,1,7,0,0,0,1,1,0,1,0,0,0,0,0,0,0,1,0,0,1,1,0,0,0,1,0,0,0,0,0,1,0,0,0,1,0,0,0,0,0,207842.015625,200000.0
3233,1,4,0,1,0.0,1.0,2,1,1,1,0,3,0,0,0,0,0,0,0,0,0,0,0,0,1,0,0,0,1,1,0,0,0,0,0,0,0,0,0,0,1,0,0,0,1,0,0,0,0,0,150160.6875,150000.0
3171,1,4,1,1,0.0,1.0,3,1,0,1,1,4,0,0,0,0,0,0,0,1,0,0,0,0,0,0,1,0,0,1,0,1,0,0,1,0,0,0,0,0,1,0,0,0,1,0,0,0,0,0,177320.6875,175000.0
3100,1,4,2,1,0.0,1.0,3,1,0,1,1,7,0,0,0,1,1,0,1,0,0,0,0,0,0,0,0,0,0,1,1,1,0,0,1,0,0,0,0,0,1,0,0,0,1,0,0,0,0,0,247131.203125,240000.0
3144,1,4,2,1,0.0,3.0,3,1,1,1,0,4,0,0,0,1,1,0,1,0,0,0,0,0,0,0,0,0,0,1,1,1,0,0,0,0,0,0,0,0,1,0,0,0,1,0,0,0,0,0,253413.140625,250000.0
3184,1,7,1,1,0.0,2.0,4,1,1,1,1,5,0,0,0,1,0,0,1,0,0,0,0,0,0,0,1,0,0,1,1,0,0,0,1,0,0,0,0,0,1,0,0,0,1,0,0,0,0,0,199953.203125,200000.0
3228,1,7,1,1,0.0,0.0,4,1,1,1,0,9,0,0,0,1,1,0,1,0,0,0,0,0,0,0,1,0,0,1,1,0,0,0,1,0,0,0,0,1,0,0,0,0,0,0,1,0,0,0,397381.4375,400000.0
3196,1,4,4,1,1.0,1.0,4,1,0,2,1,7,0,0,0,1,1,0,1,0,0,0,0,0,0,0,1,0,1,0,1,0,0,0,1,0,0,0,0,0,1,0,0,0,1,0,0,0,0,0,277872.96875,280000.0
3227,1,6,0,1,0.0,1.0,3,1,0,1,1,4,0,0,0,1,0,0,1,0,0,0,0,0,0,0,0,0,0,0,1,0,0,0,0,0,0,0,0,0,1,0,0,0,1,0,0,0,0,0,149226.78125,150000.0
3215,1,4,3,1,0.0,1.0,4,1,1,1,1,4,0,0,0,1,1,0,1,0,0,0,0,0,1,0,1,0,0,0,1,0,0,0,1,0,0,0,0,0,1,0,0,0,1,0,0,0,0,0,271484.625,270000.0
3140,1,4,0,1,0.0,2.0,2,1,1,2,1,5,0,0,0,0,0,0,0,1,0,0,0,0,0,0,1,0,0,1,1,0,0,0,1,0,0,0,0,0,1,0,0,0,1,0,0,0,0,0,159959.984375,160000.0
3231,1,2,1,1,0.0,0.0,3,1,0,1,0,4,0,0,0,1,1,0,0,0,0,0,0,0,1,0,1,0,0,0,1,0,0,0,0,0,0,0,0,0,1,0,0,0,1,0,0,0,0,0,182225.609375,180000.0
3270,1,4,1,1,0.0,2.0,3,1,1,2,1,6,0,0,0,1,0,0,1,0,0,0,0,0,0,0,1,0,0,1,1,0,0,0,1,0,0,0,0,0,0,0,1,0,0,0,0,0,0,0,236007.921875,240000.0
2581,1,6,3,1,0.0,5.0,5,1,2,3,1,2,0,0,0,1,1,0,0,0,0,0,0,0,1,1,0,1,0,0,0,0,0,0,0,0,0,0,0,0,1,0,0,0,1,0,0,0,0,0,446481.03125,450000.0
2579,1,6,2,1,0.0,3.0,4,1,1,1,1,1,0,0,0,1,1,0,0,0,0,0,0,0,1,0,0,1,1,0,0,0,0,0,0,0,0,0,0,0,1,0,0,0,1,0,0,0,0,0,309745.75,315000.0
2580,1,6,2,1,0.0,1.0,4,1,1,1,2,2,0,0,0,1,1,0,0,0,0,0,0,0,1,0,0,1,0,0,0,0,0,0,0,0,0,0,0,0,0,0,0,0,1,0,0,0,0,0,420382.125,425000.0
3498,1,6,1,1,0.0,0.0,2,1,1,0,1,7,0,0,0,1,1,0,1,0,0,0,0,0,1,0,1,0,0,0,1,0,0,0,1,0,0,0,0,0,1,0,0,1,1,0,0,0,0,0,177504.078125,180000.0
3699,1,2,2,3,0.0,1.0,1,1,1,0,0,1,0,0,0,1,0,0,1,0,0,1,0,0,1,0,1,0,0,1,0,0,0,0,0,0,0,0,0,0,1,0,0,1,1,0,0,0,0,0,217826.609375,220000.0
3690,1,2,3,1,0.0,1.0,3,1,0,0,1,3,1,0,0,1,1,0,0,0,0,0,0,0,1,0,0,0,1,1,0,0,0,0,0,0,0,0,0,1,1,0,0,0,1,0,0,0,0,0,356304.125,350000.0
3691,1,2,2,1,0.0,2.0,3,1,0,0,1,1,0,0,0,1,1,0,1,0,0,0,0,0,1,0,1,0,0,1,0,0,0,0,0,0,0,0,0,1,1,0,0,0,1,0,0,0,0,0,283963.5,285000.0
3659,1,2,4,1,0.0,1.0,5,1,0,0,0,2,0,0,0,1,1,0,1,0,0,0,0,0,1,0,1,0,0,1,0,0,0,0,0,0,0,0,0,0,1,0,0,1,1,0,0,0,0,0,447972.25,450000.0
3691,1,2,2,1,0.0,0.0,3,1,1,0,1,0,1,0,0,0,1,0,0,0,0,1,0,0,1,0,0,1,0,1,0,0,0,0,0,0,0,0,0,1,1,0,0,0,1,0,0,0,0,0,298471.90625,300000.0
3681,1,2,4,3,0.0,2.0,3,1,1,0,0,1,0,0,0,1,0,0,1,0,0,1,0,0,1,0,0,0,0,1,1,0,1,0,0,0,0,0,0,0,1,0,0,1,1,0,0,0,0,0,440937.53125,440000.0
3661,1,2,2,1,0.0,4.0,3,1,1,0,1,0,0,0,0,0,0,0,0,1,0,0,0,0,1,0,1,1,0,0,0,0,0,0,0,0,0,0,0,0,1,0,0,1,1,0,0,0,0,0,275821.5625,275000.0
3716,1,2,4,1,0.0,1.0,4,1,1,0,1,2,0,0,0,1,1,0,1,0,0,0,0,0,0,0,1,0,1,0,1,0,0,0,0,0,0,0,0,0,1,0,0,1,1,0,0,0,0,0,500308.5625,500000.0
3660,1,2,1,1,0.0,1.0,2,0,0,0,0,1,0,0,0,1,0,0,1,0,0,1,0,0,1,0,1,0,0,1,0,0,0,0,0,0,0,0,0,0,1,0,0,1,1,0,0,0,0,0,204253.828125,200000.0
3692,1,2,2,1,0.0,2.0,2,1,0,0,0,1,0,0,0,1,0,0,1,0,0,1,0,0,1,0,1,0,0,1,0,0,0,0,0,0,0,0,0,0,1,0,0,1,1,0,0,0,0,0,248717.46875,250000.0
3679,1,2,3,1,0.0,1.0,4,1,0,0,1,0,1,0,0,0,0,0,0,0,0,1,0,1,1,0,1,0,1,0,0,0,0,0,0,0,0,0,0,0,1,0,0,1,1,0,0,0,0,0,333757.875,330000.0
3721,1,2,1,3,0.0,2.0,3,1,0,0,1,3,0,0,0,1,0,0,1,0,0,1,0,0,1,0,1,0,0,1,0,0,0,0,0,0,0,0,0,0,1,0,0,1,1,0,0,0,0,0,328944.6875,330000.0
3708,1,2,3,3,0.0,3.0,4,1,0,0,1,3,0,0,0,1,0,0,1,0,0,1,0,0,1,0,1,0,0,1,0,0,0,0,0,0,0,0,0,0,1,0,0,0,1,0,0,0,0,1,360630.875,365000.0
3697,1,2,3,1,0.0,1.0,3,1,0,0,1,2,0,0,0,1,1,0,1,0,0,0,0,0,1,0,0,1,0,1,0,0,0,0,0,0,0,0,0,0,1,0,0,1,1,0,0,0,0,0,351810.375,350000.0
3680,1,2,4,3,0.0,3.0,4,1,1,0,1,1,0,0,0,1,1,0,1,0,0,0,0,0,1,0,1,0,0,1,0,0,0,0,0,0,0,0,0,0,1,0,0,1,1,0,0,0,0,0,443753.875,450000.0
3748,1,2,4,1,0.0,0.0,3,1,1,0,2,3,0,0,0,1,1,1,0,0,0,0,0,0,1,0,0,1,0,1,0,0,0,0,0,0,0,0,0,0,1,0,0,0,0,0,1,0,0,0,559892.75,570000.0
3709,1,2,3,1,0.0,1.0,3,1,0,0,1,1,0,0,0,1,1,0,1,0,0,0,0,0,1,0,1,1,0,0,0,0,1,0,0,0,0,0,0,0,1,0,0,1,1,0,0,0,0,0,361110.3125,360000.0
3702,1,2,2,3,0.0,2.0,2,1,0,0,1,1,0,0,0,1,1,0,1,0,0,0,0,0,1,0,1,0,0,0,1,0,0,0,0,0,0,0,0,0,1,0,0,1,1,0,0,0,0,0,267527.1875,235000.0
3675,1,2,3,1,0.0,2.0,3,1,1,1,1,4,0,0,0,1,1,0,1,0,0,0,0,0,1,0,0,1,0,1,0,0,1,0,0,0,0,0,0,0,1,0,0,0,0,0,1,0,0,1,604588.375,600000.0
3705,1,2,2,1,0.0,2.0,2,1,0,0,1,3,0,0,0,1,1,0,1,0,0,0,0,0,1,0,1,0,0,1,0,0,1,0,0,0,1,0,0,0,1,0,0,1,1,0,0,0,0,0,301055.5625,300000.0
3726,1,2,5,1,0.0,1.0,5,1,1,0,1,4,0,0,0,1,1,0,1,0,0,0,0,0,1,0,1,0,0,1,0,0,0,0,0,0,0,0,0,0,1,0,0,1,1,0,0,0,0,0,567917.3125,570000.0
3710,1,2,4,1,0.0,4.0,4,1,1,0,1,2,0,0,0,1,1,0,1,0,0,0,0,0,1,0,1,0,1,0,0,0,0,0,0,0,0,0,0,0,1,0,0,1,1,0,0,0,0,0,379593.125,380000.0
3676,1,2,3,3,0.0,3.0,3,1,1,0,0,2,0,0,0,1,1,0,1,0,0,0,0,0,1,0,1,0,0,1,0,0,0,0,0,0,0,0,0,0,1,0,0,1,1,0,0,0,0,0,334102.5625,335000.0
4272,1,2,3,1,0.0,1.0,2,1,0,0,0,3,0,0,0,1,0,0,1,0,0,0,0,0,1,0,0,0,1,1,0,0,0,0,0,0,0,0,0,0,1,0,0,0,0,0,0,0,0,1,319213.5,310000.0
657,1,2,4,1,0.0,1.0,2,1,1,1,0,3,0,0,0,1,1,0,1,0,0,0,0,0,1,0,0,0,0,1,1,0,1,0,0,0,0,0,0,1,1,0,0,0,1,0,0,0,0,0,447439.28125,450000.0
668,1,2,3,1,0.0,5.0,3,1,0,1,1,2,0,0,0,1,0,0,1,0,0,1,0,0,1,0,0,0,0,1,1,0,0,0,1,0,0,0,0,0,1,0,0,0,0,0,0,0,0,0,348177.25,350000.0
3307,0,3,0,1,0.0,4.0,3,1,0,1,0,6,0,0,0,1,0,0,0,0,0,0,0,0,1,0,1,0,0,0,0,0,0,0,0,0,0,0,0,0,1,0,0,0,1,0,0,0,0,0,709.8748779296875,700.0
2157,1,4,2,1,0.0,1.0,3,1,1,1,2,2,0,0,0,0,0,0,0,0,0,0,0,0,1,0,0,0,0,0,0,0,0,0,1,0,0,0,0,1,1,0,0,0,0,0,0,0,0,0,236094.484375,235000.0
2165,0,3,3,1,0.0,10.0,3,1,1,2,1,3,0,0,0,1,1,0,0,0,0,0,0,0,1,0,0,0,0,0,0,0,0,0,1,0,0,0,0,1,1,0,0,0,0,0,0,0,0,0,1089.1776123046875,950.0
2154,1,4,1,1,0.0,1.0,3,1,1,1,1,4,0,0,0,1,1,0,0,0,0,0,0,0,1,0,0,1,0,0,0,0,0,0,1,0,0,0,0,0,1,0,0,0,1,0,0,0,0,0,170373.703125,170000.0
2191,1,2,0,4,0.0,1.0,3,1,1,1,0,2,0,0,0,0,0,0,0,0,1,0,0,1,0,0,0,0,0,0,0,0,0,0,1,0,0,0,0,0,0,0,1,0,0,0,0,0,0,0,123552.6640625,120000.0
1539,0,3,0,1,0.0,2.0,2,1,0,1,1,5,0,0,0,0,0,0,0,1,0,0,0,0,0,0,0,1,0,0,1,0,1,0,0,0,0,0,0,0,1,0,0,0,1,0,0,0,0,0,648.9979248046875,550.0
1677,1,6,3,1,0.0,3.0,5,1,0,1,0,13,0,0,0,1,1,0,1,0,0,0,0,0,0,0,0,1,0,0,1,0,1,0,0,0,0,0,0,0,1,0,0,0,1,0,0,0,0,0,333537.125,350000.0
5402,1,7,5,1,5.0,3.0,4,1,0,1,1,11,0,0,0,1,1,0,1,0,0,0,0,0,0,0,0,1,0,0,1,0,1,0,0,0,0,0,0,0,1,0,0,0,0,0,1,0,0,0,457398.375,450000.0
1666,0,3,1,1,0.0,1.0,3,1,0,1,1,5,0,0,0,0,1,0,1,0,0,0,0,0,0,0,0,1,0,0,1,0,1,0,0,0,0,0,0,0,1,0,0,0,1,0,0,0,0,0,623.5252685546875,700.0
1568,0,3,0,1,0.0,1.0,2,1,0,1,1,4,0,0,0,0,0,0,0,1,0,0,0,0,0,0,0,1,0,0,1,0,1,0,0,0,0,0,0,0,1,0,0,0,1,0,0,0,0,0,641.2088623046875,600.0
1645,0,3,2,1,0.0,2.0,3,1,0,1,0,9,0,0,0,1,0,0,1,0,0,0,0,0,1,0,0,1,0,0,0,0,1,0,0,0,0,0,0,0,1,0,0,0,1,0,0,0,0,0,865.2811279296875,700.0
1579,1,2,2,1,0.0,5.0,2,1,0,1,1,5,0,0,0,1,0,0,1,0,0,0,0,0,0,0,0,1,0,0,1,0,1,0,0,0,0,0,0,0,1,0,0,0,1,0,0,0,0,0,242792.265625,240000.0
1544,1,2,1,1,0.0,2.0,2,1,1,0,0,3,1,0,0,0,0,0,1,0,0,0,0,0,0,0,0,0,0,0,0,0,0,0,1,0,0,0,0,0,1,0,1,0,0,0,0,0,0,0,139566.125,140000.0
1563,1,2,2,1,0.0,3.0,3,1,0,1,1,6,1,0,0,0,0,0,1,0,0,0,0,0,0,0,0,1,0,0,1,0,1,0,0,0,0,0,0,0,1,0,0,0,1,0,0,0,0,0,201551.921875,200000.0
1615,1,2,2,1,0.0,2.0,2,1,0,0,0,6,0,0,0,0,0,0,0,1,0,0,0,0,0,0,0,0,0,1,1,0,1,0,0,0,0,0,0,0,1,0,0,0,1,0,0,0,0,0,229008.546875,225000.0
1586,1,2,1,1,0.0,2.0,3,1,0,1,1,8,0,0,0,1,1,0,1,0,0,0,0,0,0,0,0,1,0,0,1,0,1,0,0,0,0,0,0,0,1,0,0,0,1,0,0,0,0,0,221996.921875,225000.0
1599,1,2,2,4,0.0,7.0,3,1,0,1,1,9,0,0,0,0,0,0,0,0,0,0,0,0,0,0,0,1,0,0,1,0,1,0,0,0,0,0,0,0,1,0,0,0,1,0,0,0,0,0,197732.328125,195000.0
1661,1,6,1,1,0.0,3.0,2,1,1,1,0,2,1,0,0,0,0,0,1,0,0,0,0,0,0,0,0,0,0,0,0,0,1,0,0,0,0,0,0,0,1,0,0,0,1,0,0,0,0,0,187728.796875,150000.0
1560,1,2,0,1,7.0,2.0,3,1,0,1,1,5,0,0,0,0,0,0,0,1,0,0,0,0,1,0,0,0,0,0,0,0,1,0,0,0,0,0,0,0,1,0,0,0,1,0,0,0,0,0,156260.828125,160000.0
1671,1,2,2,1,0.0,3.0,3,1,0,0,1,8,0,0,0,1,1,0,1,0,0,0,0,0,0,0,0,1,0,0,1,0,1,0,0,0,0,0,0,0,1,0,0,0,1,0,0,0,0,0,186523.34375,190000.0
1613,1,2,5,1,4.0,4.0,4,1,1,1,1,16,0,0,0,1,1,0,1,0,0,0,0,0,0,0,0,1,0,0,1,0,1,0,0,0,0,0,0,0,1,0,0,0,1,0,0,0,0,0,542131.25,540000.0
1641,1,2,3,1,0.0,1.0,4,1,0,1,1,13,0,0,0,1,1,0,1,0,0,0,0,0,0,0,0,1,0,0,1,0,1,0,0,0,0,0,0,0,1,0,0,0,1,0,0,0,0,0,317779.0,320000.0
1594,1,2,2,1,0.0,1.0,2,1,0,1,1,1,0,0,0,0,0,0,0,1,0,0,0,0,0,0,0,0,0,0,0,0,0,0,1,0,0,0,0,0,1,0,0,0,1,0,0,0,0,0,129256.53125,125000.0
1722,1,2,2,1,0.0,1.0,2,1,0,0,1,5,0,0,0,1,1,0,1,0,0,0,0,0,0,0,0,1,0,0,1,0,1,0,0,0,0,0,0,0,1,0,0,0,1,0,0,0,0,0,150242.015625,150000.0
1833,1,2,2,1,0.0,1.0,3,1,0,1,1,11,0,0,0,1,1,0,1,0,0,0,0,0,0,0,0,1,0,0,1,0,1,0,0,0,0,0,0,0,1,0,0,0,1,0,0,0,0,0,157142.109375,155000.0
1601,1,2,5,1,0.0,1.0,4,1,1,2,1,10,0,0,0,1,1,0,1,0,0,0,0,0,0,0,0,1,0,0,1,0,1,0,0,0,0,0,0,0,1,0,0,0,1,0,0,0,0,0,450664.625,450000.0
5305,0,3,2,1,0.0,5.0,3,1,1,1,1,0,0,0,0,1,0,0,0,0,0,0,0,0,0,0,1,0,0,0,0,0,0,0,0,0,0,0,0,0,0,0,0,0,1,0,0,0,0,0,890.5672607421875,795.0
3900,0,3,3,1,0.0,0.0,4,1,1,2,1,7,0,0,0,1,1,0,0,0,0,1,0,0,0,0,0,1,0,1,1,0,0,0,0,0,0,0,0,0,1,0,0,0,1,0,0,0,0,0,0.0,810.0
3908,1,7,1,1,0.0,0.0,2,1,0,1,1,4,0,0,0,1,0,0,0,0,0,0,0,0,0,0,1,0,0,0,1,1,0,0,0,0,0,0,0,0,1,0,0,0,1,0,0,0,0,0,143250.390625,145000.0
3908,0,3,1,1,0.0,2.0,2,1,0,1,1,4,0,0,0,1,0,0,0,0,0,0,0,0,0,0,1,0,0,0,1,1,0,0,0,0,0,0,0,0,1,0,0,0,1,0,0,0,0,0,587.8143310546875,625.0
3041,0,3,5,1,0.0,1.0,4,1,2,0,1,3,0,0,0,1,1,0,1,0,0,0,0,0,0,0,0,0,1,1,1,0,0,0,0,0,0,0,0,0,1,0,0,0,1,0,0,0,0,0,1807.0408935546875,2000.0
1004,0,3,3,1,0.0,1.0,3,1,0,1,1,4,0,0,0,0,1,0,1,1,0,0,0,0,0,0,0,0,0,0,0,0,0,0,0,0,0,0,0,0,1,0,0,0,1,0,0,0,0,0,985.4705810546875,1600.0
4228,1,6,3,1,0.0,1.0,3,1,1,1,1,4,1,0,0,0,0,0,1,0,0,0,0,0,1,0,1,0,0,0,1,0,0,0,0,0,0,0,0,0,1,0,0,0,1,0,0,0,0,0,279394.53125,280000.0
4237,1,6,3,1,1.0,7.0,3,1,1,1,1,2,1,0,0,1,0,0,1,0,0,0,0,0,1,0,1,0,0,0,1,0,0,0,0,0,0,0,0,0,1,0,1,0,1,0,0,0,0,0,222691.765625,230000.0
4215,1,6,2,1,0.0,5.0,2,1,1,1,0,2,1,0,0,0,0,0,1,0,0,0,0,0,1,0,0,0,1,0,1,0,0,0,0,0,0,0,0,0,1,0,1,0,1,0,0,0,0,0,197336.4375,200000.0
4229,1,6,3,1,0.0,1.0,3,1,1,1,0,3,0,0,0,1,1,0,1,0,0,0,0,0,1,0,1,0,0,0,1,0,0,0,0,0,0,0,0,0,1,0,1,0,1,0,0,0,0,0,219435.3125,225000.0
4241,1,0,1,1,0.0,2.0,1,1,1,1,1,2,1,0,0,0,0,0,1,0,0,0,0,0,0,0,0,0,0,0,0,0,0,0,0,0,0,0,0,0,1,0,1,0,1,0,0,0,0,0,136378.765625,138000.0
4232,1,7,4,1,0.0,0.0,4,1,1,1,1,4,0,0,0,0,1,0,1,0,0,0,0,0,1,0,1,0,0,0,1,0,0,0,0,0,0,0,0,0,1,0,0,1,1,0,0,0,0,0,280586.53125,280000.0
4217,1,4,4,1,0.0,0.0,4,1,1,1,1,4,0,0,0,1,1,0,1,0,0,0,0,0,1,0,1,0,1,0,0,0,0,0,0,0,0,0,0,0,1,0,0,0,1,0,0,0,0,0,341089.0,345000.0
4240,1,6,1,1,0.0,0.0,1,1,1,1,0,2,1,0,0,0,0,0,1,0,0,0,0,0,0,1,0,0,0,0,0,0,1,0,0,0,0,0,0,0,1,0,0,0,1,0,0,0,0,0,136145.671875,140000.0
4235,1,6,3,1,0.0,3.0,3,1,1,1,1,5,0,0,0,1,1,0,1,0,0,0,0,0,1,0,1,0,0,0,1,0,0,0,0,0,0,0,0,0,1,0,0,0,1,0,0,0,0,0,225665.109375,235000.0
4222,1,6,3,1,0.0,2.0,3,1,1,0,1,5,0,0,0,1,1,0,1,0,0,0,0,0,1,0,1,0,0,0,1,0,0,0,0,0,0,0,0,0,1,0,0,0,1,0,0,0,0,0,226453.28125,230000.0
4221,1,4,2,1,0.0,1.0,2,1,1,1,1,2,1,0,0,0,0,0,1,0,0,0,0,0,0,0,0,0,0,0,0,0,1,0,0,0,0,0,0,0,0,0,1,0,0,0,0,0,0,0,134762.65625,135000.0
4230,1,6,3,1,0.0,8.0,3,1,1,1,1,5,0,0,0,1,1,0,1,0,0,0,0,0,1,0,1,0,0,0,1,0,0,0,0,0,0,0,0,0,1,0,0,0,1,0,0,0,0,0,242160.1875,240000.0
4236,1,6,3,1,0.0,1.0,3,1,1,1,1,6,0,0,0,1,1,0,1,0,0,0,0,0,1,0,1,0,0,0,1,0,0,0,0,0,0,0,0,0,1,0,0,0,1,0,0,0,0,0,221201.109375,220000.0
4231,1,6,4,1,15.0,7.0,5,1,1,1,2,5,0,0,0,1,1,0,1,0,0,0,0,0,1,0,1,0,0,0,1,0,0,0,0,0,0,0,0,0,1,0,0,0,1,0,0,0,0,0,279483.4375,275000.0
4229,1,4,4,1,0.0,6.0,5,1,1,1,1,6,0,0,0,1,1,0,1,0,0,0,0,0,1,0,1,0,0,0,1,0,0,0,0,0,0,0,0,0,1,0,0,1,0,0,0,0,0,0,297557.8125,295000.0
4233,1,4,4,1,0.0,4.0,6,1,1,1,1,6,0,0,0,0,1,0,1,0,0,0,0,0,1,0,1,0,0,0,1,0,0,0,0,0,0,0,0,0,1,0,0,0,1,0,0,0,0,0,355610.15625,350000.0
4326,1,7,1,1,0.0,1.0,2,1,1,1,1,3,1,0,0,0,1,0,1,0,0,0,0,0,0,0,0,0,0,0,0,1,0,0,0,0,0,0,0,0,1,0,0,1,1,0,0,0,0,0,342953.46875,340000.0
4290,1,2,1,1,0.0,0.0,5,1,0,1,0,1,0,1,0,0,0,0,1,0,1,0,0,0,0,0,0,0,0,0,0,0,0,0,0,0,0,1,0,0,1,0,1,0,0,0,0,0,0,0,322829.59375,320000.0
4362,1,7,2,1,0.0,0.0,2,1,0,1,0,2,1,0,0,0,0,1,1,0,0,0,0,0,0,0,0,0,0,0,0,0,0,1,0,0,0,1,0,0,1,0,1,0,0,0,0,0,0,0,182875.390625,185000.0
4393,1,2,4,1,0.0,0.0,5,1,1,1,1,6,1,0,0,1,0,0,1,0,0,0,0,0,1,0,0,0,0,1,1,0,0,0,0,0,0,0,0,0,1,0,0,1,1,0,0,0,0,0,583429.5,580000.0
4412,1,7,2,3,0.0,4.0,3,1,1,2,0,2,1,0,0,1,0,0,1,0,0,0,0,0,1,0,0,0,0,1,1,0,0,0,0,0,0,0,0,0,1,0,0,1,1,0,0,0,0,0,270706.875,270000.0
4349,1,7,2,1,0.0,0.0,2,1,1,1,0,2,1,0,0,0,0,1,1,0,0,0,0,0,0,0,0,0,0,0,0,0,0,0,1,0,0,1,0,0,1,0,1,0,0,0,0,0,0,0,180356.65625,182500.0
4318,1,7,0,1,0.0,2.0,2,1,1,1,1,4,0,0,0,0,0,0,0,1,0,0,0,0,1,1,0,0,0,0,1,0,0,0,0,0,0,0,0,0,1,0,0,1,1,0,0,0,0,0,182515.234375,180000.0
4357,1,7,2,1,0.0,3.0,2,1,1,0,1,6,1,0,0,1,0,0,1,0,0,0,0,0,1,0,0,0,0,1,1,0,0,0,0,0,0,0,0,0,0,0,0,0,0,0,0,0,0,0,270802.0,275000.0
2296,0,3,0,1,0.0,1.0,2,1,1,1,1,0,0,0,0,0,0,0,0,1,0,0,0,0,1,0,0,0,0,0,0,0,0,0,0,0,0,0,0,0,0,0,0,0,1,0,0,0,0,0,811.6190185546875,575.0
2338,0,3,0,3,0.0,1.0,1,1,1,1,1,1,0,0,0,0,0,0,0,1,0,0,0,0,0,0,0,0,0,0,0,0,0,0,0,0,0,0,0,0,0,0,1,0,0,0,0,0,0,0,224.88858032226562,325.0
2325,0,3,3,1,0.0,0.0,2,1,1,1,1,0,0,0,0,0,0,0,0,1,0,0,0,0,1,0,0,0,0,0,0,0,0,0,0,0,0,0,0,0,0,0,0,0,1,0,0,0,0,0,842.2283935546875,625.0
5355,0,3,1,1,0.0,1.0,2,1,0,1,1,2,1,0,0,0,0,0,1,0,0,1,0,0,0,1,0,0,0,0,0,0,0,0,1,0,0,0,0,0,0,1,1,0,0,0,0,0,0,0,964.4027099609375,795.0
5499,1,6,3,1,1.0,9.0,2,1,0,1,1,3,1,0,0,0,0,0,0,0,0,0,0,0,0,1,0,0,0,1,0,0,1,0,0,0,0,0,0,0,0,0,1,0,0,0,0,0,0,0,168238.953125,170000.0
5422,1,6,0,1,0.0,4.0,2,1,1,1,0,2,0,0,0,1,0,0,1,0,0,0,0,0,1,0,0,1,0,0,0,0,0,0,1,0,0,0,0,0,1,0,0,0,1,0,0,0,0,0,168990.890625,170000.0
5518,1,6,1,1,0.0,5.0,2,1,1,1,1,2,0,0,0,0,1,0,1,0,0,0,0,0,1,0,0,1,0,0,0,0,0,0,1,0,0,0,0,0,1,0,0,0,1,0,0,0,0,0,180903.921875,180000.0
5504,0,3,1,1,0.0,1.0,2,1,1,1,0,2,1,0,0,0,0,0,0,0,0,0,0,0,1,0,0,0,0,0,0,0,0,0,1,0,0,0,0,0,0,0,0,0,1,0,0,0,0,0,674.0584716796875,750.0
5483,1,6,2,1,10.0,7.0,3,1,0,0,0,2,0,0,0,0,0,0,0,1,0,0,0,0,0,0,0,0,1,0,0,0,0,0,1,0,0,0,0,1,0,0,0,1,0,0,0,0,0,0,196056.578125,200000.0
5414,1,6,1,1,0.0,6.0,3,1,1,1,1,2,0,0,0,1,0,0,1,0,0,0,0,0,1,0,0,0,0,1,0,0,0,0,1,0,0,0,0,1,0,0,0,0,1,0,0,0,0,0,238850.546875,235000.0
5371,0,3,1,1,0.0,0.0,2,1,1,1,1,1,0,0,0,0,0,0,0,1,0,0,0,0,0,0,0,0,1,0,0,0,0,0,1,0,0,0,0,1,0,0,0,0,1,0,0,0,0,0,336.8924865722656,875.0
5412,1,6,1,1,0.0,2.0,2,1,1,1,1,2,0,0,0,0,0,0,0,1,0,0,0,0,0,0,0,0,0,0,0,0,0,0,1,0,0,0,0,0,0,0,0,0,1,0,0,0,0,0,162026.765625,165000.0
5460,0,3,2,1,0.0,0.0,2,1,0,1,1,2,1,0,0,0,0,0,1,0,0,0,0,0,0,0,1,0,1,0,0,0,0,0,1,0,0,0,0,0,0,0,0,0,1,0,0,0,0,0,539.7713623046875,975.0
5392,1,6,2,4,0.0,5.0,3,1,1,1,1,1,0,0,0,1,0,0,0,0,0,0,0,0,1,0,0,1,0,0,0,0,0,0,1,0,0,0,0,0,1,0,0,0,1,0,0,0,0,0,219627.109375,215000.0
5508,1,6,1,1,0.0,1.0,2,1,0,1,1,2,0,0,0,1,0,0,1,0,0,0,0,0,1,0,0,0,0,1,1,0,0,0,1,0,0,0,0,1,0,0,0,1,0,0,0,0,0,0,183950.828125,182500.0
783,1,2,2,1,18.0,4.0,4,1,0,1,1,4,0,0,0,1,0,1,1,0,0,0,0,0,1,0,0,1,0,1,0,0,1,0,0,0,0,0,0,0,1,0,0,0,1,0,0,0,0,0,425528.59375,425000.0
1445,1,4,3,1,0.0,1.0,4,1,1,1,0,9,0,0,0,1,0,0,0,0,0,0,0,0,0,0,1,0,0,1,0,0,0,0,1,0,0,0,0,0,0,0,0,0,1,0,0,0,0,1,500075.0,500000.0
1458,0,3,3,1,0.0,5.0,5,1,1,3,1,8,0,0,0,1,1,0,0,0,0,0,0,0,1,0,1,0,0,0,0,0,0,0,1,0,0,0,0,0,1,0,0,0,1,0,0,0,0,0,1309.2869873046875,2000.0
1454,1,7,4,1,0.0,2.0,4,1,1,1,1,10,0,0,0,1,0,0,1,0,0,0,0,0,1,0,1,0,0,0,0,0,0,0,1,0,0,0,0,0,0,0,0,0,1,0,0,0,0,0,529074.25,530000.0
1446,0,3,2,1,0.0,1.0,2,1,1,1,1,0,1,0,0,0,0,0,0,0,0,0,0,0,0,1,0,0,0,0,0,0,1,0,0,0,0,0,0,0,0,0,0,0,0,1,0,0,0,0,1063.7908935546875,875.0
1444,0,3,3,1,0.0,1.0,3,1,1,2,1,4,0,0,0,1,0,0,1,0,0,0,0,0,1,0,0,0,0,0,0,0,0,0,1,0,0,0,0,0,0,0,0,0,1,0,0,0,0,0,1517.6033935546875,1600.0
1433,0,3,2,1,0.0,1.0,2,1,1,1,0,2,0,1,0,0,0,0,0,0,0,0,0,0,0,1,0,0,0,0,0,0,0,0,1,0,0,0,0,0,0,0,1,0,0,1,0,0,0,0,596.1649169921875,825.0
1432,0,3,2,1,0.0,1.0,2,1,1,1,0,3,1,0,0,0,0,0,0,0,0,0,0,0,0,1,0,0,0,0,0,0,0,0,1,0,0,0,0,0,1,0,0,0,0,0,0,0,0,0,1074.8924560546875,1025.0
1442,0,3,1,1,0.0,1.0,2,1,1,1,1,0,0,1,0,0,0,0,0,0,0,0,0,0,0,1,0,0,0,0,0,0,0,0,1,0,0,0,0,0,0,0,0,0,0,1,0,0,0,0,946.2713623046875,850.0
1471,0,3,5,1,0.0,1.0,4,1,3,1,1,10,0,0,0,1,1,0,0,0,0,0,0,0,0,0,1,0,0,1,0,0,0,0,1,0,0,0,0,0,0,0,0,0,0,0,0,0,0,1,2619.080078125,3000.0
1430,0,3,6,1,0.0,2.0,4,1,1,2,1,9,0,0,0,1,1,0,0,0,0,0,0,0,1,0,0,1,0,0,0,0,0,0,1,0,0,0,0,0,1,0,0,0,1,0,0,0,0,0,2328.751953125,2650.0
4174,1,2,4,2,0.0,1.0,2,1,1,2,0,3,0,0,0,1,1,0,0,0,0,0,0,0,0,0,0,1,0,0,1,0,0,0,1,0,0,0,0,0,0,0,0,0,1,0,0,0,0,0,446461.1875,450000.0
1429,0,3,2,1,0.0,8.0,2,1,1,1,1,3,1,1,0,0,0,0,0,0,0,0,0,0,0,0,0,0,0,0,0,0,0,0,1,0,0,0,0,0,0,0,0,0,1,0,0,0,0,0,992.6737060546875,1150.0
4177,1,4,5,1,0.0,0.0,4,1,1,1,1,8,0,0,0,1,1,0,0,0,0,0,0,0,0,0,0,1,0,0,1,0,0,0,1,0,0,0,0,0,0,0,0,0,1,0,0,0,0,0,696459.4375,700000.0
4176,1,2,4,1,0.0,2.0,5,1,1,1,1,9,0,0,0,1,1,0,0,0,0,0,0,0,1,0,1,0,0,0,0,0,0,0,1,0,0,0,0,0,1,0,0,0,1,0,0,0,0,0,753239.3125,750000.0
858,1,7,1,3,0.0,3.0,3,1,0,1,0,2,0,0,0,1,1,0,0,0,0,0,0,0,1,0,0,1,0,0,0,0,0,1,0,0,0,0,0,0,1,0,0,0,1,0,0,0,0,0,159825.703125,160000.0
5543,1,7,2,1,0.0,5.0,3,1,0,1,1,2,0,0,0,0,0,0,0,0,0,0,0,0,1,0,0,1,0,0,0,0,0,0,0,0,0,0,0,0,1,0,0,0,1,0,0,0,0,0,128514.5078125,130000.0
835,1,6,0,1,0.0,1.0,3,1,0,2,1,2,0,0,0,0,0,0,0,0,0,0,0,0,1,0,0,0,0,0,0,0,0,0,0,0,0,0,0,0,1,0,0,0,1,0,0,0,0,0,83465.7578125,80000.0
845,1,6,1,4,0.0,3.0,3,1,0,1,1,2,0,0,0,0,0,0,0,0,0,0,0,0,1,0,0,0,0,0,0,0,0,0,0,0,0,0,0,0,0,0,0,0,1,0,0,0,0,0,103397.9140625,100000.0
857,0,3,2,1,0.0,1.0,2,1,0,1,1,3,0,0,0,1,1,0,0,0,0,0,0,0,1,0,0,1,1,0,0,0,1,0,0,0,0,0,0,0,1,0,0,0,1,0,0,0,0,0,655.2537841796875,750.0
839,1,6,0,4,16.0,3.0,2,1,1,1,1,1,0,0,0,0,1,0,0,0,0,0,0,0,1,0,0,0,0,0,0,0,1,0,0,0,0,0,0,0,0,0,1,0,0,0,0,0,0,0,121928.765625,125000.0
836,1,7,0,1,0.0,1.0,2,1,0,1,1,2,0,0,0,0,0,0,0,0,0,0,0,0,0,0,1,0,0,0,0,0,0,0,0,0,0,0,0,0,0,0,0,0,1,0,0,0,0,0,77442.671875,80000.0
850,1,6,0,1,0.0,3.0,3,1,1,1,1,3,0,0,0,1,0,0,0,0,0,0,0,0,1,0,0,1,0,0,0,0,1,0,0,0,0,0,0,0,1,0,0,0,1,0,0,0,0,0,142540.03125,140000.0
947,1,6,1,1,28.0,5.0,3,1,1,1,1,1,0,0,0,1,1,0,0,0,0,0,0,0,1,0,0,1,0,0,0,0,1,0,0,0,0,0,0,0,1,0,0,0,1,0,0,0,0,0,122793.0859375,120000.0
1623,0,3,1,1,0.0,0.0,2,1,0,1,1,6,0,0,0,0,0,0,0,1,0,0,0,0,0,0,0,1,0,0,1,0,1,0,0,0,0,0,0,0,1,0,0,0,1,0,0,0,0,0,761.5565185546875,675.0
1621,1,2,2,1,0.0,1.0,3,1,0,1,0,6,0,0,0,0,0,0,1,0,0,1,0,0,0,0,0,0,0,0,1,0,1,0,0,0,0,0,0,0,1,0,0,0,1,0,0,0,0,0,219787.484375,215000.0
1526,1,7,5,1,0.0,0.0,5,1,0,1,1,13,0,0,0,1,1,0,1,0,0,0,0,0,0,0,0,1,0,0,1,0,1,0,0,0,0,0,0,0,1,0,0,0,1,0,0,0,0,0,359031.4375,350000.0
5184,1,4,4,1,0.0,1.0,3,1,1,1,1,1,0,0,0,0,0,0,0,1,0,0,0,0,1,0,0,0,0,0,0,0,0,0,1,0,0,0,0,0,1,0,0,0,0,0,0,0,0,0,507341.0625,500000.0
5188,0,3,3,1,0.0,1.0,2,1,1,1,0,0,1,0,0,0,0,0,0,0,0,0,0,0,0,0,0,0,0,0,0,0,0,0,0,0,0,0,0,0,0,0,1,0,0,0,0,0,0,0,1096.5916748046875,1000.0
2737,1,4,1,1,10.0,1.0,2,1,1,1,1,3,0,0,1,0,0,1,1,0,0,0,0,0,0,1,0,0,0,0,0,0,0,1,0,0,0,0,0,0,1,0,1,0,0,0,0,0,0,0,205013.203125,210000.0
2598,1,7,4,1,0.0,0.0,4,1,0,0,1,2,0,0,0,1,0,0,0,0,0,0,0,0,1,0,1,0,0,0,1,0,0,0,1,0,0,0,0,0,1,0,0,0,1,0,0,0,0,0,437691.84375,435000.0
2679,1,2,1,1,0.0,0.0,3,1,0,1,0,2,0,0,0,0,0,0,0,1,0,0,0,0,1,0,1,1,0,0,0,0,1,0,0,0,0,0,0,0,1,0,0,0,1,0,0,0,0,0,252656.671875,265000.0
2692,1,0,3,1,0.0,2.0,4,1,0,1,1,4,0,0,0,1,0,0,1,0,0,0,0,0,1,0,1,0,0,1,0,0,0,0,1,0,0,0,0,0,1,0,0,0,1,0,0,0,0,0,460360.84375,460000.0
4522,1,4,2,1,22.0,5.0,4,1,1,1,0,0,1,0,0,0,0,0,0,0,0,0,0,0,1,0,0,0,0,0,0,0,0,0,0,0,0,0,0,0,0,0,0,0,1,0,0,0,0,0,203263.96875,200000.0
4518,1,7,2,1,1.0,5.0,2,1,1,1,1,2,1,0,0,0,0,0,0,0,0,0,0,0,0,0,0,0,0,0,0,0,0,1,0,0,0,0,0,0,0,0,1,0,0,0,0,0,0,0,131396.625,135000.0
4570,1,7,2,1,0.0,1.0,3,1,1,1,1,3,0,0,0,1,0,0,1,0,0,0,0,0,1,0,0,0,0,0,0,0,0,0,0,0,0,0,0,0,0,0,0,1,1,0,0,0,0,0,192789.6875,185000.0
3929,1,7,2,1,0.0,0.0,3,1,1,1,0,5,0,0,0,1,0,0,1,0,0,0,0,0,1,0,1,0,0,0,0,0,0,0,0,0,0,0,0,1,1,0,0,0,0,0,0,0,0,0,242400.421875,190000.0
3782,1,7,1,3,0.0,5.0,3,1,0,0,1,6,0,0,0,1,0,1,1,0,0,0,0,0,1,0,0,1,0,0,0,0,0,0,0,0,0,0,0,0,0,0,0,0,1,0,0,0,0,0,248554.234375,140000.0
3788,1,7,1,1,0.0,6.0,2,1,0,1,0,6,0,0,0,1,0,1,1,0,0,0,0,0,0,0,1,0,0,1,1,0,0,0,0,0,0,0,0,0,1,0,0,0,1,0,0,0,0,0,261493.984375,145000.0
1318,1,6,2,1,0.0,2.0,3,1,0,1,0,1,0,0,0,0,0,0,1,0,0,0,0,0,0,0,0,0,1,0,0,0,0,0,0,0,0,0,0,0,0,0,0,1,0,0,0,0,0,0,179516.171875,235000.0
1249,1,7,2,1,0.0,1.0,3,1,0,1,1,1,0,0,0,0,0,0,0,1,0,0,0,0,0,0,0,1,1,0,0,0,0,0,0,0,0,0,0,0,0,0,0,0,1,0,0,0,0,0,164199.640625,160000.0
1246,1,6,0,1,0.0,1.0,3,1,0,1,0,2,0,0,0,0,0,0,0,1,0,0,0,0,0,1,0,0,0,0,0,0,0,0,0,0,0,0,0,1,0,0,0,1,0,0,0,0,0,0,95233.75,95000.0
1275,1,6,0,1,0.0,3.0,2,1,0,1,0,1,0,0,0,0,0,0,0,1,0,0,0,0,0,0,0,1,0,0,0,0,0,0,1,0,0,0,0,0,0,0,0,0,1,0,0,0,0,0,150250.75,150000.0
1321,1,6,4,1,0.0,3.0,4,1,0,2,1,5,0,0,0,1,1,0,0,0,0,0,0,0,1,0,1,1,0,0,0,0,0,0,0,0,0,0,0,1,0,0,0,0,1,0,0,0,0,0,355851.40625,350000.0
1221,1,7,3,1,0.0,2.0,3,1,1,2,1,3,0,0,0,0,0,0,1,0,0,0,0,0,1,0,0,0,0,1,1,0,1,0,0,0,0,0,0,0,0,0,1,0,0,0,0,0,0,0,471691.3125,475000.0
2671,1,2,2,1,0.0,1.0,2,1,1,1,0,0,1,0,0,0,0,0,0,0,0,0,0,0,0,0,0,0,0,0,0,0,0,0,0,0,0,0,0,0,0,0,0,0,1,0,0,0,0,0,189016.359375,187000.0
3646,1,6,2,1,0.0,2.0,2,1,0,1,1,2,1,0,0,0,0,0,0,0,0,0,0,0,1,0,0,0,0,0,0,0,0,0,0,0,0,0,0,0,0,0,0,0,1,0,0,0,0,0,306350.625,310000.0
3,1,6,2,1,0.0,0.0,2,1,1,1,1,0,0,1,0,0,0,0,1,0,0,0,0,0,0,0,0,0,0,0,0,0,0,0,1,0,0,0,0,0,1,0,1,0,0,0,0,0,0,0,86830.4921875,90000.0
27,0,3,0,1,0.0,2.0,1,1,1,1,0,2,0,1,0,0,0,0,1,0,0,0,0,0,0,0,0,0,0,0,0,0,0,0,1,0,0,0,0,0,1,0,0,0,1,0,0,0,0,0,533.1326904296875,450.0
3,0,3,2,1,0.0,1.0,2,1,1,1,1,0,0,1,0,0,0,0,1,0,0,0,0,0,0,0,0,0,0,0,0,0,0,0,1,0,0,0,0,0,1,0,1,0,0,0,0,0,0,0,745.0955810546875,500.0
19,0,3,5,1,0.0,4.0,2,1,2,1,1,2,0,0,0,1,1,0,0,0,0,0,0,0,1,0,0,1,0,0,0,0,0,0,1,0,0,0,0,0,1,0,0,0,1,0,0,0,0,0,301.0565490722656,1100.0
19,0,3,5,1,0.0,0.0,2,1,2,1,1,2,0,0,0,1,1,0,0,0,0,0,0,0,1,0,0,1,0,0,0,0,0,0,1,0,0,0,0,0,1,0,0,0,1,0,0,0,0,0,736.8143310546875,1050.0
3358,0,3,1,1,0.0,2.0,3,1,0,1,1,5,0,0,0,1,1,0,0,0,0,0,0,0,1,0,0,1,1,0,0,0,1,0,0,0,0,0,0,0,1,0,0,0,1,0,0,0,0,0,629.6619873046875,775.0
795,1,7,0,1,0.0,2.0,3,1,0,1,1,6,0,0,0,1,0,1,1,0,0,0,0,0,0,0,0,1,1,0,1,0,1,0,0,0,0,0,0,0,1,0,0,0,1,0,0,0,0,0,159047.078125,160000.0
3072,1,7,0,3,0.0,1.0,3,1,0,1,1,8,0,0,0,1,0,1,0,0,0,0,0,0,0,0,0,1,1,0,1,0,1,0,0,0,1,0,0,0,1,0,0,0,1,0,0,0,0,0,140816.640625,140000.0
3079,1,7,1,1,0.0,0.0,2,1,1,1,1,4,0,0,0,0,0,0,0,1,0,0,0,0,1,0,0,0,1,0,1,0,1,0,0,0,0,0,0,0,1,0,0,0,1,0,0,0,0,0,148305.8125,145950.0
790,0,3,0,1,0.0,1.0,2,1,0,1,0,3,0,0,0,0,0,0,1,1,0,0,0,0,1,0,0,0,0,0,0,0,1,0,0,0,0,0,0,0,1,0,0,0,1,0,0,0,0,0,755.9783935546875,575.0
801,1,7,1,1,0.0,0.0,2,1,0,1,0,5,0,0,0,1,1,0,0,0,0,0,0,0,1,0,0,1,0,0,0,0,1,0,0,0,0,0,0,0,0,0,0,0,1,0,0,0,0,0,172181.515625,170000.0
3355,1,7,0,1,0.0,1.0,3,1,0,1,1,2,0,0,0,0,0,0,0,1,0,0,0,0,1,0,0,0,1,0,1,0,1,0,0,0,0,0,0,0,0,0,0,0,1,0,0,0,0,0,149042.328125,150000.0
786,1,7,0,1,0.0,1.0,3,1,0,1,1,3,0,0,0,0,0,0,0,1,0,0,0,0,1,0,0,0,0,0,0,0,1,0,0,0,0,0,0,0,1,0,0,0,1,0,0,0,0,0,113839.2734375,115000.0
792,1,7,0,1,0.0,1.0,2,1,0,1,1,3,0,0,0,0,0,0,0,1,0,0,0,0,0,0,0,0,1,0,1,0,1,0,0,0,0,0,0,0,1,0,0,0,1,0,0,0,0,0,114265.9140625,110000.0
3086,1,7,1,1,0.0,0.0,4,1,0,2,1,6,0,0,0,1,0,0,1,0,0,0,0,0,1,0,0,1,0,1,0,0,1,0,0,0,0,0,0,0,1,0,0,0,1,0,0,0,0,0,255373.8125,255000.0
3071,1,7,0,1,0.0,1.0,3,1,0,1,1,6,0,0,0,1,1,0,1,0,0,0,0,0,0,0,0,1,1,0,1,0,1,0,0,0,0,0,0,0,0,0,0,0,1,0,0,0,0,0,182752.421875,180000.0
3076,1,7,1,1,0.0,1.0,2,1,0,1,0,6,0,0,0,1,1,0,0,0,0,0,0,0,1,0,0,1,0,0,1,0,1,0,0,0,0,0,0,0,1,0,0,0,1,0,0,0,0,0,282836.6875,280000.0
3374,1,7,1,1,35.0,2.0,2,1,0,1,1,6,0,0,0,1,1,0,0,0,0,0,0,0,0,0,0,1,0,0,1,0,1,0,0,0,0,0,0,0,1,0,0,0,1,0,0,0,0,0,188453.828125,185000.0
789,1,7,0,1,0.0,1.0,3,1,0,1,1,4,0,0,0,1,1,0,0,0,0,0,0,0,1,0,0,0,1,0,1,0,1,0,0,0,0,0,0,0,1,0,0,0,1,0,0,0,0,0,187948.609375,160000.0
3367,1,7,0,1,0.0,1.0,3,1,0,1,1,5,0,0,0,1,0,0,1,0,0,0,0,0,1,0,0,1,0,0,1,0,1,0,0,0,0,0,0,0,1,0,0,0,1,0,0,0,0,0,196034.109375,195000.0
3362,1,7,0,1,0.0,1.0,3,1,0,1,1,4,0,0,0,0,0,0,1,0,0,0,0,0,1,0,0,0,1,0,1,0,1,0,0,0,0,0,0,0,1,0,0,0,1,0,0,0,0,0,194343.03125,195000.0
3086,1,7,1,1,14.0,1.0,4,1,2,1,1,4,0,0,0,1,0,0,1,0,0,0,0,0,0,0,0,0,0,0,1,0,1,0,0,0,0,0,0,0,1,0,0,0,1,0,0,0,0,0,192554.828125,195000.0
3356,1,7,0,1,0.0,1.0,3,1,0,1,1,6,0,0,0,1,1,0,1,0,0,0,0,0,0,0,0,0,1,1,1,0,1,0,0,0,0,0,0,0,1,0,0,0,1,0,0,0,0,0,220733.703125,210000.0
781,1,7,0,1,0.0,1.0,2,1,1,0,1,5,0,0,0,1,1,0,1,0,0,0,0,0,1,0,0,1,1,0,0,0,1,0,0,0,0,0,0,0,1,0,0,0,1,0,0,0,0,0,130512.0859375,120000.0
3089,1,7,0,1,0.0,1.0,3,1,0,1,0,6,0,0,0,1,1,0,1,0,0,0,0,0,0,0,0,0,1,0,1,0,1,0,0,0,0,0,0,0,1,0,1,0,0,0,0,0,0,0,188195.0625,190000.0
3377,1,7,0,1,0.0,1.0,2,1,0,1,0,3,0,1,0,0,0,0,1,0,0,0,0,0,0,0,0,0,0,0,0,0,1,0,0,0,0,0,0,0,0,0,1,0,0,0,0,0,0,0,89357.515625,90000.0
3320,1,7,1,1,0.0,1.0,3,1,0,0,1,5,0,0,0,1,1,1,0,0,0,0,0,0,0,0,0,1,0,0,1,0,1,0,0,0,0,0,0,0,1,0,0,0,1,0,0,0,0,0,268686.5625,265000.0
2535,1,6,1,1,0.0,2.0,3,1,1,1,1,0,0,0,0,0,0,0,0,1,0,0,0,0,1,0,0,1,1,0,0,0,0,0,0,0,0,0,0,0,0,0,1,0,0,0,0,0,0,0,203726.9375,200000.0
1369,0,3,1,1,0.0,8.0,2,1,1,1,1,0,0,0,0,1,0,0,0,0,0,0,0,0,1,0,0,0,0,0,0,0,0,0,0,0,0,0,0,0,0,0,0,0,1,0,0,0,0,0,802.6580810546875,650.0
2536,1,6,5,1,0.0,2.0,4,1,1,2,1,1,0,0,0,1,1,0,1,0,0,0,0,0,1,0,0,0,1,0,0,0,0,0,0,0,0,0,0,0,1,0,0,0,0,0,1,0,0,0,400140.84375,400000.0
1371,1,6,4,1,0.0,3.0,4,1,1,2,1,3,0,0,0,1,0,0,0,0,0,0,0,0,1,0,0,1,0,0,0,0,0,0,0,0,0,0,0,0,1,0,0,0,1,0,0,0,0,0,389617.25,375000.0
1423,0,3,2,1,0.0,2.0,2,1,1,1,1,0,0,0,0,0,0,0,0,1,0,0,0,0,1,0,0,1,0,0,0,0,0,0,0,0,0,0,0,0,0,0,0,0,1,0,0,0,0,0,799.6580810546875,600.0
1341,1,6,3,1,0.0,0.0,2,1,1,1,1,1,0,0,0,0,0,0,0,1,0,0,0,0,0,0,0,0,0,0,0,0,0,0,0,0,0,0,0,0,1,0,0,0,1,0,0,0,0,0,322788.1875,325000.0
4733,0,3,4,1,0.0,2.0,2,0,1,1,0,2,1,0,0,0,0,0,1,0,1,0,0,0,1,1,1,0,0,0,0,0,0,1,0,0,0,0,0,0,0,1,1,0,0,0,0,0,0,0,1529.9891357421875,1600.0
4733,0,3,4,1,0.0,0.0,2,0,1,1,0,2,1,0,0,0,0,0,1,0,1,0,0,0,1,1,1,0,0,0,0,0,0,1,0,0,0,0,0,0,0,1,1,0,0,0,0,0,0,0,1860.7069091796875,1750.0
4981,1,6,4,1,6.0,10.0,5,1,0,2,1,11,0,0,0,1,1,0,1,0,0,0,0,0,0,0,1,1,0,0,1,0,0,0,0,0,0,0,0,1,1,0,0,1,0,0,0,0,0,0,272322.375,270000.0
4826,1,7,1,1,0.0,3.0,2,1,1,1,0,7,0,1,0,0,0,0,0,1,0,0,0,0,1,0,0,1,1,0,0,0,0,0,0,0,0,0,0,1,1,0,0,1,0,0,0,0,0,0,138371.703125,135000.0
4829,1,7,2,1,0.0,4.0,3,1,1,1,1,4,0,0,0,1,1,0,1,0,0,0,0,0,1,0,0,1,0,1,0,0,0,0,0,0,0,0,0,0,1,0,0,1,1,0,0,0,0,0,265898.4375,270000.0
4820,1,7,2,1,0.0,4.0,4,1,0,1,1,7,0,0,0,1,1,0,1,0,0,0,0,0,1,0,1,1,0,0,0,0,0,0,0,0,0,0,0,1,1,0,0,0,1,0,0,0,0,0,291894.5,290000.0
4844,1,7,2,3,0.0,0.0,3,1,1,2,1,5,0,0,0,1,1,0,1,0,0,0,0,0,1,0,1,1,0,0,0,0,0,0,0,0,0,0,0,0,1,0,0,1,1,0,0,0,0,0,187771.828125,190000.0
4844,1,7,2,3,0.0,1.0,3,1,1,2,1,5,0,0,0,1,1,0,1,0,0,0,0,0,1,0,1,1,0,0,0,0,0,0,0,0,0,0,0,1,1,0,0,1,0,0,0,0,0,0,157365.09375,190000.0
4865,1,7,2,1,0.0,0.0,3,1,0,2,1,6,1,0,0,1,0,0,1,0,0,0,0,0,1,0,1,1,0,0,0,0,0,0,0,0,0,1,0,1,1,0,0,1,0,0,0,0,0,0,262915.8125,260000.0
4872,1,7,1,1,0.0,1.0,3,1,0,2,1,5,1,0,0,1,0,0,1,0,0,0,0,0,1,0,0,0,1,0,1,0,0,0,0,0,0,0,0,0,1,0,0,1,1,0,0,0,0,0,154731.859375,150000.0
4867,1,6,1,1,0.0,2.0,3,1,1,1,1,4,0,1,0,0,0,0,0,1,0,0,0,0,1,0,0,1,0,1,0,0,0,0,0,0,0,0,0,1,1,0,0,1,0,0,0,0,0,0,188878.96875,185000.0
4831,1,7,4,1,0.0,3.0,4,1,0,2,1,9,0,0,0,1,1,0,1,0,0,0,0,0,0,0,0,1,0,1,1,0,0,0,0,0,0,0,0,0,1,0,0,1,1,0,0,0,0,0,372457.625,372000.0
4816,1,7,0,1,0.0,5.0,2,1,1,1,1,2,1,1,0,0,0,0,1,0,0,0,0,0,0,1,1,0,0,1,0,0,0,0,0,0,0,0,0,0,1,0,0,1,1,0,0,0,0,0,122195.734375,125000.0
4977,1,7,1,1,0.0,3.0,3,1,0,1,1,6,0,0,0,1,1,0,1,0,0,0,0,0,1,0,1,1,0,0,0,0,0,0,0,0,0,0,0,1,1,0,0,0,1,0,0,0,0,0,186797.109375,185000.0
4875,1,7,3,1,0.0,3.0,3,1,0,1,0,12,0,0,0,0,1,0,1,0,0,0,0,0,1,0,0,1,0,1,0,0,0,0,0,0,0,0,0,1,1,0,0,0,0,0,0,0,0,0,353394.0,350000.0
4824,1,7,1,1,0.0,5.0,2,1,0,2,1,4,1,0,0,1,0,0,1,0,0,0,0,0,1,0,0,1,0,1,0,0,0,0,0,0,0,0,0,1,1,0,0,1,0,0,0,0,0,0,167570.40625,170000.0
4945,1,7,1,1,0.0,4.0,2,1,0,1,1,8,0,0,0,0,0,0,0,1,0,0,0,0,1,0,0,1,1,0,0,0,0,0,0,0,0,0,0,1,0,0,0,1,1,0,0,0,0,0,238347.046875,240000.0
4858,1,7,0,1,0.0,3.0,1,1,1,1,1,5,1,1,0,0,0,0,1,0,0,0,0,0,0,1,0,0,1,1,0,0,0,0,0,0,0,0,0,1,0,0,1,0,0,0,0,0,0,0,106675.4765625,108000.0
4827,1,7,3,1,0.0,1.0,3,1,0,1,1,12,0,0,0,1,0,0,1,0,0,0,0,0,1,0,0,1,0,1,0,0,0,0,0,0,0,0,0,1,1,0,0,1,0,0,0,0,0,0,288219.0,280000.0
4868,1,7,3,1,0.0,7.0,3,1,0,1,0,13,0,0,0,1,1,0,1,0,0,0,0,0,1,0,1,0,0,1,0,0,0,0,0,0,0,0,0,1,1,0,0,0,1,0,0,0,0,0,434962.71875,425000.0
4856,1,7,2,1,0.0,7.0,3,1,0,1,1,7,1,1,0,0,0,0,1,0,0,0,0,0,1,1,1,0,0,0,0,0,1,0,0,1,0,0,0,1,1,0,0,1,0,0,0,0,0,0,208416.828125,210000.0
4851,1,7,1,1,6.0,2.0,2,1,0,1,1,2,1,0,0,0,0,1,1,0,0,0,0,0,0,1,0,0,0,1,0,1,0,1,0,0,0,1,0,0,0,0,0,0,1,0,0,0,0,0,189138.65625,220000.0
4037,0,3,4,1,0.0,8.0,4,1,0,2,1,2,0,0,0,1,1,0,1,0,0,0,0,0,1,0,0,1,0,0,0,0,0,0,1,0,0,0,0,0,1,0,0,0,1,0,0,0,0,0,1188.9783935546875,1595.0
620,1,7,2,1,0.0,1.0,2,1,1,1,1,4,0,0,0,1,1,0,1,0,0,0,0,0,1,0,0,1,1,0,0,0,0,0,0,0,0,0,0,0,1,0,0,1,1,0,0,0,0,0,205820.890625,205000.0
427,1,7,4,1,0.0,0.0,4,1,1,1,1,8,0,0,0,1,1,0,1,0,0,0,0,0,0,0,1,0,1,0,1,0,0,0,0,0,0,1,0,0,1,0,0,0,1,0,0,0,0,0,560605.25,575000.0
1885,1,7,0,1,0.0,3.0,2,1,1,1,0,2,0,0,0,0,0,0,0,1,0,0,0,0,0,0,1,1,0,0,0,0,0,0,0,0,0,0,0,0,0,0,0,0,1,0,0,0,0,0,52192.9921875,50000.0
1964,1,7,3,1,0.0,1.0,3,1,1,1,1,3,0,0,0,1,1,0,1,0,0,0,0,0,0,0,0,1,0,0,1,0,0,0,0,0,0,0,0,0,0,0,0,0,1,0,0,0,0,0,185558.078125,185000.0
228,1,7,2,1,0.0,2.0,4,1,1,1,1,5,0,0,0,1,0,0,1,0,0,0,0,0,0,0,0,1,1,0,1,0,0,0,0,0,0,0,0,0,0,0,0,0,1,0,0,0,0,0,176649.828125,179950.0
1909,1,7,2,1,0.0,1.0,3,1,1,1,1,6,0,0,0,1,1,0,1,0,0,0,0,0,1,0,0,1,1,0,0,0,0,0,0,0,0,0,0,0,0,0,0,0,1,0,0,0,0,0,196624.671875,195000.0
1995,1,6,3,1,0.0,2.0,4,1,2,1,1,9,0,0,0,1,1,0,1,0,0,0,0,0,0,0,1,1,0,1,0,0,0,0,0,0,0,0,0,0,0,0,0,0,1,0,0,0,0,0,281205.625,275000.0
1959,1,4,0,1,0.0,2.0,2,1,1,1,0,1,0,0,0,0,0,0,0,1,0,0,0,0,0,0,0,1,0,0,1,0,0,0,0,0,0,0,0,0,0,0,0,0,1,0,0,0,0,0,85566.7421875,85000.0
1999,1,7,5,1,0.0,1.0,4,1,1,1,1,12,0,0,0,1,1,0,1,0,0,0,0,0,0,0,0,1,0,1,1,0,0,0,0,0,0,0,0,0,0,0,0,0,1,0,0,0,0,0,518321.375,525000.0
1961,1,4,1,1,0.0,1.0,3,1,1,1,1,4,0,0,0,0,0,0,0,1,0,0,0,0,0,0,1,1,0,0,1,0,0,0,0,0,0,0,0,0,0,0,0,0,1,0,0,0,0,0,161702.609375,160000.0
2003,1,7,6,1,0.0,0.0,4,1,1,1,0,13,0,0,0,1,0,0,1,0,0,0,0,0,0,0,0,0,1,1,1,0,0,0,0,0,0,0,0,0,0,0,0,0,1,0,0,0,0,0,527381.875,525000.0
261,1,7,3,1,2.0,0.0,5,1,1,1,1,5,0,0,0,0,0,0,0,1,0,0,0,0,0,0,0,0,1,0,1,0,0,0,0,0,0,0,0,0,0,0,0,0,0,0,0,0,0,0,300403.375,299950.0
1889,1,7,0,4,0.0,4.0,2,1,1,1,1,3,0,0,0,0,0,0,0,1,0,0,0,0,0,0,1,1,0,0,1,0,0,0,0,0,0,0,0,0,0,0,0,0,0,0,0,0,0,0,81443.796875,80000.0
1907,1,7,3,1,0.0,1.0,3,1,1,1,1,9,0,0,0,1,1,0,1,0,0,0,0,0,0,0,1,0,1,0,1,0,0,0,0,0,0,0,0,0,0,0,0,0,1,0,0,0,0,0,200081.359375,199950.0
1962,1,7,1,1,0.0,0.0,3,1,1,1,1,6,0,0,0,1,0,0,1,1,0,0,0,0,0,0,0,1,0,0,1,0,0,0,0,0,0,0,0,0,0,0,0,0,1,0,0,0,0,0,167122.53125,170000.0
267,1,7,2,3,0.0,1.0,2,1,1,0,1,5,0,0,0,0,1,0,1,0,0,0,0,0,0,0,0,1,1,0,1,0,0,0,0,0,0,0,0,0,0,0,0,0,0,0,0,0,0,0,169822.421875,170000.0
1895,1,7,0,1,0.0,2.0,3,1,1,1,0,3,0,0,0,0,0,0,0,1,0,0,0,0,0,0,1,1,0,0,1,0,0,0,0,0,0,0,0,0,0,0,0,0,1,0,0,0,0,0,107129.9140625,105000.0
1970,1,7,0,1,0.0,0.0,2,1,1,0,1,4,0,0,0,0,1,0,1,0,0,0,0,0,0,0,0,1,1,0,1,0,0,0,0,0,0,0,0,0,0,0,0,0,1,0,0,0,0,0,139055.703125,140000.0
1948,0,3,3,1,0.0,4.0,3,1,1,1,1,4,0,0,0,1,0,0,1,0,0,0,0,0,0,0,1,1,0,0,1,0,0,0,0,0,0,0,0,0,0,0,0,0,1,0,0,0,0,0,634.6033935546875,595.0
1256,1,7,0,1,0.0,1.0,4,1,1,1,1,4,0,0,0,0,0,0,0,1,0,0,0,0,0,0,1,1,0,0,1,0,0,0,0,0,0,0,0,0,0,0,0,0,1,0,0,0,0,0,168130.78125,165000.0
1969,1,7,0,1,0.0,4.0,3,1,1,1,1,2,0,0,0,1,0,0,1,0,0,0,0,0,1,0,0,1,1,0,0,0,0,0,0,0,0,0,0,0,0,0,0,0,1,0,0,0,0,0,82864.0234375,80000.0
1899,1,7,0,1,0.0,2.0,3,1,1,1,1,3,0,0,0,1,1,0,1,0,0,0,0,0,0,0,1,1,0,0,1,0,0,0,0,0,0,0,0,0,0,0,0,0,1,0,0,0,0,0,120464.3515625,120000.0
1880,1,7,2,1,0.0,1.0,4,1,1,1,1,4,0,0,0,0,0,0,0,1,0,0,0,0,0,0,0,1,0,0,1,0,0,0,0,0,0,0,0,0,0,0,0,0,1,0,0,0,0,0,183177.828125,180000.0
1977,1,7,2,1,0.0,1.0,3,1,1,1,2,2,0,0,0,1,1,0,1,0,0,0,0,0,0,0,1,0,0,0,1,1,0,0,0,0,0,0,0,0,0,0,0,0,1,0,0,0,0,0,180770.328125,185000.0
334,1,7,2,1,0.0,2.0,3,1,1,1,1,6,0,0,0,1,1,0,1,0,0,0,0,0,0,0,1,1,0,0,1,0,0,0,0,0,0,0,0,0,0,0,0,0,1,0,0,0,0,0,166866.671875,160000.0
225,1,7,1,1,0.0,1.0,2,1,1,1,1,3,0,0,0,0,0,0,0,1,0,0,0,0,0,0,0,0,0,0,0,0,0,0,0,0,0,0,0,0,0,0,0,0,1,0,0,0,0,0,91303.3671875,90000.0
1888,1,7,0,1,0.0,2.0,2,1,1,1,1,2,0,0,0,0,0,0,0,1,0,0,0,0,0,0,0,1,0,0,1,0,0,0,0,0,0,0,0,0,0,0,0,0,1,0,0,0,0,0,89739.5078125,90000.0
252,1,7,0,1,0.0,1.0,4,1,1,1,1,3,0,0,0,1,0,0,1,0,0,0,0,0,0,0,0,1,0,0,0,0,0,0,0,0,0,0,0,0,0,0,0,0,1,0,0,0,0,0,143145.046875,115000.0
1262,1,7,1,1,0.0,0.0,5,1,1,1,1,4,0,0,0,1,0,0,1,0,0,0,0,0,0,0,0,1,1,0,1,0,0,0,0,0,0,0,0,0,0,0,0,0,1,0,0,0,0,0,208732.578125,210000.0
1902,0,3,0,1,0.0,3.0,3,1,1,1,1,2,0,0,0,1,0,0,0,1,0,0,0,0,0,0,0,1,1,0,1,0,0,0,0,0,0,0,0,0,0,0,0,0,1,0,0,0,0,0,670.4783935546875,550.0
1975,0,3,0,1,0.0,0.0,2,1,1,1,1,2,0,0,0,0,0,0,0,1,0,0,0,0,0,1,0,0,0,0,0,0,0,0,0,0,0,0,0,0,0,0,0,0,1,0,0,0,0,0,0.0,475.0
214,0,3,0,1,0.0,5.0,3,1,1,1,1,2,0,0,0,0,0,0,0,1,0,0,0,0,1,0,0,1,0,0,0,0,1,0,0,0,0,0,0,0,0,0,0,0,1,0,0,0,0,0,539.5408935546875,600.0
2000,1,7,2,1,0.0,5.0,3,1,1,1,1,2,0,0,0,1,1,0,1,0,0,0,0,0,0,0,0,1,1,0,1,0,0,0,0,0,0,0,0,0,0,0,0,0,1,0,0,0,0,0,197593.0,200000.0
1904,1,6,2,1,0.0,4.0,4,1,1,1,1,5,0,0,0,1,0,0,0,1,0,0,0,0,0,0,1,1,0,0,1,0,0,0,0,0,0,0,0,0,0,0,0,0,1,0,0,0,0,0,183016.84375,180000.0
437,1,2,1,1,0.0,0.0,2,1,1,0,0,1,0,0,0,0,1,0,1,0,0,1,0,0,0,0,0,0,0,0,0,0,0,0,0,0,0,0,0,1,0,0,0,1,1,0,0,0,0,0,445404.875,450000.0
441,1,4,1,1,0.0,5.0,1,1,1,1,0,2,0,0,0,0,0,0,0,1,0,0,0,0,0,0,0,0,0,0,0,0,0,0,1,0,0,0,0,1,0,0,0,0,1,0,0,0,0,0,329017.75,325000.0
444,0,3,1,1,0.0,0.0,2,1,0,1,0,1,0,0,0,0,0,0,0,1,0,0,0,0,1,1,0,0,0,1,0,0,0,0,1,0,0,0,0,1,0,0,0,1,1,0,0,0,0,0,1237.2518310546875,1275.0
431,0,3,0,1,0.0,1.0,1,1,0,1,1,0,0,0,0,0,0,0,0,0,0,0,0,0,0,0,0,0,0,0,0,0,0,0,0,0,0,0,0,0,0,0,1,0,0,0,0,0,0,0,524.9354248046875,750.0
426,0,3,5,1,0.0,1.0,4,1,1,1,0,3,0,0,0,1,1,0,1,0,0,0,0,0,1,0,0,1,0,0,0,1,1,0,0,0,0,0,0,1,1,0,0,0,1,0,0,0,0,0,786.3065185546875,2000.0
456,0,3,0,1,0.0,6.0,1,1,1,2,0,1,0,0,0,0,0,0,0,1,0,0,0,1,0,0,0,0,0,0,0,0,0,0,1,0,0,0,0,0,1,0,0,1,1,0,0,0,0,0,424.6913146972656,825.0
469,0,3,0,1,0.0,3.0,1,1,1,1,0,0,0,0,0,0,0,0,0,1,0,0,0,0,1,0,1,0,0,1,0,0,0,0,1,0,0,0,0,1,0,0,0,1,1,0,0,0,0,0,876.6307373046875,1000.0
406,0,3,1,1,0.0,1.0,2,1,1,1,0,0,0,0,0,0,0,0,0,0,1,1,0,1,0,1,0,0,0,0,0,0,0,0,1,0,0,0,0,0,0,0,1,0,0,0,0,0,0,0,662.0457763671875,1100.0
465,0,3,2,1,0.0,0.0,2,0,1,1,0,1,0,0,0,0,0,0,0,1,0,0,0,0,0,0,1,1,0,1,0,0,1,0,0,0,0,0,0,0,0,0,0,1,1,0,0,0,0,0,1051.5721435546875,1750.0
483,1,4,3,2,0.0,6.0,3,1,3,1,2,1,1,0,0,1,1,0,0,0,0,0,0,0,1,0,0,1,0,1,0,0,1,0,0,0,0,0,0,0,0,0,0,0,0,0,0,0,0,0,420003.9375,425000.0
450,0,3,0,1,0.0,4.0,1,1,1,1,1,2,0,0,0,0,0,0,0,1,0,0,0,0,0,0,0,0,0,0,0,0,0,0,1,0,0,0,0,0,0,0,1,0,0,0,0,0,0,0,717.2283935546875,765.0
423,1,6,1,1,0.0,0.0,1,1,1,1,1,1,0,0,0,0,0,0,0,1,0,0,0,0,0,0,0,0,0,0,0,0,1,0,0,0,0,0,0,1,1,0,0,0,1,0,0,0,0,0,134208.171875,250000.0
456,0,3,0,1,0.0,3.0,1,1,1,1,0,1,0,0,0,0,0,0,0,0,1,0,0,0,1,0,0,0,0,1,1,0,0,0,1,0,0,0,0,1,1,0,0,0,1,0,0,0,0,0,1046.4862060546875,1000.0
457,0,3,0,1,0.0,0.0,1,1,1,1,0,1,0,0,0,0,0,0,0,1,0,0,0,1,1,0,1,0,0,1,0,0,0,0,1,0,0,0,0,1,1,0,0,0,1,0,0,0,0,0,0.0,1030.0
484,1,6,1,1,0.0,0.0,1,1,1,1,0,1,0,0,0,1,0,0,1,0,0,1,0,0,1,0,0,0,1,1,0,0,1,0,0,0,0,0,0,1,1,0,0,0,1,0,0,0,0,0,173466.546875,290000.0
403,1,2,1,1,0.0,1.0,2,1,1,1,0,1,0,0,0,0,0,0,0,1,1,0,0,0,0,0,1,0,1,1,0,0,1,0,0,0,0,0,0,1,1,0,0,0,1,0,0,0,0,0,400168.625,400000.0
474,1,4,1,1,0.0,0.0,2,1,1,1,1,1,1,0,0,0,0,0,1,0,0,1,0,0,0,0,0,0,0,0,0,0,0,0,1,0,0,0,0,0,0,0,0,1,1,0,0,0,0,0,320941.1875,325000.0
448,0,3,1,1,0.0,1.0,2,1,1,2,0,0,0,0,0,0,0,0,0,1,0,0,0,0,0,0,0,0,0,0,0,0,0,0,1,0,0,0,0,1,1,0,0,0,1,0,0,0,0,0,1105.6112060546875,1450.0
412,1,2,2,1,0.0,3.0,3,1,1,2,1,3,0,0,0,1,0,0,1,0,0,1,0,0,1,0,0,0,0,1,1,0,1,0,0,0,0,0,0,1,1,0,0,0,1,0,0,0,0,0,354410.96875,350000.0
3637,1,6,5,1,0.0,4.0,5,1,2,1,0,11,0,0,0,1,1,0,1,0,0,0,0,0,1,0,1,0,0,1,0,0,0,0,0,0,0,0,0,1,1,0,0,0,1,0,0,0,0,0,556299.5,550000.0
3594,1,6,1,1,0.0,1.0,3,1,1,1,0,4,0,0,0,1,1,0,0,0,0,0,0,0,0,0,0,0,1,1,0,0,0,0,1,0,0,0,0,0,1,0,0,0,1,0,0,0,0,0,156580.046875,160000.0
5338,1,7,1,1,0.0,0.0,4,1,1,1,0,3,0,0,0,1,0,0,1,0,0,0,0,0,1,0,0,1,0,1,0,0,0,0,1,0,0,0,0,0,1,1,0,0,1,0,0,0,0,0,183541.765625,170000.0
3593,1,6,4,1,0.0,2.0,4,1,0,2,1,10,0,0,0,1,1,0,1,0,0,0,0,0,1,0,1,0,0,1,0,0,0,0,1,0,0,0,0,0,1,0,0,0,1,0,0,0,0,0,423453.53125,425000.0
3612,1,7,4,1,10.0,5.0,2,1,1,0,0,4,1,0,0,0,0,1,1,0,0,0,0,0,0,1,0,0,0,0,0,0,0,1,0,0,0,0,0,1,1,0,0,0,1,0,0,0,0,0,196318.75,200000.0
2514,1,4,5,1,0.0,0.0,4,1,1,1,1,7,0,0,0,1,0,0,1,0,0,1,0,0,0,0,1,1,0,1,0,0,1,0,0,0,0,0,0,0,1,0,0,0,1,0,0,0,0,0,545247.375,550000.0
2537,1,6,4,1,11.0,12.0,3,1,1,2,1,4,1,0,0,1,0,0,1,0,0,0,0,0,1,0,0,0,1,1,0,0,1,0,0,0,0,0,0,0,1,0,0,0,1,0,0,0,0,0,502333.25,365000.0
269,1,4,1,1,0.0,6.0,3,1,1,2,1,5,0,0,0,1,0,0,1,0,0,0,0,0,1,0,0,0,0,1,0,1,0,0,0,0,0,0,0,0,1,0,0,0,1,0,0,0,0,0,159114.703125,160000.0
1042,1,4,1,1,0.0,2.0,2,1,1,2,1,1,0,0,0,0,0,0,0,1,0,0,0,0,0,0,1,1,0,0,1,0,0,0,0,0,0,0,0,0,1,0,0,0,1,0,0,0,0,0,231518.796875,230000.0
1036,0,3,1,1,0.0,1.0,3,1,1,0,1,0,0,0,0,0,0,0,0,0,0,0,0,0,0,0,0,0,0,0,1,0,0,0,0,0,0,0,0,0,1,0,0,0,1,0,0,0,0,0,827.1190185546875,1000.0
1032,0,3,1,1,0.0,4.0,2,1,1,0,1,0,0,0,0,0,0,0,0,0,0,0,0,0,0,0,0,0,0,0,0,0,0,0,0,0,0,0,0,0,0,0,0,1,1,0,0,0,0,0,459.0370178222656,750.0
1034,1,2,0,1,0.0,1.0,1,1,1,0,0,1,0,0,0,0,0,0,0,0,0,0,0,0,0,0,0,0,0,0,0,0,0,0,0,0,0,0,0,0,1,0,0,1,1,0,0,0,0,0,107683.2265625,110000.0
1043,1,4,3,1,0.0,1.0,2,1,0,1,1,1,0,1,0,0,1,0,0,0,0,0,0,0,0,1,0,0,0,0,0,0,0,1,0,0,0,0,0,0,0,0,0,1,1,0,0,0,0,0,320719.8125,325000.0
1095,0,3,0,1,0.0,0.0,1,1,1,1,0,0,1,0,0,1,0,0,0,0,0,1,0,0,1,1,1,0,0,0,0,0,0,0,1,0,0,0,0,1,0,0,0,1,1,0,0,0,0,0,976.4490966796875,700.0
2329,1,4,5,1,0.0,2.0,4,1,1,1,1,7,0,0,0,1,1,0,1,0,0,0,0,0,0,0,1,0,1,0,1,0,0,0,0,0,0,0,0,0,0,0,0,0,1,0,0,0,0,0,450128.6875,450000.0
2326,1,7,3,1,0.0,0.0,3,1,1,2,1,8,0,0,0,1,1,0,1,0,0,0,0,0,0,0,0,0,0,0,1,0,0,0,0,0,0,0,0,0,0,0,0,0,1,0,0,0,0,0,356134.71875,350000.0
2437,1,4,4,1,3.0,3.0,4,1,0,2,1,8,0,0,0,1,1,0,1,0,0,0,0,0,0,0,1,0,1,0,1,0,0,0,0,0,0,0,0,0,0,0,0,0,1,0,0,0,0,0,356866.125,350000.0
3092,1,4,3,1,0.0,2.0,4,1,0,2,1,10,0,0,0,1,0,0,0,0,0,0,0,0,0,0,0,0,0,1,0,0,0,0,0,0,0,0,0,1,0,0,0,0,0,0,1,0,0,0,514042.4375,500000.0
2337,1,6,3,1,5.0,3.0,4,1,1,2,0,7,0,0,0,1,1,0,1,0,0,0,0,0,0,0,0,0,1,1,1,0,0,0,0,0,0,0,0,0,0,0,0,0,1,0,0,0,0,0,293146.5625,290000.0
2288,1,7,3,1,0.0,0.0,4,1,2,1,1,6,0,0,0,0,0,0,1,0,0,0,0,0,0,0,1,0,1,0,1,0,0,0,0,0,0,0,0,0,0,0,0,0,1,0,0,0,0,0,341471.5,350000.0
2299,1,7,6,3,0.0,3.0,4,1,2,3,1,11,0,0,0,1,1,0,1,0,0,0,0,0,0,0,1,0,1,1,0,0,0,0,0,0,0,0,0,0,0,0,0,0,1,0,0,0,0,0,550075.6875,550000.0
2275,1,7,2,1,0.0,2.0,4,1,1,1,1,8,0,0,0,1,1,0,1,0,0,0,0,0,0,0,1,0,0,1,1,0,0,0,0,0,0,0,0,0,0,0,0,0,1,0,0,0,0,0,220853.125,220000.0
2324,1,6,4,1,0.0,3.0,4,1,1,2,1,5,0,0,0,1,1,0,1,0,0,0,0,0,0,0,1,0,0,1,1,0,0,0,0,0,0,0,0,0,0,0,0,0,1,0,0,0,0,0,408896.09375,400000.0
2349,1,6,2,1,0.0,2.0,2,1,1,1,0,5,0,0,0,1,1,0,0,0,0,0,0,0,0,0,1,0,1,0,1,0,0,0,0,0,0,0,0,0,0,0,0,0,0,0,0,0,0,0,185356.046875,180000.0
2289,1,7,1,1,0.0,2.0,3,1,1,2,1,4,0,0,0,0,0,0,0,1,0,0,0,0,0,0,0,1,0,0,1,0,0,0,0,0,0,0,0,0,0,0,0,0,1,0,0,0,0,0,154112.703125,150000.0
2268,1,7,1,1,0.0,4.0,3,1,1,2,1,3,0,0,0,1,0,0,1,0,0,0,0,0,0,0,1,1,0,0,1,0,0,0,0,0,0,0,0,0,0,0,0,0,1,0,0,0,0,0,211299.75,210000.0
2339,1,6,0,1,0.0,4.0,2,1,1,1,1,5,0,0,0,0,0,0,0,1,0,0,0,0,0,0,1,0,1,0,1,0,0,0,0,0,0,0,0,0,0,0,0,0,1,0,0,0,0,0,130540.3671875,130000.0
2292,1,6,1,1,0.0,4.0,2,1,0,2,1,3,0,0,0,0,0,0,1,0,0,0,0,0,0,0,1,0,0,0,1,0,0,0,0,0,0,0,0,0,0,0,0,0,1,0,0,0,0,0,73084.9921875,70000.0
2308,1,0,1,1,0.0,1.0,3,1,0,1,1,5,0,0,0,1,0,0,1,0,0,0,0,0,0,0,1,0,1,0,1,0,0,0,0,0,0,0,0,0,0,0,0,0,1,0,0,0,0,0,192480.046875,190000.0
3110,0,3,0,1,0.0,8.0,4,1,0,1,0,2,0,0,0,0,0,0,0,0,1,0,0,0,0,0,0,0,1,0,0,0,0,0,0,0,0,0,0,0,0,0,0,1,1,0,0,0,0,0,613.6990966796875,560.0
3306,0,3,0,1,0.0,15.0,3,1,1,2,0,2,0,0,0,1,0,0,1,0,0,0,0,0,0,0,0,0,1,0,0,0,0,0,0,0,0,0,0,0,1,0,0,1,1,0,0,0,0,0,858.7850341796875,575.0
3067,0,3,0,1,0.0,9.0,2,1,1,2,1,1,0,0,0,0,0,0,0,0,0,0,0,0,0,0,0,0,0,0,0,0,0,0,0,0,0,0,0,0,0,0,0,0,1,0,0,0,0,0,657.2322998046875,600.0
3900,0,3,3,1,0.0,1.0,4,1,1,2,1,7,0,0,0,1,1,0,0,0,0,1,0,0,0,0,0,1,0,1,1,0,0,0,0,0,0,0,0,0,1,0,0,0,1,0,0,0,0,0,0.0,810.0
3881,1,2,1,1,0.0,1.0,2,1,1,1,1,4,0,0,0,0,0,0,0,1,0,0,0,0,0,0,0,0,0,0,0,0,0,1,0,0,0,0,0,0,0,0,1,0,0,0,0,0,0,0,88181.0859375,80000.0
3828,0,3,0,1,0.0,1.0,2,1,0,2,0,3,0,0,0,0,0,0,1,0,0,0,0,0,1,0,1,1,0,0,0,0,1,0,0,0,0,0,0,0,1,0,0,0,1,0,0,0,0,0,675.2728271484375,620.0
3781,1,6,3,1,1.0,8.0,4,1,1,1,1,9,0,0,0,1,1,1,0,0,0,0,0,0,1,0,0,0,1,1,0,0,0,0,1,0,0,0,0,0,1,0,0,0,1,0,0,1,0,0,379411.46875,375000.0
3839,1,4,4,1,0.0,1.0,3,1,0,1,2,9,0,0,0,1,1,0,0,0,0,0,0,0,1,0,0,1,0,0,0,0,0,0,1,0,0,0,0,0,1,0,0,0,1,0,0,0,0,0,317984.25,310000.0
3818,1,7,0,1,0.0,2.0,3,1,1,0,0,4,0,0,0,1,0,0,1,0,0,0,1,0,1,0,0,1,0,0,0,0,1,0,0,0,0,0,0,0,1,0,0,0,1,0,0,0,0,0,228483.515625,120000.0
3831,1,6,2,3,0.0,3.0,2,1,1,0,1,4,0,0,0,1,1,0,0,0,0,0,0,0,1,0,0,0,0,1,0,0,1,0,0,0,0,0,0,0,1,0,0,0,1,0,0,0,0,0,142059.609375,140000.0
311,0,3,1,1,0.0,1.0,2,1,1,1,0,3,1,0,0,0,0,0,0,0,0,1,0,0,0,1,0,0,0,0,0,0,0,0,1,0,0,0,0,0,1,0,0,1,1,0,0,0,0,0,728.2010498046875,625.0
815,0,3,2,1,0.0,6.0,2,1,1,1,0,1,0,0,0,0,0,0,0,1,0,0,0,0,1,0,0,1,0,0,1,0,0,0,1,0,0,0,0,1,1,0,0,0,1,0,0,0,0,0,439.6776428222656,440.0
300,1,7,0,1,0.0,1.0,1,1,1,0,1,3,1,0,0,0,0,0,1,0,0,0,0,0,0,0,0,0,0,0,0,0,0,0,1,0,0,0,0,0,1,0,1,0,0,0,0,0,0,0,80467.96875,83000.0
309,0,3,0,1,0.0,1.0,2,1,1,1,0,3,0,0,0,0,0,0,1,0,0,0,0,0,0,0,0,1,0,0,0,0,0,0,1,0,0,0,0,0,1,0,0,1,1,0,0,0,0,0,603.5330810546875,475.0
241,1,2,1,3,0.0,1.0,2,1,1,1,1,4,0,0,0,1,1,0,1,0,0,0,0,0,1,0,0,0,0,0,1,0,0,0,1,0,0,0,0,0,1,0,0,1,1,0,0,0,0,0,101009.640625,99950.0
309,0,3,0,1,0.0,1.0,2,1,1,1,0,3,0,0,0,0,0,0,1,0,0,0,0,0,0,0,0,1,0,0,0,0,0,0,1,0,0,0,0,0,1,0,0,1,1,0,0,0,0,0,603.5330810546875,475.0
309,0,3,0,1,0.0,0.0,2,1,1,1,0,3,0,0,0,0,0,0,1,0,0,0,0,0,0,0,0,1,0,0,0,0,0,0,1,0,0,0,0,0,1,0,0,1,1,0,0,0,0,0,591.7283935546875,475.0
3389,1,2,0,1,0.0,2.0,4,1,1,2,1,2,0,1,0,0,0,0,1,0,0,0,0,0,0,0,0,0,0,0,1,0,0,0,0,0,0,0,0,1,1,0,0,0,1,0,0,0,0,0,187304.046875,190000.0
3390,1,4,3,1,0.0,1.0,3,1,1,1,1,5,0,0,0,1,0,0,1,0,0,0,0,0,1,0,1,1,0,0,0,0,0,0,0,0,0,0,0,1,1,0,0,0,1,0,0,0,0,0,295963.4375,300000.0
109,0,3,1,1,0.0,2.0,2,1,1,1,1,5,0,0,0,0,1,0,1,0,0,0,0,0,0,0,1,1,0,0,1,0,0,0,0,0,0,0,0,0,1,0,0,0,1,0,0,0,0,0,542.9119873046875,675.0
105,0,3,0,1,0.0,6.0,1,1,1,1,1,2,1,0,0,0,0,0,0,0,0,0,0,0,0,0,0,0,0,0,0,0,0,0,1,0,0,0,0,0,1,0,0,0,1,0,0,0,0,0,715.7283935546875,495.0
105,0,3,1,1,0.0,4.0,2,2,1,1,0,2,1,0,0,0,0,0,1,0,0,0,0,0,0,0,0,0,0,0,0,0,0,0,1,0,0,0,0,0,1,0,0,0,1,0,0,0,0,0,498.8651428222656,625.0
105,0,3,1,1,0.0,4.0,2,2,1,1,0,2,1,0,0,0,0,0,1,0,0,0,0,0,0,0,0,0,0,0,0,0,0,0,1,0,0,0,0,0,1,0,0,0,1,0,0,0,0,0,498.8651428222656,625.0
105,0,3,1,1,0.0,1.0,2,2,1,1,0,2,1,0,1,0,0,0,0,0,0,0,0,0,0,0,0,0,0,0,0,0,0,0,1,0,0,0,0,0,1,0,0,0,1,0,0,0,0,0,508.0975646972656,625.0
3991,1,2,3,1,0.0,1.0,2,0,0,2,1,3,0,0,1,0,0,1,0,0,0,0,0,0,0,0,0,0,0,0,0,0,0,1,0,0,0,0,0,1,0,0,0,0,1,0,0,0,0,0,507112.9375,495000.0
1456,0,3,3,1,0.0,2.0,3,1,1,1,1,8,0,0,0,1,1,0,0,0,0,0,0,0,0,0,0,1,0,0,1,0,0,0,1,0,0,0,0,0,0,0,0,0,1,0,0,0,0,0,1282.7752685546875,1500.0
1455,1,2,3,1,4.0,4.0,3,1,1,1,1,8,0,0,0,1,0,0,1,0,0,0,0,0,0,0,0,0,0,1,0,0,0,0,1,0,0,0,0,0,0,0,0,0,1,0,0,0,0,0,409693.9375,400000.0
1498,1,2,4,1,4.0,5.0,3,1,2,1,1,7,0,0,0,1,1,0,0,0,0,0,0,0,1,0,0,1,0,0,0,1,0,0,1,0,0,0,0,0,1,0,0,0,1,0,0,0,0,0,491460.5,490000.0
1437,0,3,2,1,0.0,2.0,2,0,1,1,0,2,1,1,0,0,0,0,1,0,0,0,0,0,0,0,0,0,0,0,0,1,0,0,1,0,0,0,0,0,0,0,0,0,1,0,0,0,0,0,1132.6737060546875,1200.0
1437,0,3,2,1,0.0,1.0,2,0,1,1,0,2,1,1,0,0,0,0,0,0,0,0,0,0,0,0,0,0,0,0,0,1,0,0,1,0,0,0,0,0,1,0,0,0,1,0,0,0,0,0,1062.9588623046875,1200.0
1427,0,3,4,1,0.0,1.0,4,1,1,1,1,6,0,0,0,0,0,0,1,0,0,0,0,0,0,0,1,0,0,0,0,0,0,0,1,0,0,0,0,0,0,0,0,0,1,0,0,0,0,0,1681.0565185546875,1620.0
1429,0,3,2,1,0.0,1.0,2,1,1,1,1,3,1,1,0,0,0,0,0,0,0,0,0,0,0,0,0,0,0,0,0,0,0,0,1,0,0,0,0,0,0,0,0,0,1,0,0,0,0,0,1023.6033935546875,1050.0
3284,1,6,3,1,0.0,2.0,4,1,0,1,1,10,0,0,0,1,1,0,1,0,0,0,0,0,1,0,1,0,0,0,0,0,0,0,0,0,0,0,0,1,0,0,0,0,0,0,1,0,0,1,439070.75,325000.0
3276,0,3,4,1,0.0,1.0,4,1,2,1,0,10,0,0,0,1,1,0,1,0,0,0,0,0,1,0,1,0,0,1,0,0,0,0,0,0,0,0,0,1,0,0,0,0,0,0,1,0,0,0,945.2030029296875,1500.0
3124,1,6,2,1,2.0,3.0,4,1,2,0,0,8,0,0,0,0,0,0,0,1,0,0,0,0,0,0,0,0,1,0,0,0,0,0,0,0,0,0,0,0,0,0,0,0,1,0,0,0,0,0,262738.84375,250000.0
3281,0,3,3,1,0.0,1.0,4,1,1,1,1,8,0,0,0,1,1,0,0,0,0,1,0,0,1,0,1,0,1,0,0,0,0,0,0,0,0,0,0,0,0,0,0,0,1,0,0,0,0,0,568.4315185546875,1000.0
3396,1,4,1,3,0.0,9.0,3,1,0,1,1,5,0,0,0,1,0,0,1,0,0,1,0,0,0,0,1,0,0,1,1,0,0,0,1,0,0,0,0,0,1,0,0,0,1,0,0,0,0,0,251485.234375,250000.0
3408,1,4,4,1,0.0,4.0,5,1,0,1,1,5,1,0,0,1,1,0,0,0,0,0,0,0,1,1,0,0,1,0,0,0,1,0,0,0,0,1,0,0,1,0,0,0,1,0,0,1,0,0,432386.71875,425000.0
521,0,3,4,1,0.0,11.0,3,1,1,1,0,4,1,0,0,0,0,0,1,0,0,0,0,0,1,0,0,1,1,0,0,0,0,0,1,0,0,0,0,0,1,0,0,0,1,0,0,0,0,0,1315.6072998046875,875.0
2594,0,3,0,1,0.0,0.0,1,0,1,1,1,2,0,0,0,0,0,0,0,0,0,0,0,0,0,0,0,0,0,0,0,0,0,0,0,0,0,0,0,0,0,0,0,0,0,0,0,0,0,0,842.8182373046875,775.0
1559,0,3,1,1,0.0,4.0,2,1,0,1,1,4,1,0,0,0,0,0,1,0,0,0,0,0,1,0,0,0,0,0,0,0,1,0,0,0,0,0,0,0,1,0,0,0,1,0,0,0,0,0,619.5799560546875,550.0
1579,0,3,0,1,0.0,3.0,2,1,0,1,0,5,0,0,0,1,0,0,1,0,0,0,0,0,0,0,0,1,0,0,1,0,1,0,0,0,0,0,0,0,1,0,0,0,1,0,0,0,0,0,689.6717529296875,600.0
1658,0,3,2,1,0.0,2.0,3,1,0,1,1,7,0,0,0,1,0,0,1,0,0,0,0,0,0,0,0,1,0,0,1,0,1,0,0,0,0,0,0,0,1,0,0,0,1,0,0,0,0,0,497.5838928222656,725.0
5530,1,7,3,1,0.0,0.0,4,1,0,1,1,10,0,0,0,1,1,0,1,0,0,0,0,0,0,0,0,1,0,0,1,0,1,0,0,0,0,0,0,0,1,0,0,0,1,0,0,0,0,0,297772.9375,290000.0
1659,0,3,2,1,0.0,2.0,2,1,0,1,1,6,0,0,0,1,0,0,1,0,0,0,0,0,0,0,0,1,0,0,1,0,1,0,0,0,0,0,0,0,1,0,0,0,1,0,0,0,0,0,712.8416748046875,650.0
1519,1,2,3,1,0.0,1.0,3,1,0,1,1,9,0,0,0,1,1,0,0,0,0,0,0,0,0,0,0,1,0,0,1,0,1,0,0,0,0,0,0,0,1,0,0,0,1,0,0,0,0,0,211400.140625,210000.0
1770,0,3,0,1,0.0,0.0,2,1,0,1,1,5,0,0,0,0,0,0,0,1,0,0,0,0,1,0,1,0,0,0,1,0,0,0,1,0,0,0,0,0,1,0,0,1,1,0,0,0,0,0,638.8455810546875,550.0
1023,1,4,3,1,0.0,6.0,3,1,1,1,1,5,0,0,0,1,1,1,0,0,0,0,0,0,1,0,0,1,0,1,0,0,0,0,0,1,0,0,0,0,1,0,0,1,0,0,0,0,0,0,302548.53125,300000.0
2844,1,4,3,1,0.0,3.0,3,1,0,2,1,5,1,0,0,0,1,0,1,0,0,0,0,0,1,0,0,0,1,1,0,0,0,0,0,0,0,0,0,0,1,0,0,1,1,0,0,0,0,0,316345.875,315000.0
2880,1,4,2,1,0.0,1.0,3,1,0,1,1,5,1,0,0,1,0,0,1,0,0,0,0,0,1,0,0,1,0,0,1,0,0,0,1,0,0,0,0,0,1,0,0,1,1,0,0,0,0,0,264156.6875,260000.0
3021,0,3,2,1,0.0,1.0,3,1,1,1,1,4,0,0,0,1,0,0,1,0,0,0,0,1,0,0,0,0,1,1,1,0,0,0,1,0,0,0,0,1,1,0,0,0,1,0,0,0,0,0,0.0,1200.0
2792,1,4,2,1,0.0,1.0,2,1,1,1,1,3,0,0,0,0,0,0,0,1,0,0,0,0,1,0,0,0,0,1,1,0,0,0,1,0,0,0,0,1,1,0,0,0,1,0,0,0,0,0,259702.859375,260000.0
2889,1,4,3,1,0.0,5.0,3,1,1,0,1,6,1,0,0,1,1,0,0,0,0,0,0,0,1,0,0,0,0,0,1,0,0,0,1,0,0,0,0,0,1,0,0,1,1,0,0,0,0,0,306477.5,300000.0
2716,1,2,1,1,0.0,3.0,2,1,1,1,1,5,0,1,0,0,0,0,1,0,0,0,0,0,1,0,0,0,0,1,1,0,0,0,1,0,0,0,0,0,1,0,0,1,1,0,0,0,0,0,296270.71875,300000.0
2860,1,4,2,1,0.0,0.0,3,1,0,1,1,4,1,0,0,1,0,0,1,0,0,0,0,0,1,0,0,0,0,1,1,0,0,0,1,0,0,0,0,0,1,0,0,1,1,0,0,0,0,0,299894.4375,290000.0
2874,1,4,1,1,0.0,3.0,2,1,0,1,1,2,1,0,0,0,0,0,1,0,0,1,0,0,0,0,0,0,0,0,0,0,1,0,0,0,0,0,0,0,1,0,0,1,1,0,0,0,0,0,183687.515625,185000.0
2902,1,6,2,1,0.0,0.0,3,1,1,1,1,8,0,0,0,1,1,0,1,0,0,0,0,0,1,0,0,0,0,1,1,0,0,0,0,0,0,0,0,1,1,0,0,0,0,0,1,0,0,0,305342.34375,305000.0
2740,1,4,1,1,0.0,1.0,3,1,1,1,0,6,0,0,0,0,0,0,0,1,1,0,0,1,1,0,0,1,0,0,1,0,0,0,1,0,0,0,0,0,1,0,0,1,1,0,0,0,0,0,255575.828125,255000.0
2785,1,4,1,1,0.0,2.0,3,1,0,2,1,5,1,0,0,1,1,0,0,0,0,0,0,0,1,0,1,0,0,0,1,0,1,0,0,0,0,0,0,0,1,0,0,1,1,0,0,0,0,0,228545.015625,225000.0
2865,1,4,2,1,0.0,5.0,4,1,1,1,1,7,0,0,0,1,1,0,1,0,0,0,0,0,1,0,0,0,0,1,1,0,0,0,1,0,0,0,0,0,1,0,0,1,1,0,0,0,0,0,415659.21875,415000.0
2783,1,4,1,1,0.0,2.0,2,1,0,1,1,6,1,0,1,0,0,0,1,0,0,0,0,0,0,1,0,0,0,0,0,0,0,0,1,0,0,0,0,0,1,0,0,1,1,0,0,0,0,0,179293.40625,180000.0
2876,1,4,1,1,0.0,5.0,2,1,1,1,0,3,0,0,0,1,1,0,1,0,0,0,0,0,0,1,0,0,0,0,0,0,0,0,1,0,0,0,0,0,1,0,0,1,1,0,0,0,0,0,212668.53125,210000.0
2721,1,4,3,1,0.0,3.0,2,1,1,1,1,3,1,0,0,1,0,0,1,0,0,0,0,0,0,1,0,0,0,0,0,0,0,0,0,0,0,0,0,0,0,0,1,0,0,0,0,0,0,0,287140.21875,290000.0
2859,1,4,1,1,0.0,2.0,2,1,1,1,1,3,0,0,0,0,0,0,0,1,0,0,0,0,1,0,0,0,0,1,1,0,0,0,1,0,0,0,0,0,1,0,0,1,1,0,0,0,0,0,256406.390625,260000.0
2797,1,2,5,1,13.0,10.0,4,1,2,2,1,6,0,0,0,1,1,0,1,0,0,0,0,0,1,0,0,0,1,1,0,0,0,0,0,0,0,0,0,0,1,0,0,1,1,0,0,0,0,0,717045.25,725000.0
2773,1,4,5,1,0.0,2.0,5,1,1,1,1,10,0,0,0,1,1,0,1,0,0,0,0,0,1,0,0,1,0,1,0,0,0,0,0,0,0,0,0,1,1,0,0,0,1,0,0,0,0,0,506768.34375,500000.0
2751,1,4,1,1,0.0,2.0,2,1,1,1,1,3,0,0,0,0,0,0,0,1,0,1,0,1,1,0,0,0,0,1,1,0,0,0,1,0,0,0,0,0,1,0,0,1,1,0,0,0,0,0,235601.953125,230000.0
2735,1,4,1,1,0.0,3.0,2,1,1,1,0,4,1,0,0,0,0,0,1,0,1,0,0,0,0,1,0,0,0,0,0,0,1,0,0,1,0,1,0,0,1,0,1,0,0,0,0,0,0,0,170372.828125,170000.0
2761,1,4,3,1,0.0,2.0,4,1,1,2,1,8,0,0,0,1,0,0,1,0,0,1,0,0,1,0,1,0,0,1,0,0,1,0,0,0,0,0,0,0,1,0,0,1,1,0,0,0,0,0,317785.375,500000.0
3027,1,4,1,1,0.0,2.0,2,1,1,1,0,4,1,0,0,0,0,0,1,0,0,0,0,1,0,1,0,0,0,0,0,0,0,0,0,0,0,0,0,1,1,0,0,0,1,0,0,0,0,0,199061.703125,200000.0
2899,1,4,3,3,0.0,4.0,2,1,1,2,1,5,0,0,0,1,1,0,1,0,0,0,0,0,0,0,0,1,0,1,1,0,1,0,0,0,0,1,0,0,1,0,0,1,1,0,0,0,0,0,328840.0625,325000.0
3024,1,4,6,1,0.0,2.0,5,1,1,1,1,9,0,0,0,1,1,0,1,0,0,0,0,0,1,0,0,1,1,0,0,0,0,0,1,0,0,0,0,0,1,0,0,1,1,0,0,0,0,0,560216.375,560000.0
2870,1,4,2,1,0.0,1.0,2,1,0,1,1,5,1,0,0,1,0,0,1,0,0,0,0,0,1,0,0,0,0,1,1,0,0,0,1,0,0,0,0,0,1,0,0,1,1,0,0,0,0,0,261039.46875,250000.0
2754,1,2,2,3,0.0,4.0,3,1,1,1,1,5,0,0,0,1,1,0,1,0,0,0,0,0,0,0,0,1,0,1,1,0,0,0,1,0,0,0,0,0,1,0,0,1,1,0,0,0,0,0,334750.625,335000.0
1067,1,6,3,1,0.0,0.0,1,1,1,1,0,0,0,0,0,0,1,0,1,1,0,0,0,0,1,0,0,1,0,1,0,0,1,0,0,0,0,0,0,0,1,0,0,0,1,0,0,0,0,0,160474.828125,170000.0
1077,1,6,0,3,0.0,0.0,2,1,0,1,0,1,0,0,0,0,0,0,1,0,0,0,0,0,0,1,0,0,0,0,0,0,0,0,0,0,0,1,0,1,0,0,0,0,0,0,0,0,0,0,139880.875,50000.0
3531,1,2,3,1,0.0,1.0,4,1,1,1,1,4,0,0,0,0,1,0,1,0,0,0,0,0,1,0,1,1,0,0,0,0,0,0,0,0,0,0,0,0,1,0,0,0,1,0,0,0,0,0,295580.59375,300000.0
499,0,3,3,1,0.0,2.0,4,1,1,1,0,3,1,0,0,0,0,0,0,0,0,0,0,0,1,0,0,0,0,0,0,0,0,0,0,0,0,0,0,0,0,0,0,0,1,0,0,0,0,0,1558.7987060546875,1600.0
495,0,3,1,1,0.0,0.0,1,1,1,1,0,4,1,0,0,0,0,0,0,0,0,0,0,0,0,0,0,0,1,0,0,0,1,0,0,0,0,0,0,0,0,0,0,0,0,0,0,0,0,1,1090.6405029296875,1000.0
1375,0,3,1,1,0.0,4.0,3,1,1,1,1,0,0,0,0,0,0,0,0,1,0,0,0,0,1,0,0,1,0,0,0,0,0,0,0,0,0,0,0,0,1,0,0,0,1,0,0,0,0,0,497.0057678222656,825.0
1361,0,3,2,1,0.0,4.0,2,1,1,1,0,0,0,0,0,0,0,0,0,1,0,0,0,0,0,0,0,0,1,0,0,0,0,0,0,0,0,0,0,0,0,0,0,0,1,0,0,0,0,0,1055.6151123046875,750.0
1348,0,3,2,1,0.0,0.0,2,1,1,2,1,0,0,0,0,1,0,0,0,0,0,0,0,0,1,0,0,0,0,0,0,0,0,0,0,0,0,0,0,0,0,0,0,0,0,0,0,1,0,0,64.45010375976562,900.0
1069,1,0,4,1,0.0,4.0,3,1,1,1,1,2,0,0,0,1,0,0,1,1,0,0,0,0,1,0,1,0,0,1,0,0,1,0,0,0,0,0,0,0,1,0,0,0,1,0,0,0,0,0,220731.78125,225000.0
2907,0,3,3,1,0.0,1.0,4,1,1,1,1,7,0,0,0,1,1,0,1,0,0,0,0,0,0,0,0,1,0,1,1,0,0,0,1,0,0,0,0,1,1,0,0,0,1,0,0,0,0,0,1354.9627685546875,1350.0
3954,1,2,2,1,0.0,4.0,4,1,1,1,1,1,0,0,0,0,0,0,0,1,0,0,0,0,1,0,0,1,0,0,0,0,0,0,0,0,0,0,0,0,1,0,0,0,1,0,0,0,0,0,804144.75,800000.0
3519,1,6,2,1,0.0,3.0,3,1,1,2,0,6,0,0,0,1,0,0,1,0,0,0,0,0,1,0,0,0,1,0,0,0,0,0,1,0,0,0,0,0,1,0,0,0,1,0,0,0,0,0,250761.171875,250000.0
3487,1,6,2,1,0.0,3.0,4,1,0,2,2,5,1,0,0,0,1,0,1,0,0,0,0,0,1,0,1,0,1,0,0,0,1,0,0,0,0,1,0,0,1,0,0,1,1,0,0,0,0,0,185239.046875,190000.0
3506,1,6,1,1,0.0,1.0,3,1,1,2,1,7,1,0,0,0,0,0,1,0,0,0,0,1,1,0,1,1,0,0,0,0,1,0,0,0,0,1,0,1,1,0,0,0,1,0,0,0,0,0,167589.140625,165000.0
3488,1,6,0,1,0.0,1.0,2,1,1,1,1,4,0,0,0,1,0,0,1,0,0,1,0,0,0,0,1,0,1,0,1,0,0,0,1,0,0,0,0,1,1,0,0,0,1,0,0,0,0,0,159283.53125,160000.0
3487,0,3,4,1,0.0,7.0,5,1,1,2,1,12,0,0,0,1,1,0,0,0,0,0,0,0,1,0,1,0,0,0,0,0,1,0,0,0,0,0,0,0,1,0,0,0,1,0,0,0,0,0,1369.6854248046875,1200.0
2448,1,6,2,1,12.0,4.0,4,1,0,1,2,1,0,0,0,1,0,0,1,0,0,0,0,0,1,0,1,0,0,1,0,0,0,0,0,0,0,0,0,0,1,0,0,1,1,0,0,0,0,0,318585.0,315000.0
4111,1,4,6,1,0.0,2.0,4,1,1,1,1,6,0,0,0,1,0,1,1,0,0,0,0,0,1,0,1,0,0,1,0,0,0,0,0,0,0,0,0,0,1,0,0,0,0,0,1,0,0,0,1616400.875,1650000.0
4046,1,4,6,1,0.0,0.0,3,1,1,0,1,5,0,0,0,1,0,0,1,0,0,1,0,0,1,0,0,0,0,1,1,0,0,0,0,0,0,0,0,0,1,0,0,0,1,0,0,1,0,0,787706.1875,775000.0
4141,1,4,4,1,0.0,2.0,4,1,1,2,1,5,0,0,0,1,1,0,1,0,0,0,0,0,1,0,0,1,0,1,0,0,0,0,0,0,0,0,0,0,0,0,0,0,0,0,0,0,0,0,705402.8125,700000.0
4049,1,4,3,1,0.0,5.0,2,1,1,1,1,3,1,0,0,0,0,0,1,0,0,1,0,0,0,1,0,0,0,0,0,0,0,0,0,0,0,0,0,0,1,0,0,0,1,0,0,0,0,0,255121.234375,260000.0
4091,1,4,5,1,0.0,0.0,5,1,1,1,1,6,0,0,0,1,0,0,1,0,0,1,0,0,1,0,0,0,0,1,1,0,0,0,0,0,0,0,0,0,1,0,0,0,1,0,0,0,0,0,729570.125,735000.0
1490,1,4,2,1,0.0,0.0,3,1,1,2,1,1,0,0,0,1,1,0,1,0,0,0,0,0,1,0,0,0,0,1,1,0,0,0,1,0,0,0,0,1,1,0,0,0,1,0,0,0,0,0,329430.03125,325000.0
1487,1,4,2,1,0.0,0.0,2,1,0,1,1,2,1,0,0,0,0,0,1,0,0,0,0,0,1,0,0,0,0,1,1,0,0,0,1,0,0,0,0,1,0,0,0,1,1,0,0,0,0,0,245501.34375,250000.0
587,0,3,0,1,0.0,1.0,1,1,0,1,0,2,0,0,0,0,0,0,0,1,0,0,0,0,0,1,0,0,0,0,0,0,1,0,0,0,0,0,0,0,1,0,0,0,1,0,0,0,0,0,765.7049560546875,595.0
593,1,6,0,4,0.0,4.0,1,1,1,1,0,1,0,0,0,0,0,0,0,1,0,0,0,0,1,1,0,0,0,0,0,0,0,0,0,0,0,0,0,0,0,0,0,0,0,0,0,0,0,0,88030.921875,85000.0
592,1,2,2,3,0.0,6.0,2,1,1,0,0,2,0,0,0,1,0,0,0,0,0,0,0,0,0,0,0,1,0,0,1,0,1,0,0,0,0,0,0,0,1,0,0,0,1,0,0,0,0,0,260713.5,260000.0
3965,1,4,1,1,0.0,7.0,2,1,0,1,0,2,0,0,0,0,0,0,0,0,0,0,0,0,0,0,0,0,0,0,0,0,0,0,0,0,0,0,0,0,1,0,0,0,1,0,0,0,0,0,212502.15625,220000.0
582,1,4,3,1,0.0,0.0,3,1,0,1,1,6,0,0,0,1,0,0,0,0,0,0,0,0,0,0,0,1,0,0,1,0,0,0,0,0,0,0,0,0,1,0,0,0,1,0,0,0,0,0,396680.6875,395000.0
733,1,4,3,1,0.0,1.0,4,1,0,2,1,5,0,0,0,1,1,0,1,0,0,0,0,0,1,0,0,0,0,1,1,0,0,0,1,0,0,0,0,1,1,0,0,0,1,0,0,0,0,0,566062.5,550000.0
704,1,2,1,1,0.0,1.0,1,1,1,1,0,1,1,0,0,0,0,0,1,0,0,0,0,0,0,1,0,0,0,0,0,0,0,0,1,0,0,0,0,0,0,0,0,1,1,0,0,0,0,0,189053.625,200000.0
1512,1,2,3,1,0.0,0.0,2,1,0,2,2,5,0,0,0,0,0,0,0,1,0,0,0,0,1,0,1,0,0,0,1,0,0,0,1,0,0,0,0,0,0,0,0,1,1,0,0,0,0,0,474143.4375,475000.0
5343,1,4,3,1,0.0,2.0,3,1,2,1,1,3,0,0,0,1,0,0,1,0,0,1,0,0,0,0,1,0,0,1,1,0,0,0,1,0,0,0,0,0,1,0,0,0,1,0,0,0,0,0,346309.3125,350000.0
313,1,7,0,1,0.0,0.0,1,1,0,1,1,1,0,0,0,0,0,0,0,1,0,0,0,0,0,0,0,0,0,0,0,0,0,0,0,0,0,0,0,0,1,0,0,0,1,0,0,0,0,0,125938.1328125,125000.0
1923,1,7,0,3,0.0,1.0,3,1,0,1,1,4,0,0,0,0,0,0,0,1,0,0,0,0,0,0,1,1,0,0,1,0,0,0,0,0,0,0,0,1,1,0,0,0,0,0,0,0,0,0,103071.65625,115000.0
2036,1,7,0,1,0.0,1.0,1,1,1,1,0,2,0,0,0,0,0,0,0,1,0,0,0,0,0,0,0,1,0,0,0,1,0,0,0,0,0,0,0,0,1,0,0,0,1,0,0,0,0,0,77812.1328125,72000.0
2048,1,4,1,3,0.0,0.0,3,1,0,1,2,5,0,0,0,0,0,0,0,1,0,0,0,0,1,1,0,1,0,0,0,0,0,0,0,0,0,0,0,0,1,0,0,0,1,0,0,0,0,0,149384.109375,150000.0
1938,0,3,0,1,0.0,8.0,2,1,0,1,1,3,0,0,0,0,0,0,1,0,0,0,0,0,0,0,1,1,0,1,0,0,0,0,0,0,0,0,0,0,1,0,0,0,1,0,0,0,0,0,725.9295654296875,575.0
2047,1,4,1,1,0.0,8.0,3,1,0,1,1,3,0,0,0,1,0,0,1,0,0,0,0,0,1,0,0,1,1,0,0,0,0,0,0,0,0,0,0,0,1,0,0,0,1,0,0,0,0,0,151631.296875,150000.0
2058,1,4,1,1,0.0,1.0,2,1,0,1,1,2,0,0,0,1,0,0,1,0,0,0,0,0,1,0,0,1,1,0,0,0,0,0,0,0,0,0,0,1,1,0,0,0,0,0,0,0,0,0,147465.359375,140000.0
2088,1,4,2,3,0.0,1.0,4,2,1,1,1,12,0,0,0,0,0,0,1,0,0,0,0,0,0,0,1,0,1,1,0,0,0,0,0,0,0,0,0,0,0,0,0,0,1,0,0,0,0,0,469779.875,475000.0
2037,1,7,0,1,0.0,1.0,5,1,0,1,0,3,0,0,0,0,0,1,1,0,0,0,0,0,0,0,1,1,0,0,0,0,0,0,0,0,0,0,0,0,1,0,0,0,1,0,0,0,0,0,169733.15625,170000.0
1924,1,7,3,1,0.0,2.0,5,1,3,1,0,5,0,0,0,0,0,0,0,1,0,0,0,0,0,0,1,1,0,0,1,0,0,0,0,0,0,0,0,0,1,0,0,0,1,0,0,0,0,0,303161.25,300000.0
2044,1,7,1,1,0.0,1.0,2,1,0,1,1,5,0,0,0,0,0,0,1,0,0,0,0,0,0,0,0,1,1,0,1,0,0,0,0,0,0,0,0,0,1,0,0,0,1,0,0,0,0,0,167403.078125,165000.0
2085,1,4,4,1,0.0,3.0,5,1,0,1,1,5,0,0,0,0,0,0,1,0,0,0,0,0,1,0,1,0,0,0,0,0,0,0,0,0,0,0,0,0,1,0,0,0,1,0,0,0,0,0,382444.0,375000.0
1926,1,7,5,1,0.0,4.0,4,1,0,2,1,13,0,0,0,1,0,1,1,0,0,0,0,0,0,0,1,0,1,1,0,0,0,0,0,0,0,0,0,0,1,0,0,1,1,0,0,0,0,0,582069.1875,590000.0
1933,1,4,1,1,4.0,2.0,2,1,0,1,0,4,0,0,0,0,0,0,0,1,0,0,0,0,0,0,0,1,1,1,0,0,0,0,0,0,0,0,0,0,1,0,0,0,1,0,0,0,0,0,251804.359375,250000.0
2068,1,6,2,1,0.0,1.0,3,1,0,1,1,7,0,0,0,0,1,0,1,0,0,1,0,0,0,0,1,1,1,0,0,0,0,0,0,0,0,0,0,0,1,0,0,0,0,1,0,0,0,0,388782.4375,390000.0
2084,1,4,1,1,0.0,0.0,4,1,0,1,1,4,0,0,0,0,0,0,0,1,0,0,0,0,1,0,1,0,0,0,0,0,0,0,0,0,0,0,0,0,1,0,0,0,1,0,0,0,0,0,344130.46875,350000.0
2084,1,4,3,1,0.0,1.0,2,1,0,0,2,8,0,0,0,0,0,0,0,1,0,0,0,0,0,0,0,0,0,0,0,0,0,0,0,0,0,0,0,0,1,0,0,0,1,0,0,0,0,0,354914.0625,355000.0
2071,1,4,0,1,0.0,1.0,3,1,0,1,0,5,0,0,0,0,0,0,0,1,0,0,0,0,0,0,0,0,0,0,0,0,0,0,0,0,0,0,0,0,1,0,0,0,1,0,0,0,0,0,168071.421875,170000.0
2087,1,4,4,1,0.0,3.0,6,2,1,1,1,15,0,0,0,0,0,0,1,0,0,0,0,0,0,0,1,0,1,1,0,0,0,0,0,0,0,0,0,0,1,0,0,0,1,0,0,0,0,0,738023.5625,730000.0
2031,1,4,0,1,5.0,4.0,2,1,0,1,1,4,0,0,0,0,0,0,0,1,0,0,0,0,1,0,1,0,1,0,0,0,0,0,0,0,0,0,0,0,1,0,0,0,1,0,0,0,0,0,122169.765625,120000.0
1934,1,7,1,1,0.0,2.0,2,1,0,1,1,4,0,0,0,0,0,0,0,1,0,0,0,0,1,0,1,0,0,0,1,0,0,0,0,0,0,0,0,0,1,0,0,0,1,0,0,0,0,0,134148.484375,135000.0
2101,1,4,1,1,0.0,1.0,2,1,0,1,0,3,0,0,0,0,0,0,0,1,0,0,0,0,1,0,0,1,1,0,0,0,0,0,0,0,0,0,0,0,1,0,0,0,1,0,0,0,0,0,195198.046875,190000.0
2106,0,3,0,1,0.0,1.0,2,1,0,1,1,2,1,0,0,0,0,0,0,0,0,0,0,1,0,1,0,0,0,0,0,0,0,0,0,0,0,0,0,0,1,0,1,0,0,0,0,0,0,0,525.7694091796875,645.0
4454,1,6,2,1,0.0,1.0,3,1,0,2,1,6,0,0,0,1,0,0,1,0,0,1,0,0,1,0,0,0,1,0,1,0,0,0,0,0,0,0,0,1,1,0,0,0,1,0,0,0,0,0,353205.0,350000.0
557,0,3,1,1,0.0,2.0,2,1,0,1,1,2,0,0,0,0,0,0,0,0,0,0,0,0,1,0,0,0,0,0,0,0,0,0,0,0,0,0,0,0,1,0,0,0,1,0,0,0,0,0,791.6893310546875,790.0
3765,0,3,1,1,0.0,3.0,1,1,0,1,1,2,1,0,0,0,0,0,1,0,0,0,0,0,0,1,0,0,0,0,0,0,0,0,0,0,0,0,0,0,1,0,1,0,0,0,0,0,0,0,1001.7830810546875,775.0
4340,1,6,2,1,0.0,2.0,3,1,0,1,1,5,0,1,0,0,0,0,0,1,0,0,0,1,1,0,0,1,1,0,0,0,0,0,0,0,0,0,0,0,1,0,0,0,1,0,0,0,0,0,273273.1875,275000.0
549,0,3,2,1,0.0,4.0,3,1,0,1,1,4,0,0,0,1,0,0,1,0,0,0,0,0,1,0,1,0,1,0,0,0,0,0,0,0,0,0,0,0,1,0,0,0,1,0,0,0,0,0,1155.1815185546875,1350.0
4452,0,3,2,1,0.0,2.0,3,1,0,2,1,7,0,0,0,1,1,0,1,0,0,0,0,0,1,0,0,1,1,0,0,0,0,0,0,0,0,0,0,0,1,0,0,1,1,0,0,0,0,0,0.0,1325.0
4461,1,2,4,1,0.0,1.0,3,1,0,2,1,7,0,0,0,1,1,0,1,0,0,0,0,0,1,0,0,0,1,1,0,0,0,0,0,0,0,0,1,0,1,0,0,0,1,0,0,0,0,0,461976.65625,455000.0
2896,1,4,1,1,32.0,12.0,2,1,1,1,1,3,1,0,0,0,0,0,1,0,0,0,0,1,0,1,0,0,0,0,0,0,0,0,1,0,0,0,0,0,1,0,1,0,0,1,0,0,0,0,140853.984375,140000.0
681,1,2,3,1,14.0,4.0,3,1,0,2,1,3,0,0,0,0,0,0,0,1,0,0,0,0,0,0,0,0,0,1,1,0,0,0,0,0,0,0,0,1,1,0,0,0,1,0,0,0,0,0,334991.375,325000.0
3724,1,2,4,1,10.0,2.0,3,1,1,0,1,2,0,0,0,1,1,0,1,0,0,0,0,0,1,0,1,0,1,0,0,0,0,0,0,0,0,0,0,0,1,0,0,0,1,0,0,0,0,1,497202.4375,500000.0
340,1,7,1,1,9.0,1.0,3,1,1,1,1,4,0,0,0,1,0,0,0,0,0,0,0,0,0,0,0,1,0,0,1,0,1,0,0,0,0,0,0,0,0,0,0,0,1,0,0,0,0,0,174900.015625,170000.0
1588,1,6,1,1,1.0,2.0,3,1,0,0,1,8,1,0,0,0,0,0,1,0,0,0,0,0,0,0,0,0,0,0,1,0,1,0,0,0,0,0,0,0,0,0,0,0,1,0,0,0,0,0,400619.21875,410000.0
3619,0,3,4,1,0.0,4.0,4,1,1,1,2,9,0,0,0,1,0,0,0,0,0,0,0,0,0,0,0,0,1,0,1,0,0,0,0,0,0,0,0,1,1,0,0,0,0,0,0,0,0,0,0.0,1100.0
3598,0,3,0,1,0.0,5.0,2,1,1,1,1,4,0,0,0,1,0,0,1,0,0,1,0,0,1,0,0,0,0,1,1,0,0,0,0,0,0,0,0,1,1,0,0,0,1,0,0,0,0,0,634.4334716796875,695.0
3610,0,3,1,1,0.0,2.0,2,1,1,1,1,1,0,0,0,0,0,0,0,1,0,0,0,0,1,0,1,1,0,0,0,0,0,0,0,0,0,0,0,1,1,0,0,0,1,0,0,0,0,0,673.4217529296875,600.0
3621,0,3,0,1,0.0,0.0,2,1,1,1,1,2,0,0,0,1,0,0,1,0,0,1,0,0,1,0,1,0,0,1,0,0,0,0,0,0,0,0,0,1,1,0,0,0,1,0,0,0,0,0,754.5975341796875,650.0
3621,0,3,0,1,0.0,0.0,2,1,1,1,1,2,0,0,0,1,0,0,1,0,0,1,0,0,1,0,1,0,0,1,0,0,0,0,0,0,0,0,0,1,1,0,0,0,1,0,0,0,0,0,754.5975341796875,650.0
1826,1,7,0,1,0.0,0.0,3,1,0,0,1,8,0,0,0,0,1,0,0,1,0,0,0,0,0,0,0,1,0,0,1,0,1,0,0,0,0,0,0,0,1,0,0,0,1,0,0,0,0,0,117247.8125,115000.0
3614,0,3,1,1,0.0,6.0,1,1,1,0,1,2,1,0,0,0,0,0,1,0,0,1,0,0,0,1,0,0,0,0,0,0,0,1,0,0,0,0,0,1,1,0,0,0,1,0,0,0,0,0,1007.4061279296875,650.0
3903,0,3,2,1,0.0,2.0,3,1,1,1,1,3,0,0,0,0,0,0,1,0,0,0,0,0,0,0,0,1,0,0,1,0,0,0,0,0,0,0,0,0,1,0,0,0,1,0,0,0,0,0,0.0,560.0
5334,1,2,1,1,0.0,5.0,4,1,0,1,0,5,0,0,0,1,1,0,1,0,0,0,0,0,0,0,1,1,0,0,1,0,0,0,0,0,0,0,0,1,1,0,0,0,1,0,0,0,0,0,133782.15625,135000.0
3897,1,6,2,1,0.0,1.0,4,1,0,2,2,5,0,0,0,0,1,0,0,0,0,0,0,0,0,0,0,0,1,0,1,0,0,0,0,0,0,0,0,0,1,0,0,0,1,0,0,0,0,0,165813.609375,164500.0
3908,0,3,1,1,0.0,2.0,2,1,0,1,1,4,0,0,0,1,0,0,0,0,0,0,0,0,0,0,1,0,0,0,1,1,0,0,0,0,0,0,0,0,1,0,0,0,1,0,0,0,0,0,587.8143310546875,625.0
2493,1,7,0,1,0.0,1.0,2,1,0,1,0,4,0,0,0,0,0,0,0,1,0,0,0,0,0,0,0,0,0,0,0,0,0,0,0,0,0,0,0,0,1,0,0,0,1,0,0,0,0,0,113056.6640625,115000.0
2585,1,6,0,3,0.0,1.0,3,1,1,1,0,1,0,0,0,0,0,0,0,1,0,0,0,0,0,0,0,0,0,0,0,0,0,0,0,0,0,0,0,0,0,0,0,0,1,0,0,0,0,0,74769.2578125,76000.0
1201,0,3,4,1,0.0,2.0,4,1,1,1,1,2,0,0,0,0,1,1,0,0,0,1,0,0,1,0,1,0,0,0,0,0,0,0,1,0,0,0,0,1,1,0,0,0,0,0,1,0,0,0,738.4588623046875,1100.0
1186,0,3,2,1,0.0,0.0,4,2,1,2,1,6,1,0,0,1,0,0,1,0,0,0,0,0,0,0,1,0,1,1,0,0,0,0,1,0,0,0,1,0,1,0,0,0,0,0,0,0,0,1,511.6014709472656,3200.0
1195,0,3,4,1,0.0,2.0,3,1,1,2,1,6,0,0,0,1,0,0,0,0,0,0,0,0,1,0,1,0,0,1,0,0,1,0,0,0,0,0,0,1,1,0,0,1,0,0,0,0,0,0,0.0,1300.0
1175,0,3,3,1,0.0,1.0,3,1,0,2,1,3,1,0,0,1,1,0,0,0,0,0,0,0,1,0,1,0,0,0,0,1,1,0,0,0,0,0,0,1,1,0,0,0,1,0,0,0,0,0,701.5526123046875,1250.0
1192,0,3,3,1,0.0,4.0,4,1,1,2,1,3,0,0,0,1,1,0,0,1,0,0,0,0,1,0,1,0,0,1,0,0,1,0,0,0,0,1,0,1,1,0,0,1,0,0,0,0,0,0,1449.7791748046875,1350.0
1171,0,3,1,1,0.0,1.0,2,1,0,1,1,2,1,0,0,0,0,0,1,0,0,0,0,1,0,0,0,0,0,0,0,0,0,0,1,0,0,0,0,1,1,0,0,0,1,0,0,0,0,0,809.9237060546875,900.0
1196,0,3,1,1,0.0,2.0,3,1,0,0,1,4,1,0,0,0,0,0,1,0,0,0,0,0,1,0,0,0,0,0,0,0,0,0,1,0,0,0,0,1,1,0,0,1,0,0,0,0,0,0,1258.6112060546875,800.0
1172,0,3,3,1,0.0,1.0,4,1,0,0,1,5,0,0,0,1,1,0,0,0,0,0,0,0,1,0,1,0,1,0,0,0,1,0,0,0,0,0,0,1,1,0,0,1,0,0,0,0,0,0,974.1346435546875,1500.0
4018,0,3,1,1,0.0,5.0,1,1,0,1,0,1,0,0,0,0,0,0,1,0,0,0,0,0,0,0,0,1,0,0,0,0,0,0,1,0,0,0,0,0,1,0,0,0,1,0,0,0,0,0,524.0819091796875,595.0
3533,0,3,3,1,0.0,1.0,3,1,1,1,1,7,0,0,0,1,1,0,0,0,0,0,0,0,0,0,0,1,0,0,1,0,0,0,0,0,0,0,0,1,0,0,0,1,1,0,0,0,0,0,113.82998657226562,1000.0
3542,0,3,2,1,0.0,2.0,3,1,2,1,1,1,0,0,0,1,0,0,0,0,0,1,0,0,0,0,1,0,1,1,0,0,1,0,0,0,0,0,0,1,0,0,0,1,0,0,0,0,0,0,1140.4471435546875,950.0
3538,0,3,4,1,0.0,0.0,4,1,0,1,1,7,0,0,0,1,0,1,0,0,0,0,0,0,1,0,1,0,0,0,0,0,1,0,0,0,0,0,0,1,0,0,0,0,0,0,1,0,0,0,0.0,1300.0
3549,0,3,2,1,0.0,3.0,3,1,0,1,1,4,0,0,0,1,0,1,1,0,0,0,0,0,0,0,1,0,0,1,1,0,1,0,0,0,0,0,0,1,0,0,0,0,1,0,0,0,0,0,761.2440185546875,900.0
3546,1,4,2,1,0.0,1.0,3,1,0,1,1,6,0,0,0,1,1,0,1,0,0,0,0,0,0,0,0,0,0,0,1,0,1,0,0,0,0,0,0,1,0,0,0,0,0,0,1,0,0,0,440904.96875,450000.0
3536,0,3,1,1,0.0,7.0,3,1,0,1,1,5,1,0,0,0,0,0,1,0,0,0,0,0,1,0,0,0,0,0,0,0,0,0,0,0,0,0,0,1,0,0,0,0,1,0,0,0,0,0,757.2244873046875,750.0
961,0,3,1,1,0.0,3.0,2,1,0,1,1,5,0,0,0,0,0,0,0,0,0,0,0,0,1,0,0,1,0,0,0,0,0,0,1,0,0,0,0,0,1,0,0,0,1,0,0,0,0,0,613.3104248046875,660.0
136,0,3,1,1,0.0,3.0,2,1,1,1,0,5,0,0,0,1,0,0,0,0,0,0,0,0,1,0,1,1,0,0,0,0,0,0,1,0,0,0,0,0,0,0,1,0,0,0,0,0,0,0,593.4158935546875,725.0
2645,1,7,2,1,0.0,1.0,3,1,0,0,1,2,0,0,0,1,1,0,1,0,0,0,0,0,0,0,1,0,1,0,1,0,0,0,0,0,0,0,0,1,1,0,0,0,1,0,0,0,0,0,264221.34375,270000.0
2644,1,2,2,1,0.0,2.0,3,1,0,1,1,1,0,0,0,1,1,0,1,0,0,0,0,0,1,0,1,0,0,1,0,0,0,0,0,0,0,0,0,1,0,0,0,1,1,0,0,0,0,0,281875.75,280000.0
2629,1,4,1,1,0.0,3.0,4,1,0,0,1,4,0,0,0,0,1,0,0,1,1,0,0,0,1,0,1,0,0,1,0,0,0,0,0,0,0,0,0,1,0,0,0,1,1,0,0,0,0,0,404507.375,400000.0
2641,1,2,2,1,0.0,0.0,3,1,0,1,1,1,1,0,0,0,0,0,0,0,0,0,0,0,1,0,1,0,1,0,0,0,0,0,0,0,0,0,0,1,0,0,0,1,0,0,0,0,0,0,279350.5,280000.0
2623,1,4,0,1,0.0,2.0,1,0,0,1,1,0,1,0,0,1,0,0,1,0,0,0,0,0,0,0,0,1,0,0,0,0,0,0,0,0,0,0,0,0,1,0,0,1,1,0,0,0,0,0,202180.390625,160000.0
2625,1,2,3,1,0.0,3.0,3,1,0,0,1,3,0,0,0,1,1,0,1,0,0,0,0,0,0,0,1,0,1,1,0,0,0,0,0,0,0,0,0,0,1,0,0,1,1,0,0,0,0,0,420496.4375,425000.0
2642,1,7,2,1,0.0,0.0,3,1,1,0,0,1,0,0,0,1,0,1,1,0,0,0,0,0,0,0,1,0,0,1,1,0,0,0,0,0,0,0,0,1,1,0,0,0,1,0,0,0,0,0,294070.25,300000.0
2607,1,2,0,3,0.0,0.0,1,1,0,1,0,1,0,0,0,0,1,0,1,0,0,0,0,0,0,0,0,0,0,0,0,0,0,0,0,0,0,0,0,0,0,0,1,0,0,0,0,0,0,0,107406.0390625,110000.0
2596,0,3,4,3,0.0,2.0,4,1,0,0,1,2,0,0,0,0,0,0,1,1,0,0,0,0,1,0,1,0,0,1,0,0,0,0,0,0,0,0,0,0,1,0,0,1,1,0,0,0,0,0,1033.3221435546875,1500.0
3034,1,7,4,3,0.0,1.0,3,1,0,2,1,3,0,0,0,1,1,0,1,0,0,0,0,0,1,0,1,0,0,1,0,0,0,0,0,0,0,0,0,1,1,0,0,0,1,0,0,0,0,0,357156.78125,365000.0
2608,1,4,1,1,0.0,0.0,2,1,0,1,1,1,1,0,0,0,0,0,0,0,0,0,0,0,1,0,0,0,0,1,0,0,0,0,1,0,0,0,0,0,1,0,0,0,1,0,0,0,0,0,241963.296875,240000.0
2618,1,7,4,1,0.0,4.0,3,1,0,1,1,9,0,0,0,1,1,0,1,0,0,0,0,0,1,0,1,0,0,1,0,0,0,0,0,0,0,0,0,1,1,0,0,0,1,0,0,0,0,0,475657.15625,475000.0
3984,0,3,1,1,0.0,4.0,1,1,0,1,0,2,0,0,0,0,0,0,0,0,0,0,0,0,0,1,0,0,0,0,0,0,1,0,0,0,0,0,0,0,1,0,0,1,1,0,0,0,0,0,706.9959716796875,725.0
2627,0,3,1,1,0.0,0.0,2,1,0,1,1,0,1,0,0,0,0,0,0,0,0,0,0,0,0,1,0,0,0,0,0,0,0,0,0,0,0,0,0,0,0,0,1,0,0,1,0,0,0,0,988.9373779296875,900.0
2627,0,3,1,1,0.0,0.0,2,1,0,1,0,1,1,1,0,0,0,0,0,0,0,1,0,0,0,0,0,0,0,0,0,0,0,0,0,0,0,0,0,0,0,0,1,0,0,1,0,0,0,0,1877.9344482421875,900.0
4956,1,2,3,1,0.0,1.0,3,1,1,1,1,7,0,0,0,1,0,1,1,0,0,0,0,0,1,0,1,0,0,0,0,0,0,0,0,0,0,0,0,1,1,0,0,0,0,0,1,0,0,0,262364.96875,265000.0
4944,1,2,3,1,0.0,0.0,3,1,1,1,0,4,0,0,0,1,1,0,1,0,0,0,0,0,1,0,0,1,1,0,0,0,0,0,0,0,0,0,0,0,1,0,0,0,1,0,0,0,0,0,319413.375,279000.0
4947,0,3,1,1,0.0,6.0,4,1,1,1,0,5,0,0,0,1,0,0,1,0,0,0,0,0,1,0,1,0,0,0,0,0,0,0,0,0,0,0,0,0,0,0,0,0,1,0,0,0,0,0,745.7342529296875,900.0
4907,1,7,1,1,0.0,2.0,4,1,1,1,1,5,0,0,0,0,0,0,0,1,0,0,0,0,1,0,1,0,0,0,0,0,0,0,0,0,0,0,0,0,0,0,0,0,1,0,0,0,0,0,224964.71875,230000.0
4822,0,3,1,1,0.0,6.0,2,1,1,1,1,2,0,0,0,1,0,0,1,0,0,0,0,0,1,0,1,0,0,0,0,0,0,0,0,0,0,0,0,0,1,0,0,0,1,0,0,0,0,0,744.6795654296875,625.0
4785,0,3,3,1,0.0,3.0,3,1,1,1,1,6,0,0,0,1,1,0,1,0,0,0,0,0,1,0,1,0,1,0,0,0,0,0,0,0,0,0,0,0,1,0,0,0,1,0,0,0,0,0,1102.1190185546875,800.0
4879,1,7,3,3,0.0,2.0,4,1,1,2,1,5,0,0,0,1,1,0,1,0,0,0,0,0,1,0,1,0,1,0,0,0,0,0,0,0,0,0,0,0,1,0,0,0,0,0,1,0,0,0,266536.5,270000.0
4798,1,7,1,3,0.0,1.0,3,1,1,1,1,3,0,0,0,1,0,0,1,0,0,0,0,0,1,0,1,1,0,0,0,0,0,0,0,0,0,0,0,0,1,0,1,0,0,0,0,0,0,0,126443.4140625,130000.0
4936,1,2,3,3,0.0,4.0,3,1,1,2,1,6,0,0,0,1,1,0,1,0,0,0,0,0,1,0,1,1,0,0,0,0,0,0,0,0,0,0,0,0,1,0,0,0,0,0,0,0,0,0,248138.640625,250000.0
4884,1,7,2,1,0.0,3.0,3,1,1,1,1,3,0,0,0,1,1,0,1,0,0,0,0,0,1,0,1,0,1,0,0,0,0,0,0,0,0,0,0,0,1,0,0,0,1,0,0,0,0,0,206637.03125,207500.0
4957,1,7,2,1,0.0,8.0,3,1,1,1,1,5,0,0,0,1,0,0,1,0,0,0,0,0,1,0,1,0,0,1,0,0,0,0,0,0,0,0,0,0,1,0,0,1,1,0,0,0,0,0,160514.609375,160000.0
4873,1,7,2,1,0.0,1.0,2,1,0,1,1,1,0,0,0,0,0,0,1,0,0,0,0,0,0,0,0,0,0,0,0,0,0,0,0,0,0,0,0,0,0,0,0,0,0,0,0,0,0,0,247218.09375,105000.0
4971,1,7,5,1,0.0,0.0,5,1,1,1,1,8,0,0,0,1,1,0,1,0,0,0,0,0,0,0,1,0,1,1,0,0,0,0,0,0,0,0,0,0,1,0,0,0,0,0,1,0,0,0,420740.40625,425000.0
4989,1,7,1,1,0.0,1.0,3,1,1,1,1,3,0,0,0,1,0,0,1,0,0,0,0,0,0,0,0,1,1,0,1,0,0,0,0,0,0,0,0,0,0,0,1,0,0,0,0,0,0,0,169986.078125,170000.0
4756,0,3,1,1,0.0,7.0,3,1,1,1,0,3,0,0,0,1,0,0,1,0,0,1,0,0,1,0,1,1,0,0,0,0,0,0,0,0,0,0,0,0,1,0,0,0,1,0,0,0,0,0,759.6971435546875,675.0
4753,1,2,1,1,0.0,3.0,2,1,1,1,1,5,0,0,0,0,0,0,0,1,0,0,0,0,1,0,1,0,1,0,0,0,0,0,0,0,0,0,0,0,0,0,0,1,1,0,0,0,0,0,243387.671875,150000.0
4937,1,2,3,1,0.0,1.0,3,1,1,1,1,7,0,0,0,1,1,0,1,0,0,0,0,0,1,0,1,0,1,0,0,0,0,0,0,0,0,0,0,0,1,0,0,1,1,0,0,0,0,0,277523.3125,280000.0
4885,1,7,1,1,0.0,2.0,3,1,1,1,1,6,0,0,0,1,0,0,1,0,0,0,0,0,1,0,1,0,1,0,0,0,0,0,0,0,0,0,0,0,1,0,0,1,1,0,0,0,0,0,215967.078125,220000.0
4960,0,3,2,1,0.0,3.0,3,1,1,2,1,3,0,0,0,1,1,0,0,0,0,0,0,0,1,0,1,1,0,0,0,0,0,0,0,0,0,0,0,0,1,0,0,0,0,0,1,0,0,0,556.5262451171875,675.0
4754,0,3,1,1,0.0,1.0,2,1,1,1,1,1,0,0,0,0,0,0,1,0,0,0,0,0,1,0,0,0,0,0,0,0,0,0,0,0,0,0,0,0,0,0,0,0,1,0,0,0,0,0,630.8514404296875,620.0
4796,1,7,1,1,0.0,3.0,2,1,1,2,1,3,0,0,0,1,0,0,1,0,0,0,0,0,1,0,1,0,0,0,0,0,0,0,0,0,0,0,0,0,1,0,0,1,1,0,0,0,0,0,141664.234375,145000.0
4877,1,7,3,1,0.0,3.0,3,1,1,1,1,5,0,0,0,1,1,0,1,0,0,0,0,0,1,0,1,0,0,1,0,0,0,0,0,0,0,0,0,0,1,0,0,1,1,0,0,0,0,0,275942.6875,280000.0
4883,1,7,2,1,0.0,2.0,3,1,1,2,1,6,0,0,0,1,1,0,1,0,0,0,0,0,0,0,1,0,1,1,0,0,0,0,0,0,0,0,0,0,1,0,0,1,1,0,0,0,0,0,210021.234375,210000.0
4774,1,2,2,1,0.0,0.0,3,1,1,2,1,4,0,0,0,1,1,0,1,0,0,0,0,0,0,0,0,0,0,1,0,0,0,0,0,0,0,0,0,0,1,0,0,0,1,0,0,0,0,0,202625.296875,205000.0
4965,1,2,1,1,0.0,1.0,2,1,1,1,0,2,0,0,0,0,0,0,0,1,0,0,0,0,0,0,1,0,0,0,1,0,0,0,0,0,0,0,0,0,1,0,0,0,1,0,0,0,0,0,151589.5625,155000.0
4750,1,7,1,1,0.0,0.0,3,1,1,1,1,3,0,1,0,0,0,0,1,0,0,0,0,0,1,0,1,0,0,0,0,0,0,0,0,0,0,0,0,0,1,0,0,0,1,0,0,0,0,0,139824.125,142000.0
4992,1,2,2,1,0.0,2.0,2,1,1,1,1,3,0,0,0,1,0,0,1,0,0,0,0,0,0,0,0,0,1,1,1,0,0,0,1,0,0,0,0,0,1,0,0,0,1,0,0,0,0,0,395592.78125,395000.0
4781,1,7,1,1,0.0,3.0,3,1,1,1,0,6,0,0,0,0,0,0,0,1,0,0,0,0,0,0,1,1,0,0,1,0,0,0,0,0,0,0,0,0,1,0,0,1,1,0,0,0,0,0,212511.453125,135000.0
4772,1,7,1,1,0.0,3.0,3,1,1,1,1,5,0,0,0,1,0,0,1,0,0,0,0,0,1,0,1,0,0,0,0,0,0,0,0,0,0,0,0,0,1,0,0,1,1,0,0,0,0,0,198328.203125,200000.0
4966,1,7,2,1,0.0,0.0,3,1,1,1,0,4,0,0,0,1,0,0,1,0,0,0,0,0,1,0,1,0,0,0,0,0,0,0,0,0,0,0,0,0,1,0,0,0,0,0,0,0,0,0,231227.390625,230000.0
4944,1,7,3,1,0.0,0.0,3,1,1,1,0,4,0,0,0,1,1,0,1,0,0,0,0,0,1,0,0,1,1,0,0,0,0,0,0,0,0,0,0,0,1,0,0,0,1,0,0,0,0,0,274180.5,273000.0
5000,0,3,5,1,0.0,6.0,2,1,1,1,1,5,0,0,0,1,0,0,1,0,0,0,0,0,1,0,1,0,1,0,0,0,0,0,0,0,0,0,0,0,0,0,0,0,1,0,0,0,0,0,1289.6190185546875,650.0
4963,1,7,4,1,0.0,1.0,4,1,1,2,1,6,0,0,0,1,1,0,1,0,0,0,0,0,0,0,1,0,1,1,0,0,0,0,0,0,0,0,0,0,1,0,0,0,1,0,0,0,0,0,332925.78125,340000.0
4900,1,7,4,1,0.0,2.0,4,1,1,1,1,8,0,0,0,1,1,0,1,0,0,0,0,0,0,0,1,0,1,1,0,0,0,0,0,0,0,0,0,0,1,0,0,0,1,0,0,0,0,0,459786.375,469000.0
4905,1,2,3,1,0.0,1.0,3,1,1,1,1,5,0,0,0,1,1,0,1,0,0,0,0,0,0,0,1,0,1,1,0,0,0,0,0,0,0,0,0,0,1,0,0,0,1,0,0,0,0,0,423919.96875,425000.0
4886,1,7,3,1,0.0,3.0,5,1,1,2,1,6,0,0,0,1,1,0,1,0,0,0,0,0,1,0,1,0,1,0,0,0,0,0,0,0,0,0,0,0,1,0,0,0,1,0,0,0,0,0,284173.625,285000.0
4987,1,7,2,1,0.0,1.0,3,1,1,2,1,5,0,0,0,1,1,0,1,0,0,0,0,0,0,0,1,0,1,1,0,0,0,0,0,0,0,0,0,0,1,0,0,0,0,0,1,0,0,0,238449.859375,245000.0
4915,1,4,2,3,0.0,18.0,3,1,1,2,1,2,0,0,0,1,1,0,1,0,0,0,0,0,0,0,0,0,1,1,1,0,0,0,0,0,0,0,0,0,1,0,0,0,1,0,0,0,0,0,235874.984375,230000.0
914,1,7,0,1,0.0,2.0,2,1,1,1,1,4,0,0,0,1,0,0,0,0,0,0,0,0,0,0,0,0,0,0,1,1,0,0,0,0,0,0,0,1,0,0,0,0,0,0,0,0,0,0,72848.0703125,70000.0
823,1,7,1,1,0.0,6.0,4,1,0,1,1,6,0,0,0,1,0,0,1,0,0,0,0,0,1,0,0,1,0,0,0,0,0,0,0,0,0,0,0,0,0,0,0,0,1,0,0,0,0,0,212535.265625,210000.0
895,0,3,0,1,0.0,8.0,3,1,1,1,1,1,0,0,0,0,0,0,0,1,0,0,0,0,0,0,0,0,0,0,1,0,0,0,0,0,0,0,0,0,0,0,0,0,1,0,0,0,0,0,588.9783935546875,475.0
892,1,7,2,1,0.0,0.0,3,1,0,1,1,5,0,0,0,1,1,0,0,0,0,0,0,0,1,0,0,0,0,0,0,0,0,0,0,0,0,0,0,0,0,0,0,0,1,0,0,0,0,0,134198.375,130000.0
896,1,7,0,1,0.0,5.0,3,1,0,1,1,2,0,0,0,0,0,0,0,1,0,0,0,0,1,0,0,1,0,0,0,0,1,0,0,0,0,0,0,0,0,0,0,0,1,0,0,0,0,0,87516.4453125,86000.0
143,1,7,0,4,0.0,0.0,2,1,1,1,1,0,0,0,0,0,0,0,0,1,0,0,0,0,1,0,0,0,0,0,0,0,0,0,0,0,0,0,0,0,0,0,0,0,0,0,0,0,0,0,41338.68359375,40000.0
143,1,7,0,4,0.0,0.0,2,1,1,1,1,0,0,0,0,0,0,0,0,1,0,0,0,0,1,0,0,0,0,0,0,0,0,0,0,0,0,0,0,0,0,0,0,0,1,0,0,0,0,0,43002.796875,40000.0
957,1,7,3,1,0.0,5.0,4,1,2,1,1,5,0,0,0,0,1,0,1,0,0,0,0,0,0,0,1,0,0,0,0,0,0,0,0,0,0,0,0,0,0,0,0,0,1,0,0,0,0,0,259319.484375,255000.0
914,1,7,0,1,0.0,1.0,2,1,2,1,1,4,0,0,0,1,1,0,0,0,0,0,0,0,1,0,0,1,0,0,0,0,0,0,0,0,0,0,0,1,0,0,0,0,0,0,0,0,0,0,141410.703125,139950.0
889,1,7,0,1,0.0,3.0,1,1,0,1,1,1,0,0,1,0,0,1,0,0,0,0,0,0,0,0,0,0,0,0,0,0,0,1,0,0,0,1,0,0,0,0,1,0,0,0,0,0,0,0,65976.7109375,65000.0
820,1,7,0,1,0.0,2.0,2,1,0,1,1,7,0,0,0,0,1,0,1,0,0,0,0,0,0,0,1,0,0,0,1,0,0,0,0,0,0,0,0,0,0,0,0,0,1,0,0,0,0,0,107120.4921875,109995.0
2476,0,3,1,1,0.0,1.0,2,1,0,0,1,5,0,0,0,1,1,0,0,0,0,0,0,0,1,0,0,0,0,0,0,0,0,0,0,0,0,0,0,0,0,0,0,0,1,0,0,0,0,0,589.2498779296875,1000.0
1845,1,4,0,3,0.0,2.0,2,1,1,1,0,1,0,0,0,0,0,0,0,0,0,0,0,0,1,0,0,1,0,0,0,0,0,0,0,0,0,0,0,0,0,0,0,0,1,0,0,0,0,0,48739.6796875,45000.0
889,0,3,0,1,0.0,1.0,2,0,0,1,1,1,0,0,1,0,0,1,1,0,0,0,0,0,0,0,0,0,0,0,0,0,1,0,0,0,0,0,0,0,0,0,1,0,0,0,0,0,0,0,0.0,440.0
885,1,2,0,3,0.0,1.0,4,1,1,1,1,4,0,0,0,0,0,0,0,1,0,0,0,0,1,0,0,1,0,0,0,0,0,0,0,0,0,0,0,0,0,0,0,0,1,0,0,0,0,0,74439.3984375,70000.0
3790,1,2,0,1,0.0,1.0,3,1,0,1,1,4,0,0,0,0,0,0,0,1,0,0,0,0,0,0,1,0,0,0,0,0,0,0,0,0,0,0,0,0,0,0,0,0,1,0,0,0,0,0,99743.0078125,100000.0
3812,1,7,1,1,0.0,2.0,3,1,1,1,1,5,0,0,0,1,1,0,1,0,0,0,0,0,0,0,1,0,0,0,0,0,0,0,0,0,0,0,0,0,0,0,0,0,1,0,0,0,0,0,151889.671875,150000.0
3893,1,2,0,1,0.0,4.0,1,1,0,1,1,2,0,0,0,0,0,0,1,0,0,0,0,0,0,1,0,0,0,0,0,0,0,0,0,0,0,0,0,0,0,0,1,0,0,0,0,0,0,0,47414.296875,50000.0
98,1,7,3,1,0.0,0.0,4,1,1,2,1,9,0,0,0,1,1,0,1,0,0,0,0,0,1,0,1,1,0,0,0,0,0,0,0,0,0,0,0,1,0,0,0,1,1,0,0,0,0,0,448367.59375,450000.0
91,1,7,0,1,0.0,6.0,2,2,1,0,0,4,1,0,0,0,0,0,1,0,0,1,0,0,0,0,1,1,0,1,0,0,0,0,0,0,0,0,0,1,0,0,0,1,1,0,0,0,0,0,134051.953125,137000.0
94,1,7,1,1,0.0,1.0,3,1,1,1,1,4,0,1,0,0,0,0,0,1,0,0,0,0,1,0,1,1,0,0,0,0,0,0,0,0,0,0,0,1,0,0,0,1,1,0,0,0,0,0,214890.28125,217500.0
4204,1,6,2,1,0.0,0.0,4,1,1,1,1,6,0,0,0,1,1,0,1,0,0,0,0,0,1,0,1,0,0,1,0,0,0,0,0,0,0,0,0,1,0,0,0,1,1,0,0,0,0,0,247285.140625,255000.0
59,1,7,2,1,0.0,3.0,2,1,1,1,1,6,0,0,0,1,1,0,1,0,0,0,0,0,1,0,0,1,0,1,0,0,0,0,0,0,0,0,0,1,1,0,0,0,0,0,1,0,0,0,204138.1875,200000.0
60,1,7,2,1,0.0,0.0,4,1,1,1,1,7,0,0,0,1,1,0,1,0,0,0,0,0,1,0,1,0,0,1,0,0,0,0,0,0,0,0,0,1,0,0,0,1,1,0,0,0,0,0,278493.34375,270000.0
61,0,3,1,1,0.0,1.0,2,1,0,1,1,1,1,0,0,0,0,0,1,0,0,1,0,0,0,0,0,0,0,0,0,0,0,0,0,0,0,0,0,1,1,0,1,0,0,0,0,0,0,0,1058.4744873046875,625.0
4206,0,3,1,1,0.0,2.0,3,2,1,1,1,7,0,0,0,1,0,0,1,0,0,1,0,0,1,0,1,0,1,0,0,0,0,0,0,0,0,0,0,1,0,0,0,1,1,0,0,0,0,0,1032.7640380859375,850.0
65,1,6,1,1,0.0,2.0,3,1,0,0,1,7,1,0,0,1,0,0,1,0,0,0,0,0,1,0,1,0,0,1,0,0,0,0,0,0,0,0,0,1,0,0,0,1,1,0,0,0,0,0,176791.8125,180000.0
95,1,7,2,1,0.0,0.0,4,1,1,1,1,10,0,0,0,1,1,0,1,0,0,0,0,0,1,0,1,1,0,0,0,0,0,0,0,0,0,0,0,1,0,0,0,1,1,0,0,0,0,0,334919.0625,335000.0
4193,1,7,2,1,0.0,1.0,2,1,1,1,1,8,0,0,0,1,1,1,0,0,0,0,0,0,1,0,1,0,0,1,0,0,0,0,0,0,0,0,0,0,1,0,1,0,0,1,0,0,0,0,304489.40625,300000.0
3738,0,3,5,1,0.0,2.0,4,1,0,1,1,2,0,0,0,1,1,0,0,0,0,0,0,0,1,0,0,1,0,0,0,0,1,0,0,0,0,0,0,0,0,0,0,0,1,0,0,0,0,0,1871.0174560546875,1900.0
149,1,4,3,1,0.0,0.0,5,1,0,2,1,8,0,0,0,1,0,0,0,0,0,0,0,0,0,0,1,0,1,0,1,0,0,0,1,0,0,0,0,0,1,0,0,0,1,0,0,0,0,0,353599.21875,350000.0
172,1,7,0,3,0.0,3.0,2,1,0,1,1,3,0,0,0,0,0,0,0,1,0,0,0,0,0,0,0,0,0,0,0,1,0,0,1,0,0,0,0,0,1,0,0,0,1,0,0,0,0,0,108814.5078125,107000.0
168,0,3,0,1,0.0,4.0,2,1,1,1,0,0,0,0,0,0,0,0,0,1,0,0,0,0,1,0,0,1,0,0,0,0,1,0,0,0,0,0,0,0,0,0,0,0,1,0,0,0,0,0,611.2908935546875,550.0
188,1,2,4,1,0.0,0.0,4,1,0,1,1,11,0,0,0,1,1,0,0,0,0,0,0,0,0,0,0,1,1,0,1,0,0,0,1,0,0,0,0,0,1,0,0,0,1,0,0,0,0,1,347143.28125,342500.0
150,0,3,1,3,0.0,2.0,3,1,1,1,1,3,0,0,0,0,0,0,0,1,0,0,0,0,0,0,0,1,1,0,0,0,0,0,1,0,0,0,0,0,1,0,0,0,1,0,0,0,0,0,424.8221740722656,650.0
165,0,3,0,1,0.0,1.0,3,1,1,1,0,1,0,0,0,0,0,0,0,1,0,0,0,0,0,0,0,0,0,0,0,0,1,0,0,0,0,0,0,0,1,0,0,0,1,0,0,0,0,0,390.2518615722656,450.0
169,0,3,0,1,0.0,4.0,2,1,1,1,0,4,0,0,0,0,0,0,0,1,0,0,0,0,0,0,0,0,0,0,0,0,0,0,1,0,0,0,0,0,1,0,0,0,1,0,0,0,0,0,251.39248657226562,450.0
190,0,3,0,1,0.0,1.0,4,1,0,1,1,7,0,0,0,1,0,0,0,0,0,0,0,0,1,0,0,1,0,0,0,0,0,0,1,0,0,0,0,0,1,0,0,0,1,0,0,0,0,0,698.1463623046875,900.0
164,1,2,0,1,0.0,1.0,2,1,0,1,1,3,0,0,0,0,0,0,0,1,0,0,0,0,0,0,0,0,1,0,0,1,0,0,1,0,0,0,0,0,1,0,0,0,1,0,0,0,0,0,76176.5234375,75000.0
160,0,3,0,1,0.0,3.0,2,1,0,1,1,6,0,0,0,0,0,0,0,1,0,0,0,0,0,0,0,1,0,0,1,0,0,0,1,0,0,0,0,0,1,0,0,0,1,0,0,0,0,0,675.1697998046875,500.0
171,1,6,1,1,0.0,3.0,4,1,0,2,1,11,0,0,0,0,0,0,1,0,0,0,0,0,1,0,0,1,0,0,0,0,0,0,1,0,0,0,0,0,1,0,0,0,1,0,0,0,0,0,301558.0625,295000.0
163,1,6,1,1,0.0,7.0,4,1,1,1,1,9,0,0,0,0,0,0,0,1,0,0,0,0,0,0,1,0,1,0,1,0,0,0,1,0,0,0,0,0,1,0,0,0,1,0,0,0,0,0,202632.84375,200000.0
139,1,2,2,1,0.0,1.0,3,1,1,1,1,8,0,0,0,1,1,0,0,0,0,0,0,0,0,0,0,1,0,0,1,1,1,0,0,0,0,0,0,0,1,0,0,0,1,0,0,0,0,0,297414.5625,300000.0
178,0,3,0,1,0.0,3.0,2,1,1,0,1,9,0,0,0,0,0,0,0,1,0,0,0,0,0,0,0,1,0,0,0,0,0,0,1,0,0,0,0,0,1,0,0,0,1,0,0,0,0,0,476.5917053222656,550.0
4323,1,7,0,1,0.0,4.0,3,1,1,1,0,2,0,0,0,1,0,0,1,0,0,0,0,0,0,0,0,0,0,0,0,0,0,0,0,0,0,0,0,0,1,0,0,1,1,0,0,0,0,0,171701.828125,175000.0
4323,1,7,0,1,0.0,3.0,2,1,1,1,0,2,0,0,0,1,0,0,1,0,0,0,0,0,1,0,0,0,0,1,1,0,0,0,0,0,0,0,0,0,1,0,0,1,1,0,0,0,0,0,170763.546875,175000.0
5499,0,3,3,1,0.0,1.0,2,1,0,1,1,2,1,0,0,0,0,0,0,0,0,0,0,0,0,1,0,0,0,1,0,0,1,0,0,0,0,0,0,0,0,0,1,0,0,0,0,0,0,0,915.3768310546875,775.0
5355,0,3,1,1,0.0,6.0,2,1,0,1,1,2,1,0,0,0,0,0,1,0,0,1,0,0,0,1,0,0,0,0,0,0,0,0,1,0,0,0,0,0,0,1,1,0,0,0,0,0,0,0,919.3201904296875,750.0
5510,0,3,5,1,0.0,3.0,5,1,0,2,1,8,0,0,0,1,1,0,1,0,0,0,0,0,1,0,1,1,0,0,0,0,0,0,1,0,0,0,0,0,0,0,0,0,1,0,0,0,0,0,1677.1776123046875,1850.0
5367,1,6,3,1,0.0,2.0,4,1,0,2,1,4,0,0,0,1,1,0,1,0,0,0,0,0,1,0,1,1,0,0,0,0,0,0,1,0,0,0,0,0,1,0,0,1,1,0,0,0,0,0,288387.4375,285000.0
5355,0,3,1,1,0.0,4.0,2,1,0,1,1,2,1,0,0,0,0,0,1,0,0,1,0,0,0,1,0,0,0,0,0,0,0,0,1,0,0,0,0,0,0,1,1,0,0,0,0,0,0,0,935.8865966796875,750.0
5447,1,6,1,1,0.0,3.0,2,1,0,1,0,2,1,0,0,0,0,0,1,0,0,0,1,0,1,0,1,0,0,0,1,0,0,0,1,0,0,0,0,0,1,0,0,0,1,0,0,0,0,0,180699.015625,175000.0
2894,1,0,2,1,0.0,4.0,2,1,0,2,1,3,1,0,0,0,0,0,1,0,0,1,0,0,1,0,0,0,0,1,1,0,0,0,1,0,0,0,0,0,1,0,0,1,1,0,0,0,0,0,244925.640625,245000.0
3021,0,3,2,1,0.0,3.0,3,1,1,1,1,4,0,0,0,1,0,0,1,0,0,0,0,1,0,0,0,0,1,1,1,0,0,0,1,0,0,0,0,1,1,0,0,0,1,0,0,0,0,0,0.0,1200.0
2799,1,2,1,1,0.0,0.0,2,1,0,1,1,3,0,0,0,0,0,0,0,1,0,0,0,0,1,0,0,0,0,1,1,0,0,0,1,0,0,0,0,0,1,0,0,1,1,0,0,0,0,0,265369.875,260000.0
2864,0,3,3,1,0.0,1.0,3,1,0,2,1,5,0,0,0,1,1,0,1,0,0,0,0,0,1,0,0,0,0,1,1,0,0,0,1,0,0,0,0,1,1,0,0,0,1,0,0,0,0,0,917.2283935546875,975.0
2687,0,3,2,1,0.0,1.0,2,1,1,1,0,3,0,0,0,1,1,0,1,0,0,0,0,0,1,0,0,0,0,1,1,0,0,0,1,0,0,0,0,0,1,0,0,1,1,0,0,0,0,0,959.5057373046875,750.0
2763,1,7,1,1,0.0,0.0,3,1,1,2,1,5,0,0,0,0,1,0,0,0,0,0,0,0,0,1,0,0,0,0,0,0,0,0,1,0,0,0,0,1,1,0,0,0,1,0,0,0,0,0,239885.796875,240000.0
2703,1,4,2,1,0.0,0.0,2,1,1,1,1,4,0,0,0,1,0,0,1,0,0,0,0,0,1,0,1,0,0,1,0,0,0,0,0,0,0,0,0,1,1,0,0,0,1,0,0,0,0,0,240782.671875,250000.0
2819,1,4,2,1,0.0,0.0,3,1,1,1,1,5,0,0,0,1,1,0,1,0,0,0,0,0,1,0,0,1,1,0,0,0,0,0,1,0,0,0,0,0,1,0,0,1,1,0,0,0,0,0,302549.53125,300000.0
767,1,7,1,1,0.0,4.0,3,1,1,1,1,3,0,0,0,1,0,0,1,0,0,1,0,0,0,0,0,1,1,0,1,0,0,0,1,0,0,0,0,1,1,0,0,0,1,0,0,0,0,0,198774.546875,200000.0
4010,1,7,1,4,0.0,1.0,2,1,0,1,1,1,0,0,0,0,0,1,1,0,0,1,0,0,1,0,1,1,0,0,0,0,1,0,0,0,0,0,0,0,0,0,0,0,1,0,0,0,0,0,178948.578125,175000.0
4012,1,6,3,1,0.0,0.0,4,1,1,1,2,1,0,0,0,1,0,0,1,0,0,0,0,0,1,0,1,0,1,0,0,0,1,0,0,0,0,0,0,0,1,0,0,0,0,0,1,0,0,0,293257.25,300000.0
4490,0,3,0,1,0.0,1.0,1,1,1,1,0,0,0,0,0,0,0,0,0,0,0,0,0,0,0,0,0,0,0,0,0,0,0,0,1,0,0,0,0,0,1,0,0,0,1,0,0,0,0,0,589.5838623046875,440.0
4648,0,3,0,1,0.0,4.0,3,1,0,1,1,4,0,0,0,0,0,0,0,0,0,0,0,0,1,0,0,1,1,0,0,0,1,0,1,0,0,0,0,0,0,0,0,0,1,0,0,0,0,0,565.3807373046875,550.0
4504,1,7,1,1,0.0,0.0,3,1,1,2,1,4,0,0,0,0,0,0,0,0,0,0,0,0,1,0,0,0,1,0,1,0,1,0,1,0,0,0,0,0,1,0,0,0,1,0,0,0,0,0,152031.546875,150000.0
4611,0,3,0,1,0.0,3.0,2,1,0,2,1,2,0,0,0,1,0,0,1,0,0,0,0,0,1,0,0,0,1,0,1,0,1,0,1,0,0,0,0,0,1,0,0,0,1,0,0,0,0,0,497.0165100097656,575.0
4647,0,3,0,1,0.0,1.0,2,1,1,1,1,2,0,0,0,0,0,0,0,1,0,0,0,0,1,0,0,0,1,0,1,0,0,0,1,0,0,0,0,0,1,0,0,0,1,0,0,0,0,0,568.6912841796875,460.0
4652,0,3,0,1,0.0,1.0,1,1,0,1,1,2,0,0,0,0,0,0,0,0,0,0,0,0,0,0,0,0,0,0,0,0,0,0,1,0,0,0,0,0,1,0,1,0,0,1,0,0,0,0,843.2733154296875,470.0
4526,0,3,0,1,0.0,2.0,3,1,0,1,1,1,0,0,0,0,0,0,0,1,0,0,0,0,1,0,1,0,0,0,1,0,0,0,1,0,0,0,0,0,1,0,0,0,1,0,0,0,0,0,537.9520263671875,510.0
4650,0,3,0,1,0.0,1.0,2,1,0,2,1,0,0,0,0,0,0,1,1,0,0,0,0,1,0,0,0,0,0,0,0,0,0,0,1,0,0,0,0,0,1,0,0,0,1,0,0,0,0,0,170.22061157226562,385.0
4539,1,4,0,1,0.0,2.0,3,1,1,1,1,2,0,0,0,0,0,0,0,1,0,0,0,0,1,0,1,0,1,0,0,0,1,0,0,0,0,0,0,0,1,0,0,0,1,0,0,0,0,0,108911.9296875,110000.0
4693,0,3,1,1,0.0,0.0,2,1,1,1,1,2,0,0,0,0,0,0,0,1,0,0,0,0,1,0,1,0,1,0,0,0,0,0,1,0,0,0,0,0,1,0,0,0,1,0,0,0,0,0,665.2713623046875,600.0
4708,0,3,0,1,0.0,2.0,3,1,0,1,1,3,0,0,0,1,0,0,1,0,0,0,0,0,1,0,0,0,0,0,0,0,0,0,1,0,0,0,0,0,0,0,0,0,0,0,0,0,0,0,605.2274169921875,575.0
4642,0,3,1,1,0.0,2.0,2,1,0,2,1,3,0,0,0,0,0,0,1,0,0,1,1,0,1,0,1,0,0,0,0,0,1,0,0,0,0,0,0,0,1,0,0,0,1,0,0,0,0,0,677.8748779296875,575.0
4621,0,3,0,1,0.0,1.0,1,1,0,1,1,1,0,0,0,0,0,0,0,1,0,0,0,0,1,0,0,0,1,0,0,0,0,0,0,0,0,0,0,0,0,0,1,0,0,1,0,0,0,0,0.0,450.0
4594,1,4,3,1,0.0,4.0,3,1,0,2,1,5,0,0,0,1,1,0,1,0,0,0,0,0,1,0,0,1,0,0,1,0,0,0,1,0,0,0,0,0,1,0,0,0,1,0,0,0,0,0,217054.484375,210000.0
4559,1,7,1,1,0.0,1.0,2,1,0,1,1,3,0,0,0,0,0,0,0,1,0,0,0,0,0,0,0,0,1,0,1,0,1,0,1,0,0,0,0,0,1,0,0,0,1,0,0,0,0,0,144144.390625,135000.0
4488,1,4,2,1,0.0,2.0,3,1,1,2,1,2,1,0,0,0,0,0,1,0,0,0,0,1,1,0,1,0,1,0,0,0,1,0,1,0,0,0,0,0,1,0,0,0,1,0,0,0,0,0,146055.859375,145000.0
624,0,3,4,1,0.0,4.0,4,1,0,1,1,3,0,0,0,1,1,0,1,0,0,0,0,0,1,0,0,0,0,0,0,0,0,0,1,0,0,0,0,0,1,0,0,0,1,0,0,1,0,0,1551.2518310546875,990.0
4663,0,3,0,1,0.0,4.0,2,1,1,1,1,1,0,0,0,0,0,0,0,1,0,0,0,0,1,0,1,0,1,0,0,0,0,0,1,0,0,0,0,0,0,0,0,0,1,0,0,0,0,0,406.1229553222656,450.0
4692,0,3,1,1,0.0,1.0,2,1,0,1,1,2,0,0,0,1,0,0,1,0,0,1,0,0,1,0,1,0,1,0,0,0,1,0,1,0,0,0,0,0,1,0,0,0,1,0,0,0,0,0,480.3319396972656,540.0
4618,0,3,1,1,0.0,1.0,2,1,1,1,1,1,0,0,0,1,0,0,1,0,0,0,0,0,1,0,0,0,1,0,1,0,0,0,1,0,0,0,0,0,1,0,0,0,1,0,0,0,0,0,487.2743225097656,575.0
4592,1,7,0,1,0.0,1.0,3,1,0,1,1,3,0,0,0,0,0,0,0,1,0,0,0,0,1,0,1,1,0,0,0,0,0,0,1,0,0,0,0,0,1,0,0,0,1,0,0,0,0,0,115699.1640625,115000.0
4503,1,2,0,2,0.0,0.0,3,1,0,2,1,3,0,0,0,1,0,0,1,0,0,0,0,0,1,0,0,0,1,0,0,0,1,0,1,0,0,0,0,0,1,0,0,0,1,0,0,0,0,0,59312.44140625,60000.0
4556,1,7,1,1,0.0,0.0,1,1,0,1,1,1,1,0,0,0,0,0,1,0,0,0,0,1,0,0,0,0,0,0,0,0,0,0,1,0,0,0,0,0,1,0,0,0,1,0,0,0,0,0,108292.9296875,110000.0
4532,1,4,3,1,0.0,0.0,2,1,1,1,1,4,0,0,0,1,1,0,1,0,0,0,0,0,1,0,0,0,1,0,1,0,0,0,1,0,0,0,0,0,1,0,0,0,1,0,0,0,0,0,255671.5625,250000.0
625,0,3,0,1,0.0,2.0,2,1,0,1,1,1,0,0,0,0,0,0,1,0,0,0,0,1,1,0,1,0,1,0,0,0,1,0,1,0,0,0,0,0,1,0,0,0,1,0,0,0,0,0,418.8885803222656,495.0
4501,0,3,0,1,0.0,7.0,1,1,0,1,1,0,1,0,0,0,0,0,1,0,0,0,1,0,0,0,0,0,0,0,0,0,0,0,1,0,0,0,0,0,1,0,0,0,1,0,0,0,0,0,378.7577209472656,425.0
4654,0,3,0,1,0.0,3.0,2,1,1,1,1,2,0,0,0,0,0,0,0,1,0,0,0,0,1,0,0,1,1,0,0,0,0,0,1,0,0,0,0,0,1,0,1,0,0,0,0,0,0,0,408.6112365722656,375.0
4495,0,3,0,1,0.0,3.0,1,1,1,0,0,1,0,0,0,0,0,0,0,1,0,0,0,0,0,0,0,0,0,0,0,0,0,0,1,0,0,0,0,0,1,0,0,0,1,0,0,0,0,0,618.9979248046875,425.0
4699,0,3,0,1,0.0,1.0,2,1,1,1,1,1,0,0,0,0,0,0,0,0,0,0,0,0,0,0,0,0,0,0,0,0,1,0,1,0,0,0,0,0,0,0,0,0,1,0,0,0,0,0,500.0995178222656,450.0
4493,0,3,0,1,0.0,3.0,1,0,1,0,0,1,1,0,0,0,0,0,1,0,0,0,0,1,0,0,0,0,0,0,0,0,0,0,1,0,0,0,0,0,1,1,0,0,1,0,0,0,0,0,622.8865966796875,625.0
4573,0,3,1,1,0.0,1.0,3,1,0,2,1,4,0,0,0,1,0,0,1,0,0,0,0,0,0,0,0,0,1,0,1,1,1,0,1,0,0,0,0,0,1,0,0,0,1,0,0,0,0,0,0.0,600.0
4640,0,3,0,1,0.0,1.0,1,0,1,1,0,0,0,0,0,0,0,0,0,0,0,0,0,0,0,0,0,0,0,0,0,0,0,0,1,0,0,0,0,0,0,0,1,0,0,0,0,0,0,0,580.2596435546875,425.0
4496,0,3,0,1,0.0,1.0,2,1,1,1,1,1,0,0,0,0,0,0,0,1,0,0,0,0,1,0,0,0,1,0,1,0,0,0,1,0,0,0,0,0,0,0,0,0,1,0,0,0,0,0,624.0213623046875,425.0
4556,0,3,1,1,0.0,1.0,1,1,0,1,1,1,1,0,0,0,0,0,1,0,0,0,0,1,0,0,0,0,0,0,0,0,0,0,1,0,0,0,0,0,1,0,0,0,1,0,0,0,0,0,519.2108154296875,475.0
4667,1,4,1,1,0.0,3.0,2,1,1,1,1,3,0,0,0,1,1,0,1,0,0,0,0,0,1,0,0,0,1,0,1,0,0,0,1,0,0,0,0,0,1,0,0,0,1,0,0,0,0,0,99475.0625,100000.0
4720,1,2,1,4,0.0,0.0,2,1,1,2,0,3,0,0,0,1,1,0,1,0,0,0,0,0,1,0,0,0,1,0,1,0,1,0,1,0,0,0,0,0,0,0,1,0,0,0,0,0,0,0,109181.3984375,110000.0
4596,1,4,0,2,0.0,6.0,4,1,2,2,0,2,0,0,0,1,0,0,1,1,0,0,0,0,1,0,1,0,0,0,1,0,0,0,1,0,0,0,0,0,1,0,0,0,1,0,0,0,0,0,65009.65625,65000.0
4571,1,7,1,1,0.0,1.0,2,1,1,1,1,2,0,0,0,1,0,0,1,0,0,0,0,0,1,0,1,1,0,0,0,0,1,0,1,0,0,0,0,0,1,0,0,0,1,0,0,0,0,0,148898.296875,150000.0
4706,0,3,0,1,0.0,2.0,1,1,0,1,1,2,0,0,0,1,0,0,1,1,0,0,0,0,1,0,0,1,1,0,0,0,1,0,0,0,0,0,0,0,1,0,0,0,1,0,0,0,0,0,542.0467529296875,495.0
4659,0,3,0,1,0.0,2.0,1,1,0,1,1,0,0,0,0,0,0,0,0,1,0,0,0,0,0,0,0,0,0,0,0,0,0,0,1,0,0,0,0,0,0,0,1,0,0,0,0,0,0,0,466.7088928222656,375.0
4727,1,4,2,3,0.0,1.0,3,1,1,2,1,5,0,0,0,0,1,0,0,1,0,1,0,0,1,0,0,1,1,0,0,0,0,0,1,0,0,0,0,0,1,0,0,0,1,0,0,0,0,0,185530.390625,190000.0
4525,0,3,0,1,0.0,1.0,2,1,1,1,1,0,0,0,0,0,0,0,0,1,0,0,0,0,0,0,0,0,0,0,0,0,0,0,1,0,0,0,0,0,1,0,1,0,0,0,0,0,0,0,418.8788146972656,385.0
4531,0,3,1,1,0.0,2.0,3,1,1,1,1,1,0,0,0,0,0,0,0,1,0,0,0,0,1,0,0,0,1,0,1,0,0,0,1,0,0,0,0,0,1,0,0,0,1,0,0,0,0,0,740.7615966796875,540.0
4644,1,7,0,3,0.0,2.0,2,1,1,1,0,1,0,0,0,0,0,0,0,1,0,0,0,0,1,0,1,0,0,0,1,0,1,0,1,0,0,0,0,0,1,0,0,0,1,0,0,0,0,0,74489.203125,75000.0
4497,0,3,0,1,0.0,1.0,1,1,0,0,1,1,0,0,0,0,0,0,0,0,0,0,0,0,0,1,0,0,1,0,1,0,0,0,1,0,0,0,0,0,1,0,0,0,1,0,0,0,0,0,391.9198303222656,415.0
4665,0,3,0,1,0.0,1.0,2,1,1,1,1,3,0,0,0,0,0,0,0,1,0,0,0,0,1,0,0,0,1,0,0,0,1,0,0,0,0,0,0,0,1,0,0,0,1,0,0,0,0,0,554.0057373046875,440.0
4563,1,4,1,1,0.0,2.0,4,1,1,1,1,3,0,0,0,0,0,0,0,1,0,0,0,0,1,0,0,0,1,0,1,0,1,0,1,0,0,0,0,0,1,0,0,0,1,0,0,0,0,0,132700.296875,130000.0
4691,0,3,0,1,0.0,3.0,2,1,1,1,1,1,0,0,0,0,0,0,0,0,0,0,0,0,1,0,1,0,1,0,0,0,0,0,1,0,0,0,0,0,1,0,0,1,1,0,0,0,0,0,693.2479248046875,525.0
4673,1,4,0,4,0.0,2.0,2,1,1,1,1,2,0,0,0,0,0,0,0,0,0,0,0,0,1,0,1,1,0,0,0,0,0,0,1,0,0,0,0,0,1,0,0,0,1,0,0,0,0,0,79431.9453125,80000.0
627,1,2,6,1,0.0,0.0,6,1,1,2,1,7,0,0,0,1,1,0,1,0,0,0,0,0,0,0,0,0,1,1,0,1,1,0,0,0,0,0,0,0,1,0,0,0,0,0,1,0,0,0,657673.0625,675000.0
4729,1,4,3,1,0.0,1.0,2,1,0,1,1,4,0,0,0,1,1,0,1,0,0,0,0,0,1,0,0,0,1,0,1,0,0,0,1,0,0,0,0,0,0,0,0,0,1,0,0,0,0,0,180393.296875,175000.0
4651,1,7,0,1,0.0,1.0,3,1,0,2,1,3,0,0,0,0,0,0,0,1,0,0,0,0,1,0,1,0,1,0,0,0,1,0,1,0,0,0,0,0,1,0,0,0,1,0,0,0,0,0,93329.6640625,90000.0
4655,0,3,0,1,0.0,1.0,2,1,1,1,1,1,0,0,0,0,0,0,0,1,0,0,0,0,0,0,0,0,1,0,1,0,0,0,1,0,0,0,0,0,1,0,0,0,1,0,0,0,0,0,646.5858154296875,430.0
4709,0,3,0,1,0.0,3.0,2,1,1,1,1,3,0,0,0,0,0,0,1,0,0,0,1,0,0,0,0,1,0,0,0,0,0,0,1,0,0,0,0,0,0,0,0,0,1,0,0,0,0,0,274.4764709472656,490.0
4695,0,3,0,1,0.0,2.0,2,1,1,1,1,2,0,0,0,0,0,0,0,1,0,0,0,0,1,0,0,0,1,0,1,0,1,0,1,0,0,0,0,0,1,0,0,0,1,0,0,0,0,0,525.6658935546875,450.0
4646,1,4,2,4,0.0,1.0,2,1,1,1,1,5,0,0,0,1,1,0,1,0,0,0,0,0,1,0,0,1,1,0,0,0,0,0,1,0,0,0,0,0,1,0,1,0,0,0,0,0,0,1,247261.859375,160000.0
4716,0,3,2,1,0.0,1.0,3,1,0,1,1,7,0,0,0,1,1,0,1,0,0,0,0,0,1,0,0,1,1,0,0,0,1,0,0,0,0,0,0,0,1,0,0,0,0,0,1,0,0,0,0.0,640.0
4557,0,3,2,1,0.0,1.0,2,1,1,1,1,1,0,0,0,0,0,0,1,0,0,0,1,1,0,1,0,0,0,0,0,0,1,0,0,0,0,0,0,0,1,0,1,0,0,0,0,0,0,0,0.0,625.0
4537,1,4,0,1,0.0,1.0,1,1,0,1,1,1,0,0,0,0,0,1,1,0,0,0,0,1,0,1,0,0,1,0,0,0,1,0,0,0,0,0,0,0,1,0,1,0,0,0,0,0,0,0,74211.3984375,80000.0
4621,0,3,0,1,0.0,2.0,0,1,1,1,0,0,0,0,0,0,0,0,0,0,0,0,0,0,0,0,0,0,0,0,0,0,0,0,1,0,0,0,0,0,1,0,1,0,0,0,0,0,0,0,454.5604553222656,367.0
5271,1,7,2,1,0.0,0.0,3,1,0,1,1,6,0,0,0,0,1,0,1,1,0,0,0,0,1,0,0,1,1,0,0,0,1,0,0,0,0,0,0,1,1,0,0,0,0,0,0,0,0,0,260771.296875,259000.0
5281,1,5,0,1,0.0,1.0,2,1,1,1,0,2,0,0,0,0,0,0,0,1,0,0,0,0,0,0,0,1,0,0,1,0,0,0,1,0,0,0,0,0,0,0,0,0,1,0,0,0,0,0,108365.9921875,110000.0
5261,1,6,1,1,0.0,1.0,3,1,1,1,1,0,0,0,0,1,0,0,1,0,0,0,0,0,0,0,0,0,0,1,1,0,1,0,0,0,0,0,0,0,1,0,0,0,1,0,0,1,0,0,92501.0703125,90000.0
5198,1,5,1,1,0.0,2.0,2,1,1,1,0,2,0,0,0,0,0,0,0,0,0,0,0,1,0,1,1,0,0,0,0,0,1,0,0,0,0,0,0,1,1,0,0,0,0,0,0,0,0,0,100058.0078125,100000.0
5306,1,7,2,1,0.0,1.0,3,1,1,1,1,3,0,0,0,1,0,0,1,0,0,0,0,0,1,0,0,1,0,0,1,0,1,0,0,0,0,0,0,0,1,0,0,0,1,0,0,0,0,0,183692.859375,180000.0
5291,1,4,3,1,0.0,4.0,4,1,1,2,1,6,0,0,0,1,1,0,1,0,0,0,0,0,1,0,0,0,1,0,1,0,0,0,1,0,0,0,0,0,1,0,0,0,1,0,0,0,0,0,269796.8125,270000.0
5290,1,2,2,3,0.0,1.0,3,1,1,2,1,3,0,0,0,1,1,1,0,0,0,0,0,0,0,0,0,1,0,0,1,0,1,0,1,0,0,0,0,0,1,0,0,0,1,0,0,0,0,0,186174.171875,185000.0
5275,1,7,3,1,0.0,2.0,4,1,1,2,0,5,0,0,0,1,0,0,1,0,0,0,0,0,1,0,0,0,0,0,1,0,0,0,1,0,0,0,0,0,1,0,0,0,1,0,0,0,0,0,326232.46875,249000.0
5266,1,2,0,3,0.0,2.0,2,1,1,2,0,5,0,0,0,1,0,1,0,0,0,0,0,0,0,0,0,1,0,0,1,0,0,0,1,0,0,0,0,0,1,0,0,0,1,0,0,0,0,0,146408.1875,145000.0
5245,1,6,2,1,0.0,1.0,3,1,0,1,1,3,0,0,0,1,1,0,0,0,0,0,0,0,1,0,0,1,0,0,0,0,1,0,1,0,0,0,0,0,0,0,0,0,1,0,0,0,0,0,205478.671875,185000.0
5269,1,7,0,1,0.0,1.0,2,1,1,1,0,1,0,0,0,0,0,0,0,1,0,0,0,0,1,0,0,0,0,0,1,0,0,0,1,0,0,0,0,0,1,0,0,0,1,0,0,0,0,0,115801.1953125,115000.0
5291,1,7,3,1,0.0,1.0,4,1,1,1,1,4,0,0,0,1,1,0,0,0,0,0,0,0,0,0,0,0,0,0,1,0,0,0,1,0,0,0,0,0,1,0,0,0,1,0,0,0,0,0,273870.4375,270000.0
5247,1,7,1,1,0.0,1.0,2,1,2,1,1,1,0,0,0,1,0,0,0,0,0,0,0,0,0,0,1,1,0,0,1,0,1,0,1,0,0,0,0,0,1,0,0,0,1,0,0,0,0,0,131345.71875,130000.0
5269,1,4,0,1,0.0,1.0,2,1,1,1,0,1,0,0,0,0,0,0,0,1,0,0,0,0,1,0,1,0,0,0,1,0,1,0,1,0,0,0,0,0,1,0,0,0,1,0,0,0,0,0,99862.1015625,100000.0
5202,1,7,4,1,0.0,1.0,5,1,1,1,1,8,0,0,0,0,1,1,1,0,0,0,0,0,0,0,1,0,0,0,1,0,0,0,1,0,0,0,0,0,1,0,0,0,1,0,0,0,0,0,421353.75,410000.0
709,0,3,1,1,0.0,4.0,2,1,0,1,0,2,0,0,0,1,0,0,0,0,0,0,0,0,0,0,0,1,0,0,1,0,0,0,0,0,0,0,0,1,0,0,0,0,1,0,0,0,0,0,1069.2069091796875,1200.0
755,1,6,2,1,0.0,6.0,3,1,0,1,0,3,0,0,0,1,0,0,0,0,0,0,0,0,0,0,0,0,0,1,0,0,0,0,0,0,0,0,0,0,1,0,0,0,1,0,0,0,0,0,315765.03125,325000.0
589,1,4,1,3,0.0,5.0,3,1,1,1,0,1,0,0,0,0,0,0,0,1,0,0,0,0,1,0,0,1,0,0,0,0,0,0,0,0,0,0,0,0,1,0,0,0,1,0,0,0,0,0,210357.703125,170000.0
587,1,4,0,3,0.0,2.0,1,1,1,1,0,1,0,0,0,0,0,0,0,1,0,0,0,0,0,1,0,1,0,0,1,0,1,0,0,0,0,0,0,0,1,0,0,0,1,0,0,0,0,0,74420.1484375,75000.0
571,1,4,0,3,0.0,4.0,1,1,0,1,0,2,0,1,0,0,0,0,0,0,0,0,0,0,0,1,0,1,0,0,1,0,0,0,1,0,0,0,0,0,1,0,0,0,1,0,0,0,0,0,86324.4609375,85000.0
564,1,4,0,3,0.0,5.0,1,1,1,0,0,2,0,0,0,0,0,0,0,1,0,0,0,0,1,1,0,1,0,0,0,0,0,0,0,0,0,0,0,0,1,0,0,0,1,0,0,0,0,0,132190.046875,130000.0
726,1,2,4,1,0.0,1.0,4,1,0,2,1,6,0,0,0,1,0,0,0,0,0,0,0,0,0,0,0,0,0,0,1,0,0,0,0,0,0,0,0,0,1,0,0,0,1,0,0,0,0,0,546947.0,550000.0
662,0,3,3,1,0.0,2.0,2,1,0,0,1,4,0,0,0,0,0,0,0,1,0,0,0,0,1,0,0,1,0,0,1,0,0,0,1,0,0,0,0,1,1,0,0,0,1,0,0,0,0,0,609.9315185546875,1250.0
641,0,3,1,1,0.0,2.0,1,1,0,1,0,2,0,0,0,0,0,0,0,0,0,0,0,0,0,0,0,0,0,0,0,0,0,0,0,0,0,0,0,0,1,0,1,0,0,0,0,0,0,0,941.9119873046875,775.0
713,1,4,4,1,0.0,0.0,3,1,0,1,1,4,0,0,1,0,0,0,1,0,0,1,0,0,0,0,0,0,0,0,1,0,0,0,0,0,0,0,0,0,1,0,0,0,1,0,0,0,0,0,403972.90625,400000.0
585,1,4,1,3,0.0,3.0,2,1,1,1,0,2,0,0,0,0,0,0,0,1,0,0,0,0,1,0,0,1,0,0,0,0,0,0,1,0,0,0,0,0,1,0,0,0,1,0,0,0,0,0,175506.046875,170000.0
570,1,4,1,4,0.0,2.0,3,1,1,1,0,2,0,0,0,1,0,0,0,0,0,0,0,0,1,0,0,1,0,0,0,0,0,0,1,0,0,0,0,0,1,0,0,0,1,0,0,0,0,0,176100.703125,170000.0
683,0,3,2,1,0.0,1.0,2,1,0,0,1,4,0,0,0,0,0,0,0,1,0,0,0,0,0,0,0,0,0,0,1,0,0,0,0,0,0,0,0,0,1,0,0,0,1,0,0,0,0,0,889.8221435546875,1000.0
654,0,3,2,1,0.0,2.0,2,1,0,1,0,2,0,0,0,0,0,0,0,1,0,0,0,0,1,0,0,0,0,0,0,0,0,0,0,0,0,0,0,0,0,0,1,0,0,0,0,0,0,0,1190.3651123046875,1000.0
643,1,4,3,2,0.0,5.0,3,1,0,2,1,4,0,0,0,1,0,0,0,1,0,0,0,0,0,0,0,0,0,0,1,0,0,0,0,0,0,0,0,0,1,0,0,0,1,0,0,0,0,0,302706.3125,300000.0
706,1,4,2,1,0.0,1.0,2,1,0,1,1,0,0,0,0,0,0,0,0,1,0,0,0,0,0,0,0,0,0,0,1,0,0,0,0,0,0,0,0,0,1,0,0,0,1,0,0,0,0,0,263855.0625,260000.0
734,0,3,3,1,0.0,1.0,2,1,0,1,1,2,0,0,0,1,0,0,0,0,0,0,0,0,0,0,0,1,0,0,1,0,0,0,0,0,0,0,0,0,0,0,0,0,0,0,0,0,0,0,964.0252685546875,1300.0
753,1,4,3,1,0.0,0.0,4,1,0,2,0,4,1,0,0,0,0,0,0,0,0,0,0,0,1,0,0,1,0,0,0,0,0,0,0,0,0,0,0,0,1,0,0,0,1,0,0,0,0,0,429617.6875,425000.0
571,1,4,0,3,0.0,1.0,1,1,1,0,0,2,0,1,0,0,0,0,0,0,0,0,0,0,1,1,0,0,0,0,0,0,1,0,0,0,0,0,0,1,1,0,0,0,0,0,0,0,0,0,94385.5078125,90000.0
711,0,3,1,1,0.0,1.0,2,1,0,1,0,2,0,0,0,0,0,0,1,0,0,0,0,0,1,0,0,0,0,0,1,0,0,0,0,0,0,0,0,0,1,0,0,0,1,0,0,0,0,0,933.1033935546875,1125.0
735,1,2,2,1,0.0,0.0,2,1,1,0,0,3,0,0,0,0,1,0,0,0,0,0,0,0,0,0,0,0,0,0,0,0,0,0,0,0,0,0,0,0,0,0,0,0,1,0,0,0,0,0,250070.046875,250000.0
689,1,4,4,1,0.0,2.0,3,1,0,2,1,3,0,0,0,1,1,0,1,0,0,0,0,0,1,0,0,0,0,1,1,0,1,0,0,0,0,0,0,0,1,0,0,0,1,0,0,0,0,0,498359.8125,500000.0
734,0,3,3,1,0.0,0.0,2,1,0,1,1,2,0,0,0,1,0,0,0,0,0,0,0,0,0,0,0,1,0,0,1,0,0,0,0,0,0,0,0,0,0,0,0,0,0,0,0,0,0,0,943.8690185546875,1300.0
5071,1,4,5,1,0.0,0.0,5,1,0,1,1,7,0,0,0,1,1,0,0,0,0,0,0,0,1,0,0,0,0,1,1,0,0,0,0,0,0,0,0,0,1,0,0,0,1,0,0,0,0,0,682971.75,675000.0
710,1,4,4,1,0.0,1.0,4,1,0,1,1,5,0,0,0,1,0,0,0,0,0,0,0,0,1,0,0,0,0,1,1,0,0,0,0,0,0,0,0,0,1,0,0,0,1,0,0,0,0,0,505156.8125,500000.0
5072,1,2,4,1,0.0,0.0,4,1,0,1,1,6,0,0,0,1,0,0,1,0,0,0,0,0,0,0,1,0,1,0,1,0,1,0,0,0,0,0,0,0,1,0,0,0,1,0,0,0,0,0,537841.1875,550000.0
1113,0,3,1,1,0.0,1.0,2,1,1,1,0,1,0,0,0,1,0,0,1,0,0,1,0,0,1,0,1,0,0,0,1,0,0,0,1,0,0,0,0,1,1,0,0,0,1,0,0,0,0,0,813.4197998046875,765.0
1090,0,3,3,1,0.0,1.0,1,1,1,1,0,1,1,0,0,0,0,0,1,0,0,1,0,0,0,1,0,0,0,0,0,0,0,0,1,0,0,0,0,1,0,0,0,1,1,0,0,0,0,0,1140.5526123046875,950.0
1111,1,2,3,1,0.0,0.0,3,1,1,1,1,6,0,0,0,1,1,0,0,0,0,1,0,0,1,0,1,0,1,0,0,0,0,0,1,0,0,0,0,0,1,0,0,1,1,0,0,0,0,0,320069.25,320000.0
1104,0,3,1,1,0.0,6.0,4,1,1,1,0,1,0,0,0,0,0,0,0,0,0,0,0,0,1,0,1,0,0,0,1,0,0,0,1,0,0,0,0,0,0,0,0,0,1,0,0,0,0,0,856.3299560546875,800.0
1168,0,3,3,1,0.0,1.0,3,1,0,1,1,1,0,0,0,0,1,0,0,0,0,0,0,1,0,1,0,0,0,0,0,0,0,1,0,1,0,0,0,1,1,0,0,1,0,0,0,0,0,0,1045.5115966796875,875.0
1121,0,3,4,1,0.0,1.0,5,1,1,2,1,2,0,0,0,1,0,0,1,0,0,1,0,0,1,0,1,0,0,1,0,0,0,0,1,0,0,0,0,0,1,0,0,0,1,0,0,0,0,1,1578.8026123046875,1995.0
1123,0,3,1,1,0.0,1.0,2,1,1,1,0,0,1,0,0,1,0,0,1,0,0,0,0,0,0,0,0,0,0,0,0,0,0,0,1,0,0,0,0,1,0,0,0,1,1,0,0,0,0,0,701.1854248046875,750.0
1098,0,3,0,1,0.0,0.0,5,1,1,1,0,3,0,0,0,0,0,0,0,0,1,0,0,0,0,0,0,0,1,1,1,0,0,0,1,0,0,0,0,1,1,0,0,1,0,0,0,0,0,0,1639.3455810546875,1980.0
1133,0,3,2,1,0.0,5.0,3,1,1,0,0,4,0,0,0,1,0,0,1,0,0,1,0,0,0,0,1,0,0,1,1,0,0,0,1,0,0,0,0,1,0,0,0,0,1,0,0,0,0,0,877.5213623046875,895.0
1165,1,2,1,1,0.0,4.0,2,1,1,1,1,1,1,0,0,0,0,0,0,0,0,1,0,1,0,0,0,0,0,0,0,0,0,0,1,0,0,0,0,0,1,0,0,1,1,0,0,0,0,0,208513.734375,210000.0
1092,0,3,0,1,0.0,1.0,1,1,1,1,1,0,0,0,0,0,0,0,0,1,1,0,0,0,0,0,0,0,1,0,0,0,1,0,0,0,0,0,0,1,0,0,0,1,1,0,0,0,0,0,943.7908935546875,625.0
1103,0,3,1,1,0.0,1.0,2,1,1,0,1,2,0,0,0,0,0,0,0,0,1,0,0,0,1,0,0,0,1,1,0,0,0,0,1,0,0,0,0,1,1,0,0,1,0,0,0,0,0,0,1534.6932373046875,795.0
1123,0,3,1,1,0.0,1.0,2,1,1,1,0,2,1,0,0,1,0,0,1,0,0,0,0,0,0,0,0,0,0,0,0,0,0,0,1,0,0,0,0,0,1,0,0,1,1,0,0,0,0,0,867.1815185546875,775.0
1104,0,3,1,1,0.0,0.0,4,1,1,1,0,1,0,0,0,0,0,0,0,0,0,0,0,0,1,0,1,0,0,0,1,0,0,0,1,0,0,0,0,0,0,0,0,0,1,0,0,0,0,0,829.7967529296875,800.0
1104,0,3,1,1,0.0,2.0,4,1,1,1,0,1,0,0,0,0,0,0,0,0,0,0,0,0,1,0,1,0,0,0,1,0,0,0,1,0,0,0,0,0,0,0,0,0,1,0,0,0,0,0,870.8416748046875,800.0
1141,1,7,3,4,0.0,3.0,6,1,1,2,0,6,0,0,0,0,0,0,0,0,0,0,0,0,0,0,1,0,1,0,0,0,0,0,1,0,0,0,0,0,0,0,0,1,1,0,0,0,0,0,457911.34375,550000.0
1165,1,2,1,1,0.0,7.0,2,1,0,1,1,1,1,0,0,0,0,0,0,0,0,1,0,1,0,0,0,0,0,0,0,0,0,0,1,0,0,0,0,0,1,0,0,1,1,0,0,0,0,0,223855.859375,225000.0
1160,0,3,2,1,0.0,2.0,3,1,0,1,1,2,1,0,0,0,0,0,0,0,0,1,0,1,1,0,1,0,1,0,0,0,0,0,1,0,0,0,0,1,1,0,0,1,0,0,0,0,0,0,1341.6541748046875,850.0
1124,1,2,2,1,0.0,4.0,2,1,0,1,1,6,0,0,0,1,0,1,1,0,0,0,0,0,1,0,1,0,0,0,1,0,1,0,0,0,0,0,0,1,1,0,0,0,1,0,0,0,0,0,281776.3125,275000.0
1099,0,3,3,1,0.0,1.0,3,1,0,1,0,5,0,0,0,1,1,0,1,0,0,0,0,0,1,0,1,0,1,0,0,0,0,0,1,0,0,0,0,1,1,0,0,1,0,0,0,0,0,0,1569.4002685546875,1200.0
1095,0,3,0,1,0.0,1.0,1,1,0,1,1,0,1,0,0,0,0,0,1,0,0,1,0,0,0,1,0,0,0,0,1,0,0,0,1,0,0,0,0,0,0,0,0,1,1,0,0,0,0,0,672.6971435546875,725.0
1137,0,3,0,1,0.0,0.0,2,1,1,0,1,1,1,0,0,0,0,0,1,0,0,1,0,0,0,0,0,0,0,0,0,0,0,0,1,0,0,0,0,1,0,0,0,1,1,0,0,0,0,0,1081.0877685546875,675.0
4132,1,4,2,1,0.0,0.0,1,1,1,1,0,3,1,0,0,0,0,0,1,0,0,0,0,0,1,0,0,0,0,1,1,0,0,0,0,0,0,0,0,0,0,0,1,0,0,1,0,0,0,0,239371.609375,240000.0
4151,1,2,5,1,0.0,2.0,4,1,1,1,1,4,0,0,0,1,1,0,0,0,0,0,0,0,1,0,0,0,0,0,0,0,0,0,0,0,0,0,0,0,0,0,0,0,1,0,0,0,0,0,703793.625,700000.0
4096,1,4,3,1,0.0,4.0,4,1,1,2,1,3,0,0,0,0,0,1,1,0,0,1,0,0,1,0,0,0,0,1,0,0,0,0,0,0,0,0,0,0,1,0,0,0,1,0,0,0,0,0,639923.0,625000.0
4120,1,4,4,1,0.0,3.0,3,1,1,1,1,1,0,0,0,1,0,0,1,0,0,0,0,0,1,0,0,0,0,1,0,0,0,0,0,0,0,0,0,0,0,0,0,0,1,0,0,0,0,0,480464.65625,475000.0
4095,0,3,4,1,0.0,1.0,3,1,1,1,1,5,0,0,0,1,1,0,1,0,0,0,0,0,1,0,1,0,0,1,0,0,0,0,0,0,0,0,0,0,1,0,0,0,1,0,0,0,0,1,0.0,1400.0
4153,1,2,5,1,0.0,2.0,3,1,2,2,1,4,0,0,0,1,0,0,1,0,0,0,0,0,1,0,0,0,0,1,0,0,0,0,0,0,0,0,0,0,0,0,0,0,1,0,0,0,0,0,672542.5,675000.0
4098,1,4,3,1,0.0,0.0,2,1,1,1,1,1,0,0,0,0,0,0,1,0,0,0,0,0,1,0,0,0,0,0,1,0,0,0,1,0,0,0,0,0,0,0,0,0,1,0,0,0,0,0,454649.78125,450000.0
4078,1,4,4,1,0.0,7.0,3,1,1,1,1,3,0,0,0,0,1,0,1,0,0,0,0,0,1,0,0,0,0,1,0,0,0,0,0,0,0,0,0,0,0,0,0,0,1,0,0,0,0,0,454326.0,450000.0
4168,1,2,3,1,0.0,3.0,3,1,1,1,1,3,0,0,0,0,1,0,1,0,0,0,0,0,0,0,0,1,0,1,1,0,0,0,0,0,0,0,0,0,0,0,0,0,1,0,0,0,0,0,337332.09375,340000.0
4155,1,4,3,1,0.0,5.0,2,1,1,1,1,4,0,0,0,0,1,0,1,0,0,0,0,0,1,0,0,1,0,1,0,0,0,0,0,0,0,0,0,0,0,0,0,0,1,0,0,0,0,0,323185.0625,325000.0
4095,1,4,4,1,0.0,3.0,3,1,1,1,1,5,0,0,0,1,1,0,1,0,0,0,0,0,1,0,1,0,0,1,0,0,0,0,0,0,0,0,0,0,1,0,0,0,1,0,0,0,0,1,397537.5625,400000.0
5174,1,4,2,1,0.0,1.0,2,1,0,1,1,1,0,0,0,0,0,0,0,0,0,0,0,0,0,0,0,0,0,0,1,0,1,0,0,0,0,0,0,0,0,0,0,0,0,0,0,0,0,0,314512.75,320000.0
2131,0,3,3,1,0.0,1.0,2,1,1,0,1,3,1,0,0,0,0,0,1,0,0,0,0,1,1,0,0,0,1,0,0,0,0,0,1,0,0,0,0,1,1,0,0,0,1,0,0,0,0,0,1227.9100341796875,1300.0
2134,0,3,3,1,0.0,3.0,2,1,0,1,1,1,1,0,0,0,0,0,0,0,0,0,0,0,0,1,0,0,0,0,0,0,0,0,1,0,0,0,0,0,1,0,0,0,1,0,0,0,0,0,1242.8455810546875,1100.0
2146,0,3,3,1,0.0,4.0,3,1,1,1,1,2,0,0,0,1,0,0,1,0,0,0,0,0,1,0,1,0,1,0,0,0,0,0,1,0,0,0,0,0,1,0,0,0,1,0,0,0,0,0,1224.1190185546875,1400.0
2135,0,3,4,1,0.0,4.0,3,1,1,1,0,2,0,0,0,0,0,0,1,0,0,0,0,0,1,0,0,1,0,0,0,0,0,0,1,0,0,0,0,0,1,0,0,0,1,0,0,0,0,0,1662.7127685546875,1450.0
5156,1,2,3,1,0.0,1.0,2,1,1,1,1,1,0,0,0,0,1,0,1,0,1,0,0,0,1,0,0,0,0,1,0,0,0,0,1,0,0,0,0,0,1,0,0,0,1,0,0,0,0,0,354564.59375,360000.0
5152,1,2,6,1,0.0,0.0,4,1,1,1,1,4,0,0,0,1,1,0,1,0,0,0,0,0,1,0,1,1,0,0,0,0,0,0,1,0,0,0,0,1,1,0,0,0,1,0,0,0,0,0,654027.75,650000.0
5142,0,3,3,1,0.0,4.0,2,1,1,1,1,2,1,0,0,0,0,0,1,0,0,0,0,0,0,0,0,0,0,0,0,1,0,0,1,0,0,0,0,0,1,0,1,0,0,1,0,0,0,0,410.4940490722656,1250.0
1236,0,3,2,1,0.0,2.0,2,1,1,1,0,0,0,0,0,0,0,0,0,1,0,0,0,0,0,0,0,0,0,0,1,0,1,0,0,0,0,0,0,0,0,0,0,0,1,0,0,0,0,0,1127.1033935546875,1275.0
5179,1,4,2,1,0.0,1.0,2,1,0,1,0,1,1,0,0,0,0,0,0,0,0,0,0,0,0,1,0,0,0,0,0,0,0,0,0,0,0,0,0,0,0,0,0,0,1,0,0,0,0,0,291108.875,292000.0
377,1,4,1,1,0.0,5.0,2,1,1,1,1,6,0,0,0,1,0,0,0,0,0,0,0,0,1,0,0,1,0,1,0,0,0,0,1,0,0,0,0,0,1,0,0,0,1,0,0,0,0,0,143023.046875,139995.0
369,1,6,0,1,0.0,6.0,4,1,0,1,1,9,0,0,0,0,0,0,1,0,0,0,0,0,0,0,0,1,0,1,1,0,0,1,0,0,0,0,0,0,1,0,0,0,1,0,0,0,0,0,230627.015625,230000.0
5081,0,3,0,1,0.0,4.0,2,1,1,1,1,0,0,0,0,0,0,0,0,1,0,0,0,0,0,0,0,0,0,0,1,0,1,0,0,0,0,0,0,0,0,0,0,0,1,0,0,0,0,0,512.7049560546875,675.0
5083,0,3,1,1,0.0,4.0,2,1,1,1,0,0,0,0,0,1,0,0,0,0,0,0,0,0,1,0,0,1,0,0,0,0,1,0,0,0,0,0,0,0,0,0,0,0,1,0,0,0,0,0,803.1268310546875,685.0
5084,0,3,0,1,0.0,6.0,1,0,0,0,1,1,0,0,0,0,0,0,0,1,0,0,0,0,0,0,0,0,0,0,0,0,0,0,1,0,0,0,0,0,0,0,0,0,1,0,0,0,0,0,823.7908935546875,475.0
271,1,0,5,1,0.0,1.0,4,1,2,1,1,2,0,0,0,1,1,0,1,0,0,0,0,0,1,0,0,0,1,1,0,0,0,0,0,0,0,0,0,0,1,0,0,0,1,0,0,0,0,0,402178.1875,400000.0
2504,1,0,3,1,0.0,6.0,3,1,1,2,1,4,0,0,0,1,1,0,0,0,0,0,0,0,0,0,1,0,0,1,0,0,0,0,0,0,0,0,0,0,1,0,0,0,1,0,0,0,0,0,278460.8125,280000.0
2507,1,0,4,1,0.0,9.0,4,2,0,2,2,10,0,0,0,1,1,0,0,0,0,0,0,0,0,0,1,1,0,0,1,0,1,0,0,0,0,0,0,1,1,0,0,0,0,0,0,0,0,0,446353.25,450000.0
3973,0,3,3,1,0.0,1.0,3,1,1,1,1,3,0,0,0,0,0,0,0,1,0,0,0,0,1,0,0,0,0,0,0,0,0,0,1,0,0,0,0,0,1,0,0,0,1,0,0,0,0,0,928.3455810546875,1800.0
4737,0,3,0,1,0.0,0.0,1,1,1,0,0,3,0,1,0,0,0,0,0,0,0,1,0,1,1,1,0,0,0,0,0,0,0,0,1,0,0,0,0,1,0,0,0,0,0,0,0,0,0,0,925.2908935546875,1100.0
2416,0,3,2,1,0.0,9.0,2,1,0,0,0,2,0,0,0,1,0,0,0,0,0,0,0,0,1,0,0,0,0,0,0,0,0,0,0,0,1,0,0,0,1,0,0,0,1,0,0,0,0,0,1251.2537841796875,575.0
2422,1,4,2,1,0.0,3.0,3,1,2,1,1,2,0,0,0,1,0,0,0,0,0,0,0,0,1,0,0,0,0,0,0,0,0,0,1,0,0,0,0,0,1,0,0,1,0,0,0,0,0,0,275862.71875,280000.0
2270,1,4,0,1,0.0,1.0,2,1,0,1,1,1,0,0,0,0,0,0,0,1,0,0,0,0,1,0,0,0,0,0,0,0,0,0,1,0,0,0,0,1,1,0,0,0,0,0,0,0,0,0,122774.8125,120000.0
2418,0,3,1,1,0.0,2.0,2,0,0,1,1,1,1,0,0,0,0,0,0,1,0,0,0,0,0,0,0,0,0,0,0,0,0,0,1,0,0,0,0,0,0,0,1,0,0,0,0,0,0,0,839.3924560546875,650.0
1462,0,3,2,1,0.0,0.0,3,1,1,1,1,3,0,0,0,0,0,0,0,0,1,0,0,0,1,0,0,0,0,0,0,0,0,0,1,0,0,0,0,0,1,0,0,0,1,0,0,0,0,0,1100.9627685546875,1300.0
5356,0,3,2,1,0.0,6.0,4,1,1,0,1,0,0,0,0,0,0,0,0,1,1,0,0,0,0,0,0,0,0,0,0,0,0,0,1,0,0,0,0,1,0,0,0,1,1,0,0,0,0,0,1415.8240966796875,1325.0
5355,0,3,1,1,0.0,3.0,2,1,0,1,1,2,1,0,0,0,0,0,1,0,0,1,0,0,0,1,0,0,0,0,0,0,0,0,1,0,0,0,0,0,0,1,1,0,0,0,0,0,0,0,944.2030029296875,750.0
5386,0,3,1,1,0.0,4.0,2,1,0,1,1,2,0,0,0,1,0,0,0,0,0,0,0,0,1,0,0,1,0,0,0,0,0,0,1,0,0,0,0,0,1,0,0,0,1,0,0,0,0,0,509.7411193847656,750.0
5473,0,3,1,1,0.0,2.0,1,1,1,1,0,1,1,0,0,0,0,0,1,0,0,0,0,0,0,0,0,0,0,0,0,0,0,0,1,0,0,0,0,0,0,0,0,0,0,0,0,0,0,1,48.167877197265625,635.0
5474,0,3,2,1,0.0,3.0,2,1,0,1,1,4,0,0,0,1,1,0,0,0,0,1,0,0,0,1,0,0,0,0,0,0,0,0,1,0,0,0,0,0,0,0,1,0,0,0,0,0,0,0,1054.8084716796875,850.0
5350,0,3,0,1,0.0,9.0,2,1,0,1,0,2,0,0,0,0,0,0,0,1,0,0,0,0,0,0,0,0,0,0,0,0,1,0,0,0,0,0,0,0,1,0,0,0,1,0,0,0,0,0,586.8182373046875,675.0
5346,0,3,3,1,0.0,4.0,2,1,0,1,1,6,1,0,0,0,0,0,0,0,0,0,0,0,0,1,0,0,0,0,0,0,1,1,0,0,0,0,0,0,0,0,1,0,0,0,0,0,0,0,1189.3846435546875,1000.0
2490,0,3,1,1,0.0,1.0,2,1,0,1,1,3,1,0,0,0,0,0,0,0,0,0,0,0,0,1,0,0,0,0,0,0,0,0,0,0,0,0,0,0,0,0,1,0,0,0,0,0,0,0,928.5018310546875,650.0
3921,0,3,0,1,0.0,4.0,3,1,1,1,0,2,0,0,0,0,0,0,1,1,0,1,0,0,1,0,0,0,1,0,0,0,0,0,0,0,0,0,0,1,1,0,0,0,0,0,0,0,0,0,806.6444091796875,525.0
332,1,7,2,1,0.0,0.0,3,1,0,1,1,4,0,0,0,1,1,0,0,0,0,0,0,0,0,0,1,0,0,0,1,0,0,0,0,0,0,0,0,0,0,0,0,0,1,0,0,0,0,0,159790.796875,160000.0
1394,0,3,3,1,0.0,4.0,3,1,1,1,1,2,1,0,0,0,0,0,0,0,0,1,0,0,1,0,0,0,0,0,0,0,0,0,1,0,0,0,0,0,1,0,0,0,1,0,0,0,0,0,1306.2908935546875,900.0
5533,1,4,4,1,0.0,1.0,3,1,2,3,1,2,0,0,0,1,1,0,1,0,0,0,0,0,0,0,0,0,1,1,1,0,0,0,1,0,0,0,0,0,1,0,0,0,1,0,0,1,0,0,355116.46875,350000.0
1395,0,3,2,1,0.0,1.0,2,1,1,1,0,3,0,0,0,0,0,0,0,1,0,0,0,0,0,0,0,1,0,0,1,0,0,0,1,0,0,0,0,0,1,0,0,0,1,0,0,0,0,0,552.1151123046875,600.0
5532,1,6,3,1,0.0,0.0,3,1,1,1,1,1,0,0,0,1,1,0,1,0,0,0,0,0,0,0,1,0,0,1,1,0,0,0,1,0,0,0,0,0,1,0,0,0,1,0,0,0,0,0,253472.75,250000.0
5539,1,6,3,3,0.0,0.0,3,1,1,1,1,2,0,0,0,1,1,0,1,0,0,0,0,0,1,0,1,0,0,1,0,0,0,0,1,0,0,0,0,0,0,0,1,0,0,0,0,0,0,0,228027.125,230000.0
5541,0,3,1,1,0.0,1.0,2,1,1,1,0,1,0,0,0,1,0,0,1,0,0,1,0,0,0,0,1,0,0,1,0,0,0,0,1,0,0,0,0,0,0,0,0,0,1,0,0,0,0,0,606.5955810546875,650.0
1343,1,7,3,3,0.0,1.0,3,1,1,1,1,5,0,0,0,1,1,0,1,0,0,0,0,0,1,0,0,1,0,1,0,0,0,0,1,0,0,0,0,0,1,0,0,0,1,0,0,0,0,0,275048.34375,275000.0
4406,1,7,3,1,0.0,0.0,3,1,0,2,1,5,0,0,0,1,1,0,1,0,0,0,0,0,1,0,0,0,0,0,1,0,0,0,0,0,0,0,0,0,1,0,0,1,1,0,0,0,0,0,353358.625,350000.0
4319,1,2,0,1,0.0,0.0,2,1,0,1,0,3,0,0,0,0,0,0,0,1,1,0,0,0,1,0,0,0,0,0,1,0,0,0,0,0,0,0,0,0,1,0,0,0,1,0,0,0,0,0,202290.921875,200000.0
4309,1,2,1,1,0.0,0.0,3,1,0,0,0,3,0,0,0,0,0,0,0,1,0,0,0,0,1,0,0,0,0,0,1,0,0,0,0,0,0,0,0,0,1,0,0,1,1,0,0,0,0,0,181962.8125,180000.0
4306,1,4,0,1,0.0,0.0,2,1,0,1,0,3,0,0,0,0,0,0,0,1,0,0,0,0,1,0,0,0,0,1,1,0,0,0,0,0,0,0,0,0,1,0,0,0,1,0,0,0,0,0,187798.828125,190000.0
4301,1,4,0,1,0.0,1.0,2,1,0,1,0,2,0,0,0,0,0,0,0,1,0,0,0,0,1,1,0,0,0,0,1,0,0,0,0,0,0,0,0,0,1,0,0,1,1,0,0,0,0,0,191149.734375,195000.0
4297,1,2,2,1,0.0,0.0,4,1,0,1,1,5,0,0,0,0,0,0,0,1,1,0,0,0,1,0,0,0,0,1,1,0,0,0,0,0,0,0,0,0,1,0,0,0,1,0,0,0,0,0,414960.65625,400000.0
307,1,2,0,1,0.0,0.0,1,0,0,0,0,1,0,0,0,0,0,0,0,0,0,0,0,1,0,1,0,0,0,0,0,0,0,0,0,0,0,1,0,0,0,0,1,0,0,0,0,0,0,0,185763.90625,10000.0
511,1,2,1,1,0.0,0.0,2,1,1,1,1,1,0,0,0,0,0,0,0,1,0,0,0,0,1,0,1,0,0,0,0,0,0,0,0,0,0,0,0,1,1,0,0,1,0,0,0,0,0,0,198469.078125,200000.0
503,1,7,0,3,0.0,1.0,2,1,1,1,0,0,0,0,0,0,0,0,1,0,0,0,0,0,0,1,0,0,0,0,0,0,0,0,0,0,0,0,0,0,0,0,0,0,0,1,0,0,0,1,175065.75,160000.0
2177,0,3,3,1,0.0,1.0,3,1,1,1,1,1,0,0,0,0,0,1,0,0,0,1,0,0,0,0,0,0,1,0,0,0,0,0,1,0,0,0,0,1,0,0,0,0,0,0,0,0,0,0,1186.8455810546875,925.0
2156,1,4,2,1,0.0,2.0,3,1,0,2,1,4,0,0,0,1,0,0,0,0,0,0,0,0,0,0,1,0,0,0,0,0,0,0,1,0,0,0,0,1,0,0,0,0,0,0,0,0,0,0,320145.6875,320000.0
2175,0,3,1,1,0.0,2.0,3,1,1,2,0,1,0,0,0,1,0,0,0,0,0,0,0,0,1,0,0,0,0,0,0,0,0,0,1,0,0,0,0,1,0,0,0,0,0,0,0,0,0,0,1048.7752685546875,825.0
2147,1,2,1,3,0.0,5.0,3,1,0,2,0,4,0,0,0,1,0,0,0,0,0,0,0,0,0,0,1,0,0,0,0,0,0,0,1,0,0,0,0,0,0,0,0,0,1,0,0,0,0,0,151088.3125,150000.0
2159,0,3,2,1,0.0,2.0,3,1,1,1,1,2,0,0,0,1,0,0,0,0,0,0,0,0,0,0,1,0,0,0,0,0,0,1,0,0,0,0,0,1,0,0,0,0,0,0,0,0,0,0,621.1151123046875,850.0
2152,0,3,1,1,0.0,1.0,3,1,0,1,1,2,0,0,0,1,0,0,0,0,0,0,0,0,1,0,0,0,0,0,0,0,0,0,1,0,0,0,0,1,0,0,0,0,0,0,0,0,0,0,953.2166748046875,775.0
5085,1,4,1,1,0.0,2.0,2,1,0,1,0,4,0,0,0,1,1,0,0,0,0,1,0,0,0,0,0,0,0,1,0,0,0,0,1,0,0,0,0,1,0,0,0,1,0,0,0,0,0,0,180189.265625,180000.0
5073,0,3,2,1,0.0,1.0,2,1,1,0,0,3,0,0,0,0,1,0,1,0,0,0,0,0,1,0,1,1,0,0,0,0,0,0,1,0,1,0,0,0,1,0,0,0,0,0,1,0,0,0,0.0,725.0
5100,0,3,0,1,0.0,2.0,0,0,1,0,0,0,0,1,0,0,0,0,1,0,0,0,0,0,0,1,0,0,0,0,0,0,0,0,1,0,0,0,0,0,1,0,1,0,0,0,0,0,0,0,504.1610412597656,485.0
5103,1,2,1,1,0.0,0.0,2,1,2,1,1,1,0,0,0,0,0,0,0,1,0,0,0,0,0,0,1,0,0,1,0,0,0,0,1,0,0,0,0,0,0,0,0,0,0,0,1,0,0,0,147380.34375,150000.0
5079,1,4,0,1,0.0,1.0,1,0,1,1,0,1,1,0,0,0,0,0,1,0,0,0,0,0,0,0,0,0,0,0,0,0,0,0,1,0,0,0,0,0,0,0,1,0,0,0,0,0,0,0,98275.4765625,100000.0
5082,1,7,2,4,0.0,1.0,2,1,1,1,1,1,0,0,0,1,1,0,0,0,0,0,0,0,1,0,0,1,1,0,0,0,1,0,0,1,0,0,0,0,1,0,0,0,1,0,0,0,0,0,187614.484375,190000.0
5111,1,2,3,1,0.0,0.0,3,1,1,3,0,4,0,0,0,1,0,0,0,0,0,0,0,0,1,0,1,0,0,0,0,0,0,0,1,0,0,0,0,0,0,0,0,0,0,0,1,0,0,0,367582.0,400000.0
5088,1,4,2,1,0.0,4.0,3,0,1,2,0,2,0,0,0,1,0,0,0,0,0,0,0,0,0,0,1,0,0,0,0,0,0,0,0,0,0,0,0,0,1,0,0,0,1,0,0,0,0,0,200237.21875,200000.0
5091,1,4,3,1,0.0,1.0,4,1,1,2,1,0,0,0,0,1,0,0,0,0,0,0,0,0,1,0,1,0,0,0,0,0,1,0,0,0,0,0,0,0,0,0,1,0,0,0,0,0,0,0,256357.375,250000.0
5108,0,3,0,1,0.0,3.0,1,1,1,1,0,0,0,0,0,0,0,0,0,0,0,0,0,0,0,0,0,0,0,0,0,0,0,0,1,0,0,0,0,0,0,0,1,0,0,0,0,0,0,0,531.0682373046875,465.0
5106,0,3,0,1,0.0,1.0,1,1,1,1,0,0,0,0,0,0,0,0,0,1,0,0,0,0,0,0,1,0,0,0,0,0,1,0,0,0,0,0,0,0,0,0,1,0,0,0,0,0,0,0,511.1542053222656,540.0
3757,0,3,1,1,0.0,2.0,2,1,1,1,0,4,0,0,0,0,0,0,1,1,0,0,0,0,0,1,0,0,0,0,0,0,0,0,0,0,0,0,0,0,0,0,0,0,1,0,0,0,0,0,361.8924865722656,925.0
3750,0,3,2,1,0.0,1.0,2,1,1,1,0,1,1,0,0,1,0,0,1,0,0,0,0,0,0,0,0,0,0,0,0,0,0,0,1,0,0,0,0,0,0,0,0,0,1,0,0,0,0,0,774.4041748046875,1050.0
1223,0,3,7,1,0.0,1.0,5,1,0,5,1,10,0,0,0,1,1,0,1,0,0,0,0,0,0,0,0,0,1,1,1,0,0,0,0,0,0,0,0,0,0,0,0,0,1,0,0,0,0,0,2866.296875,2600.0
4787,1,7,2,1,0.0,1.0,5,1,1,2,1,6,0,0,0,1,1,0,1,0,0,0,0,0,1,0,1,0,0,1,0,0,0,0,0,0,0,0,0,0,1,0,0,0,1,0,0,0,0,0,352581.71875,350000.0
2471,1,4,2,1,0.0,1.0,3,1,0,1,1,10,0,0,0,1,1,0,1,0,0,0,0,0,0,0,0,1,0,0,1,1,0,0,1,0,0,0,0,0,1,0,0,0,1,0,0,0,0,0,226915.4375,220000.0
2216,1,6,1,1,0.0,2.0,3,1,0,1,1,6,0,0,0,1,0,0,1,0,0,0,0,0,0,0,0,0,1,0,1,0,1,0,1,0,0,0,0,0,1,0,0,0,1,0,0,0,0,0,181337.921875,180000.0
2265,1,2,4,1,0.0,2.0,6,1,1,1,0,12,0,0,0,1,1,0,0,0,0,0,1,0,0,0,0,1,0,0,1,1,0,0,1,0,0,0,0,0,1,0,0,0,1,0,0,0,0,1,536878.1875,525000.0
2260,1,6,1,1,0.0,0.0,3,1,0,1,1,9,0,0,0,1,0,0,1,0,0,0,0,0,0,0,0,0,0,1,1,0,1,0,0,0,0,0,0,0,1,0,0,0,1,0,0,0,0,0,245728.421875,245000.0
2235,1,2,0,1,0.0,2.0,3,1,0,2,1,4,0,0,0,0,0,0,0,1,0,0,0,0,0,0,0,0,0,0,1,0,1,0,1,0,0,0,0,0,1,0,0,0,1,0,0,0,0,0,142243.125,140000.0
2236,1,2,3,1,0.0,1.0,3,1,0,1,1,6,0,0,0,1,0,0,1,0,0,0,0,0,0,0,0,0,1,1,1,0,0,0,0,1,0,1,0,0,1,0,0,0,1,0,0,0,0,0,265070.78125,260000.0
2257,1,2,3,1,0.0,9.0,3,1,0,0,1,11,0,0,0,1,1,0,1,0,0,0,0,0,0,0,0,1,0,0,1,0,1,0,0,0,0,0,0,0,1,0,0,0,1,0,0,0,0,0,283672.40625,280000.0
2232,1,2,2,1,0.0,2.0,3,1,0,1,1,9,0,0,0,1,1,0,1,0,0,0,0,0,0,0,0,1,0,1,1,0,1,0,0,0,0,0,0,0,0,0,0,0,1,0,0,1,1,0,297928.875,270000.0
2261,1,6,1,1,0.0,1.0,4,1,0,2,1,6,0,0,0,1,0,0,1,0,0,0,0,0,0,0,0,0,1,0,1,0,1,0,0,0,0,0,0,0,1,0,0,0,1,0,0,0,0,0,187836.265625,180000.0
2239,1,4,2,1,0.0,1.0,3,1,0,1,1,8,0,0,0,1,1,0,1,0,0,0,0,0,0,0,0,1,1,0,1,0,1,0,0,0,0,1,0,0,1,0,0,0,1,0,0,0,0,1,240121.9375,235000.0
2227,1,6,3,1,0.0,0.0,3,1,0,1,1,8,0,0,0,1,1,0,1,0,0,0,0,0,0,0,0,1,0,0,1,0,1,0,0,0,0,1,0,0,1,0,0,0,1,0,0,0,0,0,245587.734375,240000.0
2455,1,2,3,1,0.0,1.0,5,1,0,1,1,10,0,0,0,1,1,0,1,0,0,0,0,0,0,0,0,1,0,0,1,0,1,0,0,0,0,0,0,0,1,0,0,0,1,0,0,0,0,0,309594.6875,320000.0
2203,1,2,3,1,0.0,1.0,3,1,0,1,1,9,0,0,0,1,1,0,1,0,0,0,0,0,0,0,0,1,0,0,1,0,1,0,0,0,0,0,0,0,1,0,0,0,1,0,0,0,0,1,248497.4375,250000.0
2227,1,2,2,1,0.0,2.0,3,1,0,1,1,7,1,0,0,0,0,0,0,1,0,0,0,0,0,0,0,1,0,0,1,0,1,0,0,0,0,1,0,0,1,0,0,0,1,0,0,0,0,0,213716.265625,210000.0
2466,1,4,4,1,0.0,1.0,5,1,0,1,2,11,0,0,0,1,1,0,1,0,0,0,0,0,0,0,0,1,0,0,1,0,1,0,0,0,0,1,0,0,1,0,0,0,1,0,0,0,0,0,375942.875,375000.0
2263,1,4,5,1,0.0,2.0,4,1,0,1,1,10,0,0,1,0,1,1,0,0,0,0,0,0,0,0,0,0,0,1,1,1,1,0,0,0,0,0,0,0,1,0,0,0,1,0,0,0,0,1,878567.75,900000.0
2247,1,4,4,1,0.0,2.0,4,1,0,1,1,11,0,0,0,1,1,0,1,0,0,0,0,0,0,0,0,0,1,1,1,0,1,0,0,0,0,1,0,0,0,0,0,0,1,0,0,0,0,1,419615.90625,415000.0
2200,0,3,2,1,0.0,3.0,4,1,0,1,1,7,1,0,0,0,1,0,0,0,0,0,0,0,0,0,0,0,0,0,1,0,1,0,0,0,0,1,0,0,1,0,0,0,1,0,0,0,0,0,819.9276123046875,875.0
2207,0,3,2,1,0.0,1.0,4,1,0,1,1,7,1,0,0,0,1,0,0,0,0,0,0,0,0,0,0,0,0,0,1,0,1,0,0,0,0,1,0,0,1,0,0,0,1,0,0,0,0,0,813.0799560546875,890.0
2220,1,6,1,1,0.0,2.0,3,1,0,1,1,5,0,0,0,1,0,0,1,0,0,0,0,0,0,0,0,0,0,0,1,0,1,0,0,0,0,0,0,0,1,0,0,0,1,0,0,0,0,0,193870.578125,190000.0
2467,1,6,0,1,0.0,1.0,1,1,1,0,1,5,1,0,0,0,0,0,0,0,0,0,0,0,0,0,0,0,0,0,0,0,0,0,1,0,0,0,0,0,1,0,0,0,1,0,0,0,0,0,120875.5546875,95000.0
2135,1,6,4,1,0.0,0.0,3,1,1,1,0,3,0,0,0,0,1,1,1,0,0,0,0,0,1,0,1,0,1,0,0,0,0,0,1,0,0,0,0,1,1,0,0,0,1,0,0,0,0,0,478228.125,475000.0
2129,1,2,3,2,0.0,2.0,3,1,1,0,1,2,0,0,0,1,1,0,0,1,0,0,0,0,1,0,0,1,0,0,0,0,0,0,1,0,0,0,0,0,1,0,0,0,1,0,0,0,0,0,406824.1875,400000.0
3218,1,4,2,1,0.0,2.0,2,1,0,2,1,6,0,0,0,1,1,0,1,0,0,0,0,0,0,0,1,0,0,1,1,0,0,0,1,0,0,0,0,0,1,0,0,0,1,0,0,0,0,0,188924.3125,190000.0
3203,1,4,1,1,0.0,2.0,3,1,1,1,2,6,0,0,0,0,1,0,1,0,0,0,0,0,0,0,1,0,0,0,1,1,0,0,1,0,0,0,0,0,1,0,0,0,1,0,0,0,0,0,215610.0,220000.0
3267,1,7,4,1,0.0,0.0,3,1,1,2,1,6,0,0,0,1,1,0,1,0,0,0,0,0,0,0,1,0,0,1,1,0,0,0,1,0,0,0,0,1,1,0,0,0,0,0,1,0,0,0,440706.0,345000.0
3194,1,4,4,1,0.0,1.0,5,1,1,2,1,8,0,0,0,1,1,0,1,0,0,0,0,0,0,0,1,0,1,0,1,0,1,0,0,0,0,0,0,0,0,0,0,0,1,0,0,0,0,0,426392.5,425000.0
3281,0,3,5,1,0.0,2.0,5,1,1,3,1,9,0,0,0,1,1,0,1,0,0,0,0,0,1,0,1,0,0,1,0,0,0,0,1,0,0,0,0,0,1,0,0,0,1,0,0,0,0,0,1608.8104248046875,1250.0
3213,1,4,2,1,0.0,2.0,3,1,0,1,1,8,0,0,0,1,1,0,1,0,0,0,0,0,1,0,1,0,0,0,1,0,1,0,0,1,0,1,0,0,1,0,0,0,1,0,0,0,0,0,205576.234375,195000.0
3249,1,2,4,1,0.0,2.0,4,1,0,3,1,10,0,0,0,1,1,0,1,0,0,0,0,0,0,0,1,0,0,1,1,0,0,0,1,0,0,0,0,0,1,0,0,0,0,0,1,0,0,0,426809.03125,425000.0
3173,1,4,4,4,0.0,3.0,5,1,2,1,0,8,0,0,0,1,1,0,1,0,0,0,0,0,0,0,1,0,0,1,1,0,0,0,1,0,0,0,0,0,1,0,0,0,1,0,0,0,0,0,338538.875,335000.0
3177,1,4,4,1,0.0,1.0,4,1,1,3,2,8,0,0,0,1,1,0,1,0,0,0,0,0,0,0,1,0,0,1,1,0,0,0,1,0,0,0,0,0,1,0,0,0,1,0,0,0,0,0,378953.125,375000.0
3264,1,4,3,1,0.0,0.0,4,1,1,1,1,13,0,0,0,1,1,0,1,0,0,0,0,0,0,0,0,1,0,1,1,0,0,0,1,0,0,0,0,1,1,0,0,0,0,0,0,0,0,0,361186.125,350000.0
3140,1,4,3,1,0.0,1.0,4,1,1,2,1,6,0,0,0,0,0,0,0,1,0,0,0,0,0,0,1,0,0,1,1,0,0,0,0,0,0,1,0,0,1,0,0,0,1,0,0,0,0,0,301011.6875,290000.0
3180,1,4,4,1,0.0,1.0,4,1,1,2,1,8,0,0,0,1,1,0,1,0,0,0,0,0,0,0,1,0,0,1,1,0,0,0,1,0,0,0,0,0,1,0,0,0,1,0,0,0,0,0,325768.4375,315000.0
3175,1,7,4,1,0.0,5.0,4,1,1,2,2,9,0,0,0,1,1,0,1,0,0,0,0,0,0,0,0,1,0,1,1,0,0,0,1,0,0,0,0,0,1,0,0,0,1,0,0,0,0,0,409452.9375,400000.0
3104,1,7,4,1,0.0,0.0,4,1,0,2,1,9,0,0,0,1,1,0,1,0,0,0,0,0,0,0,1,0,0,1,1,0,0,0,1,0,0,0,0,0,1,0,0,0,1,0,0,0,0,0,458336.6875,450000.0
3172,1,7,1,1,0.0,1.0,3,1,1,1,1,3,0,0,0,0,0,0,0,1,0,0,0,0,0,0,1,0,0,1,1,0,0,0,1,0,0,0,0,0,1,0,0,0,1,0,0,0,0,0,183546.171875,185000.0
3166,1,7,1,1,0.0,2.0,3,1,1,2,1,6,0,0,0,1,1,0,1,0,0,0,0,0,0,0,1,0,0,1,1,0,0,0,1,0,0,0,0,0,1,0,0,0,1,0,0,0,0,0,199938.859375,200000.0
3140,1,7,0,1,0.0,3.0,2,1,1,2,1,5,0,0,0,0,0,0,0,1,0,0,0,0,0,0,1,0,0,1,1,0,0,0,1,0,0,0,0,0,1,0,0,0,1,0,0,0,0,0,148442.15625,150000.0
3210,1,4,4,1,0.0,0.0,4,1,0,2,2,16,0,0,0,1,1,0,1,0,0,0,0,0,0,0,0,1,0,1,1,0,0,0,1,0,0,0,0,1,0,0,0,0,0,0,1,0,0,0,919382.0,900000.0
3185,1,4,2,1,0.0,2.0,3,1,0,1,1,8,0,0,0,1,1,0,1,0,0,0,0,0,0,0,1,0,0,1,1,0,0,0,1,0,0,0,0,0,1,0,0,0,1,0,0,0,0,0,257048.9375,255000.0
3170,0,3,2,1,0.0,4.0,3,1,0,1,1,6,0,0,0,1,1,0,1,0,0,0,0,0,1,0,1,0,0,1,0,0,0,0,1,0,0,0,0,0,1,0,0,0,1,0,0,0,0,0,704.4315185546875,725.0
3169,1,4,1,1,0.0,2.0,2,1,1,1,1,4,0,0,0,0,0,0,0,1,0,0,0,0,0,0,1,0,0,1,1,0,0,0,1,0,0,0,0,0,1,0,0,0,1,0,0,0,0,0,160154.953125,160000.0
3138,1,2,0,3,0.0,3.0,3,1,0,1,1,6,0,0,0,0,0,0,0,1,0,0,0,0,0,0,1,0,0,1,1,0,0,0,1,0,0,0,0,0,1,0,0,0,1,0,0,0,0,0,72911.8203125,140000.0
3188,0,3,1,1,0.0,5.0,2,1,0,1,1,4,0,0,0,1,1,0,1,0,0,0,0,0,1,0,1,1,0,0,0,0,0,0,1,0,0,0,0,0,1,0,0,0,1,0,0,0,0,0,547.4647216796875,675.0
3266,1,4,2,1,0.0,1.0,2,1,0,2,1,6,0,0,0,1,1,0,1,0,0,0,0,0,0,0,1,0,0,1,1,0,0,0,1,0,0,0,0,1,1,0,0,0,0,0,1,0,0,0,252571.546875,250000.0
3878,1,6,0,1,0.0,0.0,4,1,0,2,1,4,0,0,0,0,0,0,0,0,0,0,0,0,1,0,0,0,0,0,0,0,0,0,0,0,0,0,0,1,1,0,0,0,0,0,0,0,0,0,210321.1875,210000.0
2502,1,6,2,1,0.0,2.0,3,1,1,2,1,1,0,0,0,1,1,0,0,0,0,0,0,0,1,0,0,1,0,0,0,0,0,0,0,0,0,0,0,0,0,0,0,0,1,0,0,0,0,0,199458.625,200000.0
2578,1,6,1,1,0.0,3.0,2,1,1,1,1,0,0,0,0,1,0,0,0,0,0,0,0,0,1,0,0,0,0,0,0,1,0,0,0,0,0,0,0,1,0,0,0,1,0,0,0,0,0,0,210418.953125,210000.0
2551,0,3,1,1,0.0,2.0,3,1,1,1,1,0,0,0,0,0,0,0,1,0,0,0,0,0,1,0,0,0,0,0,0,0,0,0,0,0,0,0,0,0,0,0,0,0,1,0,0,0,0,0,889.9783935546875,795.0
2500,1,6,3,1,0.0,1.0,4,1,0,2,1,2,0,0,0,0,0,0,0,1,0,0,0,0,1,0,0,0,0,0,0,0,0,0,0,0,0,0,0,0,1,0,0,0,1,0,0,0,0,0,244849.796875,250000.0
2516,1,6,2,1,0.0,1.0,3,1,1,1,1,0,0,0,0,0,0,0,1,0,0,0,0,0,1,0,0,1,0,0,0,0,0,0,0,0,0,0,0,1,1,0,0,0,0,0,0,0,0,0,249188.890625,250000.0
2518,1,6,5,1,0.0,7.0,5,1,1,2,2,1,0,0,0,1,1,0,0,0,0,0,0,0,1,0,1,0,1,0,0,0,0,0,0,0,0,0,0,1,1,0,0,0,0,0,0,0,0,0,585402.75,600000.0
2552,1,6,0,1,0.0,5.0,2,1,1,1,1,0,0,0,0,0,0,0,0,1,0,0,0,0,0,0,0,0,1,0,0,1,0,0,0,0,0,0,0,1,1,0,0,0,0,0,0,0,0,0,116063.9609375,115000.0
2571,0,3,2,1,0.0,2.0,3,1,2,2,1,0,0,0,0,0,0,0,1,0,0,0,0,0,1,0,0,1,0,0,0,0,0,0,0,0,0,0,0,0,0,0,0,0,1,0,0,0,0,0,0.0,825.0
990,1,6,2,1,0.0,0.0,2,1,0,1,0,2,0,0,0,0,0,0,1,0,0,0,0,0,0,0,0,0,0,0,0,0,0,0,1,0,0,0,0,0,1,0,1,0,0,0,0,0,0,0,132941.234375,135000.0
3520,1,2,2,1,0.0,1.0,5,1,0,2,1,14,0,0,0,1,1,0,1,0,0,0,0,0,1,0,1,1,0,0,0,0,0,0,0,0,0,0,0,0,1,0,0,0,1,0,0,0,0,0,358390.625,350000.0
3515,1,6,3,1,0.0,0.0,4,1,1,2,1,8,0,0,0,1,1,0,1,0,0,0,0,0,1,0,0,0,1,0,0,0,0,0,1,0,0,0,0,0,1,0,0,0,1,0,0,0,0,0,284590.125,280000.0
3512,1,6,0,1,0.0,1.0,2,1,0,2,1,5,1,0,0,0,0,0,1,0,0,0,0,0,1,0,0,0,1,0,0,0,0,0,0,0,0,0,0,0,1,0,0,0,1,0,0,0,0,0,153630.09375,150000.0
3495,1,6,2,1,0.0,1.0,4,1,1,2,1,8,0,0,0,1,1,0,0,0,0,0,0,0,1,0,1,0,1,0,0,0,0,0,1,0,0,0,0,0,1,0,0,0,1,0,0,0,0,0,188996.734375,190000.0
3518,1,6,1,1,0.0,1.0,3,1,0,2,1,9,0,0,0,1,1,0,1,0,0,0,0,0,0,0,0,1,0,0,1,0,0,0,1,0,0,0,0,0,1,0,0,0,0,0,1,0,0,0,250112.421875,250000.0
3493,1,6,2,1,0.0,1.0,3,1,1,1,1,7,0,0,0,0,0,0,1,0,0,0,0,0,1,0,0,0,0,0,0,0,0,0,0,0,0,0,0,0,1,0,0,0,1,0,0,0,0,0,296359.96875,300000.0
3725,1,2,5,4,0.0,1.0,4,1,1,0,1,1,0,0,0,1,0,1,1,0,0,0,0,0,1,0,1,0,1,0,0,0,1,0,0,0,0,0,0,0,1,0,0,0,0,0,1,0,0,0,690728.0625,700000.0
3707,1,2,5,1,0.0,3.0,4,1,1,0,1,2,0,0,0,1,1,0,1,0,0,0,0,0,0,0,0,0,1,1,1,0,0,0,0,0,0,0,0,0,1,0,0,0,1,0,0,1,0,0,420325.25,415000.0
3746,1,2,1,1,0.0,1.0,1,1,0,0,0,1,1,0,0,0,0,0,1,0,0,1,0,0,0,0,0,0,0,0,0,0,0,0,0,0,0,0,0,0,0,0,0,0,1,0,0,0,0,0,175538.46875,175000.0
3696,1,2,2,1,0.0,2.0,3,1,1,0,0,2,0,0,0,0,1,0,1,0,0,1,0,0,1,0,0,0,0,1,1,0,0,0,0,0,0,0,1,0,0,0,0,0,1,0,0,0,0,0,344479.4375,330000.0
3651,1,2,3,1,0.0,1.0,3,1,1,0,1,0,1,0,0,0,0,0,1,0,0,0,0,0,1,0,0,0,0,1,1,0,0,0,0,0,0,0,0,0,1,0,0,0,1,0,0,0,0,0,390656.1875,389950.0
3688,1,2,2,3,0.0,1.0,3,1,1,0,0,0,0,0,0,1,0,0,1,0,0,0,0,0,0,0,1,0,1,1,0,0,0,0,0,0,0,0,0,0,1,0,0,0,1,0,0,0,0,0,232504.46875,237500.0
3700,1,2,2,4,0.0,1.0,3,1,1,0,1,2,0,0,0,0,0,0,0,0,0,0,0,0,1,0,1,0,0,1,0,0,0,0,0,0,0,0,0,0,0,0,0,1,0,0,0,0,0,0,298695.71875,300000.0
3749,1,2,4,1,0.0,1.0,4,1,1,0,2,0,0,0,0,1,0,0,1,0,0,1,0,0,1,0,1,0,1,0,0,0,0,0,0,0,1,0,0,0,0,0,0,0,1,0,0,0,0,0,626397.6875,625000.0
3712,1,2,1,1,0.0,1.0,2,1,2,0,0,0,0,0,0,1,1,0,1,0,0,0,0,0,1,0,1,0,0,1,0,0,0,0,0,0,0,0,0,0,1,0,0,0,1,0,0,0,0,0,226173.03125,235000.0
3666,1,4,2,1,0.0,2.0,3,2,1,1,1,2,1,0,0,1,0,0,1,0,0,0,0,0,1,0,1,0,0,1,0,0,0,0,0,0,0,0,0,0,1,0,0,0,1,0,0,0,0,0,401644.8125,400000.0
3685,1,2,4,4,0.0,2.0,3,1,1,0,0,1,0,0,0,1,0,1,1,0,0,0,0,0,1,0,1,0,0,1,0,0,0,0,0,0,0,0,0,0,0,0,0,0,1,0,0,0,0,0,502633.0,500000.0
3713,1,2,2,1,0.0,2.0,3,1,1,0,1,1,0,0,0,1,0,0,1,0,0,1,0,0,1,0,0,0,1,1,0,0,0,0,0,0,0,0,0,0,1,0,0,0,1,0,0,0,0,0,312460.1875,315000.0
3703,1,2,2,1,0.0,0.0,4,1,0,0,1,1,0,0,0,0,0,0,0,0,0,0,0,0,1,0,1,0,0,1,0,0,0,0,0,0,0,0,0,0,1,0,0,0,1,0,0,0,0,0,302888.25,300000.0
3727,1,2,5,2,0.0,4.0,4,1,2,0,1,1,0,0,0,1,1,0,1,0,0,0,0,0,1,0,1,1,0,0,0,0,0,0,0,0,0,0,0,0,0,0,0,0,0,0,1,0,0,0,551168.875,550000.0
3717,1,2,5,1,0.0,1.0,4,1,1,0,1,3,0,0,0,1,1,0,1,0,0,0,0,0,1,0,1,0,0,1,0,0,0,0,0,0,0,0,0,0,1,0,0,1,1,0,0,0,0,0,534184.75,535000.0
3695,1,2,5,3,0.0,1.0,4,1,1,0,1,1,0,0,0,1,1,0,1,0,0,0,0,0,1,0,1,1,0,0,0,0,0,0,0,0,0,0,0,0,1,0,0,0,1,0,0,0,0,0,523193.25,520000.0
3718,1,2,5,4,0.0,2.0,4,1,0,0,1,0,0,0,0,1,1,0,1,0,0,0,0,0,0,0,1,1,0,1,0,0,1,0,0,1,1,0,0,0,0,0,1,0,0,0,0,0,0,0,450144.4375,450000.0
3719,1,2,5,1,0.0,2.0,5,1,1,0,1,1,0,0,0,1,0,1,0,0,0,1,0,0,1,0,1,0,0,1,0,0,0,0,0,0,0,0,0,0,1,0,0,0,1,0,0,0,0,0,523643.09375,520000.0
3686,1,2,2,1,0.0,1.0,2,1,1,0,0,0,1,0,0,0,0,0,1,0,0,0,0,0,1,0,1,0,0,0,1,0,0,0,0,0,0,0,0,0,1,0,0,0,1,0,0,0,0,0,234842.703125,200000.0
3693,1,2,3,1,0.0,2.0,3,1,1,0,1,1,0,0,0,1,1,0,1,0,0,0,0,0,1,0,1,0,0,1,0,0,0,0,0,0,0,0,0,0,1,0,0,1,0,0,0,0,0,0,398099.15625,400000.0
3684,1,2,2,3,0.0,1.0,3,1,1,0,0,0,1,0,0,0,1,0,0,0,0,0,0,0,1,0,1,0,0,1,0,0,0,0,0,0,0,0,0,0,1,0,0,0,1,0,0,0,0,0,249251.265625,250000.0
3307,0,3,0,1,0.0,1.0,3,1,0,1,0,6,0,0,0,1,0,0,0,0,0,0,0,0,1,0,1,0,0,0,0,0,0,0,0,0,0,0,0,0,1,0,0,0,1,0,0,0,0,0,686.8612060546875,750.0
3313,0,3,1,1,0.0,1.0,2,1,0,1,0,3,1,0,0,0,0,0,0,0,0,0,0,0,0,1,0,0,0,0,0,0,0,0,1,0,0,0,0,0,0,0,0,0,1,0,0,0,0,0,966.2147216796875,600.0
4268,0,3,2,1,0.0,1.0,1,0,0,0,0,0,0,0,0,0,0,0,0,0,1,0,0,0,1,0,1,0,0,0,1,0,1,0,0,0,0,0,0,0,1,0,0,1,1,0,0,0,0,0,1031.6737060546875,475.0
2148,1,4,0,3,0.0,1.0,2,1,1,0,1,2,0,0,0,1,0,0,0,0,0,0,0,0,1,0,0,0,0,0,0,0,0,0,1,0,0,0,0,0,0,0,0,0,1,0,0,0,0,0,116433.2421875,115000.0
2157,1,4,2,1,0.0,4.0,4,1,1,0,2,1,0,0,0,0,0,0,0,1,0,0,0,0,1,0,0,0,0,0,0,0,0,0,1,0,0,0,0,1,0,0,0,0,0,0,0,0,0,0,238488.859375,240000.0
2155,1,4,4,1,0.0,1.0,4,1,0,2,1,6,0,0,0,1,0,0,0,0,0,0,0,0,0,0,1,0,0,0,0,0,0,0,1,0,0,0,0,1,0,0,0,0,0,0,0,0,0,0,303085.6875,300000.0
2157,1,4,2,1,0.0,3.0,3,1,0,1,1,3,0,0,0,0,0,0,0,1,0,0,0,0,1,0,0,0,0,0,0,0,0,0,1,0,0,0,0,1,0,0,0,0,0,0,0,0,0,0,242522.953125,235000.0
2153,1,4,2,1,0.0,2.0,3,1,1,1,1,9,0,0,0,1,0,0,0,0,0,0,0,0,0,0,1,0,0,0,0,0,0,0,1,0,0,0,0,0,0,0,0,0,1,0,0,0,0,0,248966.375,250000.0
1627,1,6,5,1,0.0,3.0,4,1,1,2,1,9,0,0,0,1,1,0,1,0,0,0,0,0,1,0,0,1,0,0,0,0,1,0,0,0,0,0,0,0,1,0,0,0,1,0,0,0,0,0,496370.09375,495000.0
1669,1,6,0,1,0.0,7.0,2,1,0,1,1,5,0,0,0,0,0,0,1,0,0,0,1,0,0,0,0,1,0,0,1,0,1,0,0,0,0,0,0,0,1,0,0,0,1,0,0,0,0,0,140369.015625,140000.0
1678,1,6,5,1,0.0,1.0,4,1,0,2,1,14,0,0,0,1,1,0,1,0,0,0,0,0,0,0,0,1,0,0,1,0,1,0,0,0,0,0,0,0,1,0,0,0,1,0,0,0,0,0,605251.125,600000.0
1668,1,6,1,1,0.0,7.0,3,1,0,1,1,5,0,0,0,0,1,0,0,1,0,0,0,0,0,0,0,1,0,0,1,0,1,0,0,0,0,0,0,0,1,0,0,0,1,0,0,0,0,0,170862.90625,165000.0
1557,1,7,2,1,0.0,2.0,2,1,1,1,0,3,1,0,0,0,0,0,1,0,0,0,0,0,0,0,0,0,0,0,0,0,0,0,1,0,0,0,0,0,1,0,1,0,0,0,0,0,0,0,168997.546875,170000.0
5281,0,3,0,1,0.0,6.0,3,1,1,1,0,0,0,0,0,0,0,0,0,1,0,0,0,0,1,0,0,0,0,0,0,0,0,0,0,0,0,0,0,0,0,0,0,0,1,0,0,0,0,0,395.1874084472656,565.0
1006,1,4,2,1,0.0,3.0,2,1,0,1,1,4,0,0,0,0,0,0,1,1,0,0,0,0,1,0,0,0,1,0,0,0,1,0,0,0,0,0,0,0,1,0,0,0,1,0,0,0,0,0,454317.28125,450000.0
1009,1,4,7,1,0.0,5.0,4,1,2,2,2,14,0,0,0,0,1,1,1,0,0,0,0,0,0,0,1,1,0,0,1,0,1,0,0,0,1,0,1,0,1,0,0,0,1,0,0,0,0,0,1407878.875,1450000.0
1010,1,4,5,1,0.0,0.0,3,1,1,2,0,8,1,0,0,0,0,0,0,0,0,0,0,0,0,0,1,0,0,1,1,0,0,0,0,0,0,0,0,0,1,0,0,0,1,0,0,0,0,0,806850.375,800000.0
1003,1,7,4,3,0.0,8.0,3,1,1,0,0,7,0,0,0,1,1,0,1,0,0,0,0,0,1,0,0,1,0,0,1,0,0,0,0,0,0,0,0,0,1,0,0,0,1,0,0,0,0,0,546867.5625,550000.0
4247,1,6,3,1,0.0,3.0,3,1,1,1,1,1,0,0,0,1,1,0,0,0,0,0,0,0,1,0,1,0,0,1,0,0,0,0,1,0,0,0,0,0,1,0,0,0,1,0,0,0,0,0,247517.96875,250000.0
4256,1,6,5,1,0.0,1.0,6,1,2,1,1,3,0,0,0,1,1,0,0,0,0,1,0,0,1,0,1,0,0,0,1,0,1,0,0,0,0,0,0,1,1,0,0,0,1,0,0,0,0,0,544616.375,550000.0
4249,1,6,3,1,0.0,0.0,3,1,1,1,0,2,1,0,0,0,1,0,0,0,0,0,0,0,1,0,0,0,0,0,1,0,0,0,0,0,0,0,0,0,0,0,0,0,1,0,0,0,0,0,235755.6875,230000.0
4390,1,2,3,1,0.0,4.0,3,1,0,1,1,6,1,0,0,1,0,0,0,0,0,1,0,0,1,0,0,0,0,1,1,0,0,0,0,0,0,0,0,0,1,0,0,0,1,0,0,0,0,0,377479.5625,375000.0
4284,1,7,1,3,0.0,0.0,3,1,1,2,0,1,0,0,0,1,0,0,1,0,0,0,0,0,1,0,0,0,1,0,1,0,0,0,0,0,0,0,0,0,1,0,0,1,1,0,0,0,0,0,246806.25,250000.0
4436,1,7,0,1,0.0,1.0,1,1,1,1,0,3,1,0,0,1,0,0,1,0,0,0,0,0,1,0,0,1,1,0,0,0,0,0,0,0,0,0,0,1,1,0,0,1,0,0,0,0,0,0,135161.953125,137500.0
4304,1,4,2,1,0.0,0.0,3,1,1,1,1,1,0,0,0,0,0,0,0,1,0,0,0,0,1,0,0,0,1,0,1,0,0,0,0,0,0,0,0,0,1,0,0,1,1,0,0,0,0,0,299250.90625,300000.0
4392,1,7,2,1,0.0,6.0,2,1,0,1,1,6,0,0,0,1,0,0,1,0,0,0,0,0,1,0,0,0,0,1,1,0,0,0,0,0,0,0,0,0,1,0,0,0,1,0,0,0,0,0,267379.5625,270000.0
4346,1,4,2,1,0.0,0.0,3,1,0,1,1,4,0,0,0,1,0,0,1,0,0,0,0,0,1,0,0,0,0,1,1,0,0,0,0,0,0,0,0,0,1,0,0,1,1,0,0,0,0,0,270980.34375,270000.0
4347,1,2,2,3,0.0,13.0,3,1,1,1,1,2,0,0,0,0,0,0,0,1,0,0,0,0,1,0,0,0,1,0,1,0,0,0,0,0,0,0,0,0,1,0,0,0,1,0,0,0,0,0,220987.609375,220000.0
4299,1,4,3,3,0.0,0.0,3,1,0,1,0,2,0,1,0,0,0,0,1,0,1,0,0,0,0,0,0,0,0,0,0,0,0,1,0,0,0,0,0,0,1,0,1,0,0,0,0,0,0,0,248529.96875,250000.0
4401,1,7,2,3,0.0,1.0,3,1,0,2,1,3,0,0,0,0,0,0,0,0,0,0,0,0,1,0,0,0,0,0,1,0,0,0,0,0,0,0,0,0,1,0,0,1,1,0,0,0,0,0,240200.59375,250000.0
4320,1,2,1,3,0.0,3.0,2,1,0,1,0,3,0,0,0,0,0,1,1,0,0,1,0,0,0,1,0,0,0,0,0,0,0,1,0,0,0,0,0,0,1,0,1,0,0,0,0,0,0,0,149884.890625,150000.0
4474,1,2,2,1,0.0,0.0,4,1,1,1,0,5,0,0,0,1,0,0,1,1,0,0,0,0,1,0,0,0,0,0,1,0,0,0,0,0,0,0,0,0,1,0,0,1,1,0,0,0,0,0,502006.34375,500000.0
4408,1,7,5,1,0.0,1.0,5,1,0,2,1,5,0,0,0,1,1,0,1,0,0,0,0,0,1,0,0,1,0,0,1,0,0,0,0,0,0,0,0,0,1,0,0,1,1,0,0,0,0,0,497935.125,500000.0
4300,1,2,1,1,0.0,0.0,3,1,0,1,0,3,0,0,0,0,0,0,0,1,0,0,0,0,1,0,0,0,1,0,1,0,0,0,0,0,0,0,0,0,1,0,0,1,1,0,0,0,0,0,326684.125,325000.0
4428,1,2,2,1,0.0,3.0,3,1,0,2,1,5,0,0,0,1,1,0,1,0,0,0,0,0,1,0,0,0,0,1,1,0,0,0,0,0,0,0,0,0,1,0,0,0,1,0,0,0,0,0,324528.09375,325000.0
4367,1,2,0,1,0.0,3.0,3,1,0,1,1,5,0,0,0,0,0,0,0,1,0,1,0,0,1,0,0,0,0,1,1,0,0,0,0,0,0,0,0,0,1,0,0,0,1,0,0,0,0,0,207322.359375,210000.0
4417,1,4,4,1,0.0,0.0,4,1,0,2,1,4,0,0,0,1,0,0,1,0,0,0,0,0,1,0,0,1,0,0,1,0,0,0,0,0,0,0,0,0,1,0,0,1,1,0,0,0,0,0,420246.09375,420000.0
4361,1,4,5,1,0.0,3.0,4,1,0,1,1,6,0,0,0,1,1,0,1,0,0,0,0,0,1,0,0,0,0,0,1,0,1,0,0,0,0,1,0,0,1,0,0,0,1,0,0,0,0,0,447295.6875,435000.0
4424,1,4,0,3,0.0,1.0,2,1,1,1,1,5,1,0,0,1,0,0,1,0,0,0,0,0,1,0,0,1,0,0,1,0,0,0,0,0,0,0,0,0,1,0,0,1,1,0,0,0,0,0,167645.59375,170000.0
4373,1,1,0,1,0.0,0.0,2,1,0,0,0,3,0,0,0,0,0,0,0,1,1,0,0,1,1,0,0,0,1,0,1,0,0,0,0,0,0,0,0,0,1,0,0,1,1,0,0,0,0,0,195517.359375,190000.0
4353,1,2,1,3,0.0,2.0,2,1,1,1,0,2,1,0,0,0,0,1,1,0,0,0,0,0,0,1,0,0,0,0,0,0,0,0,0,0,0,0,0,0,1,0,1,0,0,0,0,0,0,0,162461.28125,160000.0
4429,1,2,2,1,0.0,2.0,3,1,0,1,1,5,0,0,0,1,1,0,1,0,0,0,0,0,1,0,0,0,0,1,1,0,0,0,0,0,0,0,0,0,1,0,0,1,1,0,0,0,0,0,296088.625,290000.0
4368,1,2,2,4,0.0,7.0,3,1,0,0,1,7,0,0,0,1,0,0,1,1,0,0,0,0,1,0,0,0,0,1,1,0,0,0,0,0,0,0,0,0,1,0,0,0,1,0,0,0,0,0,281902.09375,280000.0
4418,1,7,2,3,0.0,0.0,2,1,0,1,1,5,0,0,0,0,0,0,0,1,0,0,0,0,1,0,0,1,0,0,1,0,0,0,0,0,1,0,0,1,0,0,0,1,1,0,0,0,0,0,290136.40625,300000.0
4329,1,4,5,1,0.0,4.0,4,1,1,2,1,8,1,0,0,1,0,0,1,0,0,0,0,0,1,0,0,0,0,1,1,0,0,0,0,0,0,0,0,0,1,0,0,0,1,0,0,0,0,0,668715.8125,650000.0
4354,1,2,0,1,0.0,2.0,2,1,0,1,1,4,0,0,0,1,0,0,1,0,0,0,1,0,1,0,0,0,0,0,1,0,0,0,0,0,0,0,0,0,1,0,0,1,1,0,0,0,0,0,173065.046875,170000.0
4318,1,2,0,4,0.0,2.0,2,1,0,1,0,2,0,0,0,0,0,0,1,0,1,0,0,0,0,1,0,0,0,0,1,0,0,0,0,0,0,0,0,0,1,0,0,0,1,0,0,0,0,0,150770.734375,150000.0
4320,1,2,1,1,0.0,1.0,1,1,0,1,1,1,1,0,0,0,0,1,1,0,0,0,0,0,0,1,0,0,0,0,0,0,0,0,0,0,0,0,0,0,1,0,1,0,0,0,0,0,0,0,146842.703125,150000.0
4389,1,2,2,1,0.0,2.0,3,1,1,1,0,4,0,0,0,0,1,0,0,0,0,0,0,0,1,0,0,0,0,1,1,0,0,0,0,0,0,0,0,0,1,0,0,0,1,0,0,0,0,0,274273.71875,270000.0
4390,1,4,3,1,0.0,1.0,3,1,1,1,1,10,1,0,0,1,1,0,0,0,0,0,0,0,1,0,0,0,0,1,1,0,0,0,0,0,0,0,0,0,1,0,0,0,1,0,0,0,0,0,383690.3125,375000.0
4361,1,2,2,1,0.0,5.0,2,1,1,1,1,4,1,0,0,1,0,0,1,0,0,0,0,0,1,0,0,0,0,1,1,0,0,0,0,0,0,0,0,0,1,0,0,0,1,0,0,0,0,0,287658.65625,290000.0
4381,1,4,2,1,0.0,0.0,3,1,1,1,1,3,0,0,0,0,0,0,0,1,0,0,0,0,0,0,1,0,0,1,0,0,0,0,0,0,0,0,0,0,1,0,0,0,1,0,0,0,0,0,309171.9375,315000.0
4327,1,2,2,1,0.0,5.0,2,1,1,1,0,5,1,0,0,0,0,1,1,0,0,0,0,0,0,1,0,0,0,0,0,0,0,0,0,0,0,0,0,0,1,0,1,0,0,0,0,0,0,0,207299.015625,210000.0
4371,1,2,2,1,0.0,1.0,2,1,1,1,1,3,0,0,0,1,0,1,1,0,0,0,0,0,1,0,0,0,0,1,1,0,0,0,0,0,0,0,0,0,1,0,0,0,1,0,0,0,0,0,267594.75,270000.0
4322,1,2,1,1,0.0,1.0,3,1,1,1,0,5,0,0,0,1,0,0,0,1,0,0,0,0,1,0,0,0,0,1,1,0,0,0,0,0,0,0,0,0,1,0,0,0,1,0,0,0,0,0,215738.953125,220000.0
4393,1,2,3,1,0.0,3.0,3,1,1,1,0,6,0,0,0,1,0,0,1,0,0,0,0,0,1,0,0,0,0,1,1,0,0,0,0,0,0,0,0,0,1,0,0,0,1,0,0,0,0,0,400702.75,400000.0
4378,1,2,1,1,0.0,0.0,3,1,0,1,1,2,0,0,0,0,0,0,0,1,0,0,0,0,1,0,0,0,0,1,1,0,0,0,0,0,0,0,0,0,1,0,0,0,1,0,0,0,0,0,280042.875,275000.0
4345,1,2,2,1,0.0,1.0,3,1,1,1,1,7,0,0,0,1,0,0,1,0,0,0,0,0,1,0,0,0,0,1,1,0,0,0,0,0,0,0,0,0,1,0,0,0,1,0,0,0,0,0,346301.03125,340000.0
861,1,7,3,1,0.0,1.0,3,1,0,1,0,4,0,0,0,1,1,0,0,0,0,0,0,0,1,0,0,0,0,0,0,0,1,0,0,0,0,0,0,0,1,0,0,0,1,0,0,0,0,0,242687.5625,240000.0
855,0,3,1,1,0.0,0.0,2,1,0,1,1,1,0,0,0,0,0,0,1,0,0,0,0,0,1,0,0,0,0,0,0,0,1,0,0,0,0,0,0,0,1,0,0,0,1,0,0,0,0,0,904.4940185546875,550.0
2332,1,6,3,1,0.0,0.0,2,1,0,1,1,6,0,0,0,1,0,0,1,0,0,0,0,0,1,0,1,1,0,0,0,0,0,0,0,0,0,0,0,1,0,0,0,0,0,0,1,0,0,0,255909.640625,260000.0
2354,1,2,2,1,0.0,2.0,3,1,0,1,1,5,0,0,0,1,1,0,1,0,0,0,0,0,1,0,0,0,1,1,0,0,0,0,0,0,0,0,0,0,0,0,0,0,1,0,0,0,0,0,333954.78125,325000.0
1710,1,6,0,1,0.0,1.0,3,1,0,1,1,5,0,0,0,0,0,0,0,1,0,0,0,0,1,0,0,1,0,0,1,0,0,0,1,0,0,0,0,0,1,0,0,1,1,0,0,0,0,0,143894.65625,120000.0
1757,1,2,2,1,0.0,1.0,3,1,0,1,1,6,0,0,0,1,1,0,1,0,0,0,0,0,1,0,0,1,0,0,1,0,0,0,1,0,0,0,0,0,1,0,0,1,1,0,0,0,0,0,179684.375,180000.0
1854,1,6,0,1,0.0,2.0,3,1,0,1,1,6,0,0,0,0,0,0,0,1,0,0,0,0,1,0,1,0,0,0,1,0,0,0,1,0,0,0,0,0,1,0,0,1,1,0,0,0,0,0,119921.484375,120000.0
1782,1,6,1,1,0.0,3.0,3,1,0,1,1,5,0,0,0,0,1,0,1,0,0,0,1,0,1,0,0,1,0,0,1,0,0,0,1,0,0,0,0,0,1,0,0,1,1,0,0,0,0,0,122401.6953125,120000.0
1742,1,2,0,1,0.0,2.0,3,1,0,1,1,6,0,0,0,0,0,0,0,1,0,0,0,0,1,0,1,0,0,0,1,0,0,0,1,0,0,0,0,0,1,0,0,1,1,0,0,0,0,0,108770.6640625,105000.0
1707,1,2,2,1,0.0,2.0,3,1,0,2,0,9,0,0,0,1,0,0,1,0,0,1,0,0,1,0,1,0,0,0,1,0,0,0,1,0,0,0,0,0,1,0,0,1,1,0,0,0,0,0,158734.203125,155000.0
1806,1,6,1,1,0.0,3.0,2,1,0,2,1,6,0,0,0,1,0,0,1,0,0,1,0,0,1,0,1,0,0,1,0,0,0,0,1,0,0,0,0,0,1,0,0,1,1,0,0,0,0,0,140014.4375,140000.0
1751,1,6,2,1,0.0,3.0,4,1,1,1,1,8,0,0,0,0,1,0,1,0,0,0,1,0,1,0,0,0,0,1,1,0,0,0,1,0,0,0,0,0,1,0,0,1,1,0,0,0,0,0,213099.453125,210000.0
1766,1,6,2,1,0.0,2.0,3,1,0,2,1,7,0,0,0,0,0,0,0,1,0,0,0,0,1,0,1,0,0,0,1,0,0,0,1,0,0,0,0,0,0,0,0,1,1,0,0,0,0,0,193665.546875,190000.0
1867,0,3,1,1,0.0,5.0,3,1,0,1,1,6,0,0,0,0,0,0,1,0,0,1,1,0,1,0,1,0,0,0,1,0,0,0,1,0,0,0,0,0,1,0,0,1,1,0,0,0,0,0,365.0018615722656,625.0
1768,1,6,0,1,0.0,5.0,2,1,0,1,2,5,0,0,0,0,0,0,0,1,0,0,0,0,1,0,1,0,0,0,1,0,0,0,1,0,0,0,0,0,1,0,0,1,1,0,0,0,0,0,122003.3515625,120000.0
1774,1,6,0,3,0.0,2.0,3,1,0,1,1,5,0,0,0,0,0,0,0,1,0,0,0,0,1,0,1,0,0,0,1,0,0,0,1,0,0,0,0,0,1,0,0,1,1,0,0,0,0,0,84037.6484375,85000.0
1798,1,6,1,1,0.0,10.0,3,1,0,1,1,6,0,0,0,1,1,0,1,0,0,0,0,0,1,0,1,0,0,0,1,0,0,0,1,0,0,0,0,0,1,0,0,1,1,0,0,0,0,0,129813.4140625,130000.0
1705,1,2,2,1,0.0,0.0,4,1,0,2,1,8,0,0,0,1,1,0,1,0,0,0,0,0,1,0,1,0,0,0,1,0,0,0,1,0,0,0,0,0,1,0,0,1,1,0,0,0,0,0,161634.265625,155000.0
1733,1,2,1,1,0.0,0.0,3,1,0,1,0,7,0,0,0,1,0,0,1,0,0,1,0,0,1,0,1,0,0,0,1,0,0,0,1,0,0,0,0,0,1,0,0,1,1,0,0,0,0,0,135897.90625,135000.0
1691,1,2,0,3,0.0,4.0,2,1,0,2,1,5,0,0,0,1,0,0,1,0,0,1,0,0,1,0,1,0,0,0,1,0,0,0,1,0,0,0,0,0,1,0,0,1,1,0,0,0,0,0,85667.0078125,85000.0
1867,1,6,1,1,0.0,4.0,3,1,0,2,1,6,0,0,0,0,1,0,0,1,0,0,0,0,1,0,1,0,0,0,1,0,0,0,1,0,0,0,0,0,1,0,0,1,1,0,0,0,0,0,135147.359375,130000.0
1764,1,2,1,1,0.0,5.0,3,1,0,1,2,5,0,0,0,0,0,0,0,1,0,0,0,0,1,0,1,0,0,0,1,0,0,0,1,0,0,0,0,0,1,0,0,1,1,0,0,0,0,0,180702.515625,180000.0
1754,1,6,0,1,0.0,0.0,3,1,0,1,0,9,0,0,0,1,0,0,1,0,0,1,0,0,1,0,1,0,0,0,1,0,0,0,1,0,0,0,0,0,1,0,0,1,1,0,0,0,0,0,146955.734375,150000.0
1776,1,6,0,1,0.0,0.0,2,1,0,1,0,4,0,0,0,1,0,0,1,0,0,1,0,0,1,0,1,0,0,0,1,0,0,0,1,0,0,0,0,0,1,0,0,1,1,0,0,0,0,0,95226.328125,97000.0
1706,1,2,2,1,0.0,2.0,3,1,0,2,0,8,0,0,0,0,1,0,1,0,0,1,0,0,1,0,1,0,0,0,1,0,0,0,1,0,0,0,0,0,1,0,0,1,1,0,0,0,0,0,157693.890625,155000.0
1825,1,6,0,3,0.0,2.0,2,1,0,1,0,5,0,0,0,1,0,0,1,0,0,1,0,0,1,0,1,0,0,0,1,0,0,0,1,0,0,0,0,0,1,0,0,1,1,0,0,0,0,0,79080.0859375,80000.0
1711,1,2,1,1,0.0,1.0,3,1,0,1,1,6,0,0,0,1,0,0,1,0,0,1,0,0,1,0,1,0,0,0,1,0,0,0,1,0,0,0,0,0,1,0,0,1,1,0,0,0,0,0,141204.0625,140000.0
5505,0,3,0,1,0.0,4.0,1,1,1,1,0,2,1,0,0,0,0,0,1,0,0,0,0,0,0,0,0,0,0,0,0,0,0,0,1,0,0,0,0,1,0,0,0,0,0,0,0,0,0,0,0.0,595.0
5391,1,6,3,1,0.0,0.0,3,1,1,1,0,4,0,0,0,1,1,0,0,0,0,0,0,0,1,0,0,1,0,0,0,0,0,0,1,0,0,0,0,0,0,0,0,0,1,0,0,0,0,0,284004.90625,280000.0
5419,0,3,2,1,0.0,1.0,3,1,1,2,1,2,0,0,0,1,0,0,1,0,0,0,0,0,1,0,1,0,0,0,0,0,0,0,1,0,0,0,0,0,1,0,0,0,1,0,0,0,0,0,819.4647216796875,875.0
5481,1,6,1,1,0.0,0.0,2,1,1,1,0,0,0,0,0,0,0,0,0,1,1,0,0,0,0,0,0,0,0,1,1,1,0,0,1,0,0,0,0,0,0,0,1,0,0,0,0,0,0,0,215305.9375,220000.0
5412,0,3,1,1,0.0,3.0,2,1,0,1,1,3,0,0,0,0,0,0,0,1,0,0,0,0,0,0,0,0,0,0,0,0,0,0,1,0,0,0,0,0,0,0,0,0,1,0,0,0,0,0,658.8397216796875,700.0
5467,0,3,2,1,0.0,0.0,5,1,2,1,2,3,0,0,0,1,1,0,0,0,0,0,0,0,1,0,0,0,1,0,0,0,0,0,1,0,0,0,0,1,0,0,0,0,1,0,0,0,0,0,1250.3612060546875,1400.0
5384,0,3,0,1,0.0,5.0,2,1,1,1,0,0,0,0,0,0,0,0,0,1,0,0,0,0,0,0,0,0,0,0,0,0,0,0,1,0,0,0,0,0,0,0,1,0,0,1,0,0,0,0,791.4266357421875,650.0
5516,0,3,2,1,0.0,2.0,3,1,1,1,0,0,0,0,0,1,1,0,1,0,0,0,0,0,1,0,0,0,0,0,0,0,0,0,1,0,0,0,0,0,0,0,0,1,1,0,0,0,0,0,1070.1483154296875,725.0
5503,1,6,4,1,0.0,0.0,3,1,1,1,0,2,0,0,0,1,1,0,1,0,0,0,0,0,1,0,0,0,0,0,0,0,0,0,1,0,0,0,0,0,0,0,0,0,1,0,0,0,0,0,332545.0625,330000.0
5476,1,6,1,1,0.0,1.0,2,1,1,1,1,4,0,0,0,0,0,0,0,1,0,0,0,0,1,0,0,0,1,0,0,0,0,0,1,0,0,0,0,1,0,0,0,1,0,0,0,0,0,0,219711.171875,220000.0
5514,1,6,1,1,0.0,7.0,3,1,2,1,0,2,0,0,0,0,0,0,1,1,0,0,0,0,0,0,1,0,0,0,0,0,0,0,1,0,0,0,0,1,1,0,0,0,0,0,0,0,0,0,125333.8515625,240000.0
5470,0,3,1,1,0.0,0.0,1,1,1,0,1,2,0,0,0,0,0,0,0,1,1,0,0,0,0,0,0,0,0,0,0,0,0,0,1,0,0,0,0,0,0,0,1,0,0,0,0,0,0,0,733.1033935546875,700.0
5422,1,6,1,1,0.0,8.0,3,1,1,1,0,3,0,0,0,1,1,0,0,0,0,0,0,0,1,0,0,0,1,0,0,0,0,0,1,0,0,0,0,1,0,0,0,1,0,0,0,0,0,0,219966.125,220000.0
5430,0,3,0,1,0.0,1.0,2,1,1,2,1,1,0,0,0,0,0,0,1,0,0,0,0,0,0,0,0,0,0,0,0,0,0,0,1,0,0,0,0,1,0,0,0,1,0,0,0,0,0,0,0.0,700.0
5468,1,6,3,1,0.0,0.0,2,1,1,2,0,2,0,0,0,1,1,0,0,0,0,0,0,0,1,0,0,1,0,0,0,0,0,0,1,0,0,0,0,0,0,0,1,0,0,1,0,0,0,0,284743.8125,280000.0
5446,1,6,2,1,0.0,2.0,4,1,0,2,1,6,0,0,0,1,0,0,1,0,0,0,0,0,0,0,0,1,0,0,0,0,0,0,1,0,0,0,0,0,0,0,0,0,0,0,1,0,0,1,338135.78125,399000.0
5420,1,6,2,1,0.0,3.0,3,1,1,1,1,2,0,0,0,1,0,0,0,0,0,0,0,0,1,0,0,1,0,0,0,0,0,0,1,0,0,0,0,0,1,0,0,0,1,0,0,0,0,0,261373.9375,260000.0
5448,1,6,2,1,0.0,2.0,2,1,1,1,0,4,0,0,0,1,0,0,0,0,0,0,0,0,1,0,0,1,0,0,0,0,0,0,1,0,0,0,0,1,1,0,0,0,0,0,0,0,0,0,222868.671875,220000.0
5433,1,6,4,1,0.0,6.0,3,1,1,1,1,1,0,0,0,1,0,0,0,0,0,0,0,0,1,0,0,1,0,0,0,0,0,0,1,0,0,0,0,0,1,0,0,0,1,0,0,0,0,0,331758.90625,325000.0
5472,0,3,0,1,0.0,3.0,1,1,1,1,0,2,0,0,0,0,0,0,0,0,0,0,0,0,0,0,0,0,0,0,0,0,0,0,1,0,0,0,0,0,1,0,0,1,1,0,0,0,0,0,649.2498779296875,650.0
5426,1,6,1,1,0.0,7.0,3,1,1,1,1,2,0,0,0,1,0,0,1,0,0,0,0,0,1,0,0,1,0,0,0,0,0,0,1,0,0,0,0,0,1,0,0,0,1,0,0,0,0,0,221567.609375,220000.0
5537,1,6,2,3,0.0,2.0,3,1,1,1,1,3,0,0,0,0,0,0,0,1,0,0,0,0,1,0,0,0,0,0,0,0,0,0,1,0,0,0,0,0,0,0,0,0,0,0,1,0,0,0,236698.109375,240000.0
5503,1,6,4,1,0.0,3.0,3,1,1,1,0,2,0,0,0,0,1,0,1,0,0,0,0,0,1,0,0,0,0,0,0,0,0,0,1,0,0,0,0,0,0,0,0,1,1,0,0,0,0,0,319938.71875,315000.0
5478,0,3,1,1,0.0,7.0,2,1,0,1,1,3,0,0,0,0,0,0,0,1,1,0,0,1,0,0,0,0,1,0,0,0,0,0,1,0,0,0,0,0,1,0,0,1,1,0,0,0,0,0,849.0291748046875,800.0
5462,1,6,2,1,0.0,5.0,4,1,1,1,1,2,0,0,0,0,0,0,1,0,0,0,0,0,1,0,0,0,1,0,0,0,0,0,1,0,0,0,0,0,0,0,0,0,1,0,0,0,0,0,238725.421875,240000.0
3934,1,7,1,1,0.0,0.0,3,1,0,1,1,3,0,0,0,1,0,0,1,0,0,0,0,0,1,0,0,1,0,0,0,0,0,0,0,0,0,0,0,0,1,0,0,0,1,0,0,0,0,0,230141.46875,230000.0
3814,1,7,1,1,0.0,0.0,2,1,1,1,0,3,0,0,0,0,0,0,1,0,0,0,0,1,0,1,0,0,0,0,0,0,0,0,1,0,0,0,0,0,0,0,0,0,1,0,0,0,0,0,96083.9453125,95000.0
3640,1,7,2,1,0.0,5.0,2,1,1,1,0,1,0,0,0,0,0,0,1,0,1,0,0,1,0,1,0,0,1,0,0,0,0,1,0,0,0,0,0,0,0,0,1,0,0,0,0,0,0,0,260104.03125,265000.0
1480,1,2,3,1,0.0,0.0,2,1,1,1,1,6,0,0,0,0,0,0,0,1,0,0,0,0,0,0,1,0,0,0,0,0,0,0,1,0,0,0,0,0,0,0,0,0,1,0,0,0,0,0,425541.03125,425000.0
2174,1,2,1,4,0.0,0.0,3,1,0,2,0,4,0,0,0,1,0,0,1,0,0,0,0,0,1,0,1,0,0,0,1,0,0,0,1,0,0,0,0,1,1,0,0,0,1,0,0,0,0,0,92658.4765625,90000.0
3958,1,4,3,4,0.0,2.0,0,0,1,0,0,0,1,0,0,0,0,0,0,0,0,0,0,0,0,1,0,0,0,0,0,0,1,0,0,0,0,0,0,0,0,0,1,0,0,0,0,0,0,0,303627.75,300000.0
828,1,6,2,1,0.0,1.0,3,1,0,2,1,4,0,0,0,0,1,0,1,0,0,0,0,0,1,0,0,0,0,0,0,0,1,0,0,0,0,0,0,0,1,0,0,0,1,0,0,0,0,0,185733.25,180000.0
831,1,4,2,1,0.0,4.0,2,1,1,1,0,1,0,0,0,1,0,0,0,0,0,0,0,0,1,0,0,1,0,0,0,0,1,0,0,0,0,0,0,0,1,0,0,0,1,0,0,0,0,0,170885.34375,165000.0
1000,0,3,2,1,0.0,6.0,1,1,0,1,1,2,0,0,0,0,0,0,0,0,0,0,0,0,0,0,0,0,0,0,0,0,0,0,1,0,0,0,0,0,0,0,0,0,1,0,0,0,0,0,942.5526123046875,725.0
992,1,6,4,1,0.0,0.0,2,1,0,1,1,2,0,0,0,0,0,0,0,1,0,0,0,0,0,1,1,0,0,0,0,0,0,0,1,0,0,0,0,0,0,0,0,0,1,0,0,0,0,0,338735.46875,340000.0
985,1,6,2,1,0.0,0.0,2,1,0,1,0,3,0,0,0,0,0,0,0,1,1,0,0,0,0,1,0,0,0,0,0,0,0,0,1,0,0,0,0,1,1,0,0,0,0,0,0,0,0,0,305588.65625,300000.0
986,0,3,3,1,0.0,3.0,3,1,0,1,1,1,0,0,1,0,0,0,1,0,0,0,0,0,0,1,0,0,0,0,0,0,0,0,1,0,0,0,0,0,1,0,1,0,0,0,0,0,0,0,880.2596435546875,960.0
1822,1,6,0,1,0.0,2.0,3,1,0,1,1,8,0,0,0,0,1,0,0,0,0,0,0,0,0,0,0,1,0,0,1,0,1,0,0,0,0,0,0,0,1,0,0,0,1,0,0,0,0,0,131387.34375,130000.0
1656,0,3,4,1,0.0,4.0,4,1,0,1,1,10,0,0,0,1,1,0,1,0,0,0,0,0,0,0,0,1,0,0,1,0,1,0,0,0,0,0,0,0,1,0,0,0,1,0,0,0,0,0,767.5643310546875,950.0
1657,1,7,4,1,0.0,1.0,4,1,0,1,1,10,0,0,0,1,1,0,1,0,0,0,0,0,0,0,0,1,0,0,1,0,1,0,0,0,0,0,0,0,1,0,0,0,1,0,0,0,0,0,276465.09375,325000.0
1578,1,6,4,1,0.0,0.0,3,1,0,1,1,12,0,0,0,1,1,0,1,0,0,0,0,0,0,0,0,1,0,0,1,0,1,0,0,0,0,0,0,0,0,0,0,0,0,0,1,0,0,0,349957.0,355000.0
1532,1,7,0,1,0.0,0.0,3,1,0,2,1,6,0,0,0,0,0,0,1,0,0,0,0,0,0,0,0,1,0,0,1,0,1,0,0,0,0,0,0,0,0,0,0,0,1,0,0,0,0,0,148757.59375,150000.0
1583,1,7,3,1,0.0,0.0,3,1,0,1,1,9,0,0,0,1,0,0,1,0,0,0,0,0,0,0,0,1,0,0,1,0,1,0,0,0,0,0,0,0,1,0,0,0,1,0,0,0,0,0,287999.125,285000.0
1666,0,3,1,1,0.0,2.0,3,1,0,1,1,5,0,0,0,0,1,0,1,0,0,0,0,0,0,0,0,1,0,0,1,0,1,0,0,0,0,0,0,0,1,0,0,0,1,0,0,0,0,0,576.6268310546875,700.0
1614,0,3,1,1,0.0,3.0,2,1,0,1,0,5,0,0,0,0,0,0,0,1,0,0,0,0,1,0,0,0,0,0,0,0,1,0,0,0,0,0,0,0,1,0,0,0,1,0,0,0,0,0,883.0135498046875,575.0
1622,0,3,3,1,0.0,3.0,3,1,0,1,2,5,1,0,0,0,1,0,0,0,0,0,0,0,0,0,0,0,0,0,1,0,1,0,0,0,0,0,0,0,1,0,0,0,1,0,0,0,0,0,1079.8299560546875,795.0
5184,1,6,4,1,0.0,1.0,4,1,1,1,1,3,0,0,0,0,0,0,1,0,0,0,0,0,1,0,1,0,0,0,1,0,0,0,0,0,0,0,0,0,0,0,0,0,0,0,0,0,0,0,592164.375,600000.0
3107,1,4,1,4,0.0,0.0,3,2,1,1,0,1,0,0,0,1,0,1,1,0,0,0,0,0,1,0,0,0,1,1,0,0,0,0,0,0,0,0,0,0,0,0,0,1,1,0,0,0,0,0,157169.90625,160000.0
3381,1,7,4,1,0.0,0.0,4,1,1,2,1,5,0,0,0,1,1,0,0,0,0,1,0,0,1,0,0,1,0,0,0,0,0,0,0,0,0,0,0,0,0,0,0,0,1,0,0,0,0,0,414938.5625,420000.0
1237,0,3,3,1,0.0,6.0,3,1,1,0,1,0,0,0,0,1,0,0,0,0,0,0,0,0,1,0,0,0,0,0,0,0,0,0,0,0,0,0,0,0,1,0,0,0,1,0,0,0,0,0,1646.1112060546875,1600.0
4584,1,2,1,1,0.0,2.0,3,1,0,1,0,2,0,0,0,1,1,0,1,0,0,0,0,0,0,0,0,0,1,0,0,0,0,0,0,0,0,0,0,0,1,0,0,0,1,0,0,0,0,0,146311.609375,145000.0
4612,1,7,1,1,0.0,3.0,3,1,1,1,1,4,0,0,0,1,1,0,1,0,0,0,0,0,1,0,1,0,0,0,1,0,0,0,0,0,1,0,0,1,0,0,0,1,1,0,0,0,0,0,193210.421875,195000.0
4511,1,2,0,1,0.0,0.0,3,1,1,1,1,3,0,0,0,0,0,0,0,0,0,0,0,0,1,0,1,0,0,0,0,0,0,0,0,0,0,0,0,1,1,0,0,0,1,0,0,0,0,0,119768.6328125,125000.0
4610,1,7,1,1,0.0,3.0,2,1,0,0,1,5,0,0,0,1,0,0,1,0,0,0,0,0,1,0,1,0,0,0,0,0,0,0,0,0,0,0,0,1,0,0,0,1,1,0,0,0,0,0,141324.140625,142000.0
4521,1,2,1,1,0.0,2.0,2,1,0,0,0,5,0,0,0,1,0,0,0,0,0,0,0,0,0,0,1,0,0,0,0,0,0,0,0,0,0,0,0,0,0,0,0,0,0,0,0,1,0,0,186035.1875,185000.0
4613,1,7,1,1,0.0,1.0,3,1,0,1,1,1,0,0,0,1,1,0,0,0,0,0,0,0,1,0,1,0,0,0,0,0,0,0,0,0,0,0,0,1,1,0,0,0,1,0,0,0,0,0,153548.609375,155000.0
4520,1,2,4,1,0.0,1.0,4,1,1,2,1,4,0,0,0,1,1,0,1,0,0,0,0,0,1,0,0,0,1,1,0,0,1,0,0,1,1,0,0,1,0,0,0,1,1,0,0,0,0,0,351153.125,360000.0
355,1,2,1,1,0.0,3.0,2,1,1,1,0,4,0,0,0,0,1,0,1,0,0,0,0,0,1,0,0,1,0,0,1,0,1,0,0,0,0,0,0,0,1,0,0,0,1,0,0,0,0,0,182834.53125,225000.0
342,0,3,2,1,0.0,1.0,2,1,1,1,0,3,0,0,0,0,1,0,0,0,0,1,0,0,0,0,0,0,0,0,0,0,0,0,1,0,0,0,0,0,1,0,0,0,1,0,0,0,0,0,752.2244873046875,950.0
353,1,2,3,1,0.0,1.0,2,1,1,3,1,6,0,0,0,0,1,0,1,0,0,0,0,0,1,0,0,0,1,1,0,0,0,0,1,0,0,0,0,0,1,0,0,0,1,0,0,0,0,0,323171.65625,320000.0
356,0,3,1,1,0.0,3.0,1,1,1,2,0,4,0,0,0,1,1,0,1,0,0,0,0,0,1,0,1,0,0,1,0,0,0,0,1,0,0,0,0,1,1,0,0,0,1,0,0,0,0,0,749.5643310546875,875.0
354,0,3,2,1,0.0,2.0,3,1,1,2,0,6,0,0,0,1,1,0,1,0,0,0,0,0,1,0,1,0,0,1,0,0,1,0,0,0,0,0,0,0,1,0,0,0,0,0,0,0,0,0,494.2655334472656,1100.0
346,0,3,1,1,0.0,0.0,1,1,1,2,0,2,1,0,0,0,1,0,1,0,0,0,0,0,0,1,0,0,0,0,0,0,1,0,0,0,0,0,0,0,1,0,0,0,0,0,0,0,0,0,625.7713623046875,920.0
3933,1,7,0,1,0.0,0.0,3,1,1,0,1,3,0,0,0,0,0,0,0,1,0,0,0,0,1,0,1,0,0,0,0,0,0,0,0,0,0,0,0,0,1,0,0,0,1,0,0,0,0,0,170775.578125,175000.0
3926,1,7,0,1,0.0,1.0,3,1,0,1,1,2,0,0,0,1,0,0,1,0,0,0,0,0,1,0,1,0,0,0,0,0,0,0,0,0,0,0,0,0,1,0,0,0,1,0,0,0,0,0,116336.6328125,115000.0
3928,1,2,0,1,0.0,1.0,3,1,1,1,1,3,0,0,0,1,0,0,1,0,0,0,0,0,1,0,1,0,1,0,0,0,0,0,0,0,0,0,0,0,1,0,0,0,1,0,0,0,0,0,103946.1796875,110000.0
3808,1,2,0,3,0.0,26.0,3,1,0,1,1,4,0,0,0,0,0,0,0,1,0,0,0,0,0,0,1,0,1,0,1,0,0,0,0,0,0,0,0,0,1,0,0,0,1,0,0,0,0,0,104466.4921875,110000.0
3740,1,4,2,1,0.0,2.0,2,1,1,1,0,0,0,0,0,1,1,0,0,0,0,0,0,0,1,0,0,0,0,1,0,0,0,0,0,0,0,0,0,0,0,0,0,0,1,0,0,0,0,0,291359.625,290000.0
3741,0,3,3,1,0.0,1.0,2,1,1,1,1,1,1,0,0,0,0,0,1,0,0,0,0,0,1,0,0,1,0,0,0,0,0,0,0,0,0,0,0,0,0,0,0,0,1,0,0,0,0,0,1247.6268310546875,1200.0
3739,0,3,2,1,0.0,3.0,3,1,0,1,1,5,0,0,0,0,0,0,0,0,0,0,0,0,1,0,0,0,0,0,0,0,0,0,0,0,0,0,0,0,0,0,0,0,1,0,0,0,0,0,1232.3807373046875,1250.0
16,1,6,2,1,0.0,1.0,3,1,1,1,1,3,1,0,0,1,0,0,1,0,0,0,0,0,1,0,0,1,0,1,0,0,0,0,1,0,0,0,0,0,1,0,0,0,1,0,0,0,0,0,198143.640625,200000.0
35,1,0,3,1,0.0,2.0,2,1,1,1,1,1,1,0,1,0,0,1,0,0,0,0,0,0,0,1,0,0,0,0,0,0,0,0,1,0,0,0,0,0,1,0,0,0,1,0,0,0,0,0,132830.96875,130000.0
19,0,3,5,1,0.0,2.0,2,1,2,1,1,2,0,0,0,1,1,0,0,0,0,0,0,0,1,0,0,1,0,0,0,0,0,0,1,0,0,0,0,0,1,0,0,0,1,0,0,0,0,0,686.7987060546875,1050.0
27,0,3,0,1,0.0,1.0,1,1,1,1,0,2,0,1,0,0,0,0,1,0,0,0,0,0,0,0,0,0,0,0,0,0,0,0,1,0,0,0,0,0,1,0,0,0,1,0,0,0,0,0,580.4764404296875,450.0
35,0,3,3,1,0.0,1.0,2,1,1,1,1,1,1,0,1,0,0,1,0,0,0,0,0,0,0,1,0,0,0,0,0,0,0,0,1,0,0,0,0,0,1,0,0,0,1,0,0,0,0,0,483.0565490722656,650.0
3373,1,7,0,1,0.0,8.0,2,1,0,2,0,5,0,0,0,1,0,0,1,0,0,0,0,0,1,0,0,0,1,0,1,0,1,0,0,0,0,0,0,0,1,0,0,0,1,0,0,0,0,0,144317.796875,140000.0
799,1,7,0,1,0.0,1.0,2,1,0,1,1,5,0,0,0,1,0,0,1,0,0,0,0,0,1,0,0,1,1,0,0,0,1,0,0,0,0,0,0,0,1,0,0,0,1,0,0,0,0,0,141900.546875,138000.0
3366,0,3,0,1,0.0,0.0,2,1,1,1,0,2,0,1,0,0,0,1,1,0,0,0,0,0,0,0,0,0,1,0,0,0,0,0,1,0,0,0,0,0,1,0,1,0,0,0,0,0,0,0,515.5682373046875,510.0
3366,0,3,0,1,0.0,3.0,2,1,1,1,0,2,0,1,0,0,0,1,1,0,0,0,0,0,0,0,0,0,1,0,0,0,0,0,1,0,0,0,0,0,1,0,1,0,0,0,0,0,0,0,571.6151123046875,500.0
776,0,3,0,1,0.0,3.0,3,1,0,1,0,2,0,0,0,0,0,0,1,0,0,0,0,0,0,0,0,0,0,0,0,0,0,0,1,0,0,0,0,0,0,0,1,0,0,0,0,0,0,0,627.1112060546875,750.0
776,0,3,0,1,0.0,1.0,3,1,0,1,1,4,0,0,0,0,0,0,1,0,0,0,0,0,0,0,0,0,0,0,0,0,0,0,1,0,0,0,0,0,0,0,1,0,0,0,0,0,0,0,713.3924560546875,900.0
779,1,7,0,1,0.0,1.0,2,1,0,1,1,4,0,0,0,0,1,0,0,0,0,0,0,0,1,0,0,1,1,0,0,0,1,0,0,0,0,0,0,0,1,0,0,0,1,0,0,0,0,0,117110.0234375,110000.0
3073,1,2,0,3,0.0,0.0,3,1,0,1,1,5,0,0,0,1,1,0,0,0,0,0,0,0,1,0,0,1,1,0,0,0,1,0,0,0,0,0,0,0,1,0,0,0,1,0,0,0,0,0,135270.0625,130000.0
3079,1,7,0,1,0.0,1.0,2,1,0,1,1,5,0,0,0,0,0,0,1,0,0,0,0,0,0,0,0,0,1,0,1,0,1,0,0,0,0,0,0,0,1,0,0,0,1,0,0,0,0,0,140954.84375,140000.0
774,1,7,0,1,0.0,1.0,1,1,0,2,1,4,0,0,0,0,0,0,0,1,0,0,0,0,1,0,0,0,0,0,0,0,1,0,0,0,0,0,0,0,1,0,1,0,1,0,0,0,0,0,114407.3359375,115000.0
3373,1,7,0,1,0.0,2.0,2,1,0,1,0,6,0,0,0,1,0,0,1,0,0,0,0,0,1,0,0,0,1,0,0,0,1,0,0,0,0,0,0,0,1,0,0,0,1,0,0,0,0,0,139816.234375,141000.0
3069,0,3,0,1,0.0,4.0,2,1,0,1,0,5,0,0,0,0,0,0,1,0,0,0,0,0,0,0,0,1,0,0,1,0,1,0,0,0,0,0,0,0,1,0,0,0,1,0,0,0,0,0,473.3377990722656,575.0
3087,1,7,0,1,0.0,1.0,2,1,1,1,1,5,0,0,0,1,1,0,1,0,0,0,0,0,1,0,0,0,1,0,1,0,1,0,0,0,0,0,0,0,1,0,0,0,1,0,0,0,0,0,156228.265625,180000.0
3074,1,7,0,1,0.0,0.0,3,1,0,2,1,5,0,0,0,1,0,0,1,0,0,0,0,0,1,0,0,1,1,0,0,0,1,0,0,0,0,0,0,0,1,0,0,0,1,0,0,0,0,0,181023.359375,180000.0
3371,0,3,0,1,0.0,14.0,2,1,0,1,1,3,0,0,0,0,1,0,1,0,0,0,0,0,0,0,0,1,1,0,1,0,1,0,0,0,0,0,0,0,1,0,0,0,1,0,0,0,0,0,597.1326904296875,600.0
2520,0,3,5,1,0.0,0.0,2,1,1,1,1,3,0,0,0,0,0,0,0,1,0,0,0,0,1,0,0,0,0,1,0,0,0,0,0,0,0,0,0,0,0,0,0,0,1,0,0,0,0,0,0.0,1500.0
2520,0,3,5,1,0.0,1.0,2,1,1,1,1,3,0,0,0,0,0,0,0,1,0,0,0,0,1,0,0,0,0,1,0,0,0,0,0,0,0,0,0,0,0,0,0,0,1,0,0,0,0,0,0.0,1500.0
2539,0,3,3,1,0.0,2.0,2,1,1,1,0,3,0,0,0,1,1,0,0,0,0,0,0,0,1,0,0,1,0,0,0,0,0,0,0,0,0,0,0,0,1,0,0,0,1,0,0,0,0,0,687.3641357421875,925.0
1339,0,3,1,1,0.0,3.0,2,1,1,1,0,1,1,0,0,0,0,0,1,0,0,0,0,0,0,1,0,0,0,0,0,0,0,0,0,0,0,0,0,0,1,0,0,0,1,0,0,0,0,0,921.4354248046875,745.0
1384,0,3,3,1,0.0,1.0,3,1,1,1,0,2,0,0,0,1,1,0,1,0,0,0,0,0,1,0,0,1,0,1,0,0,0,0,0,0,0,0,0,0,1,0,0,0,1,0,0,0,0,0,937.1600341796875,925.0
1418,1,2,2,1,0.0,1.0,3,1,1,0,1,2,0,0,0,1,0,0,1,0,0,0,0,0,0,0,0,1,0,0,0,0,0,0,0,0,0,0,0,0,1,0,0,0,1,0,0,0,0,0,421832.1875,180000.0
4817,1,7,2,1,0.0,1.0,3,1,0,3,1,6,0,0,0,0,0,0,0,1,0,0,0,0,1,0,0,0,1,0,1,0,0,0,0,0,0,0,0,1,0,0,0,1,1,0,0,0,0,0,277983.3125,265000.0
4856,1,7,0,1,0.0,3.0,0,1,1,2,1,2,1,0,0,0,0,0,1,0,0,1,0,0,1,0,0,0,1,1,0,0,1,1,0,1,0,0,0,1,1,0,0,0,1,0,0,0,0,0,138248.640625,140000.0
4797,1,7,2,1,0.0,0.0,3,1,1,1,1,4,0,0,0,1,0,0,1,0,0,0,0,0,1,0,1,0,0,1,0,0,0,0,0,0,0,0,0,0,1,0,0,0,1,0,0,0,0,0,177787.21875,180000.0
4833,1,7,1,1,0.0,3.0,3,1,1,1,1,3,0,1,0,0,0,0,1,0,0,1,0,0,1,0,1,1,0,0,0,0,0,0,0,0,0,0,0,0,1,0,0,1,1,0,0,0,0,0,142576.90625,145000.0
4863,1,7,1,1,0.0,1.0,2,1,0,1,1,2,1,0,0,0,0,1,1,0,0,0,0,0,0,0,0,0,0,0,0,0,0,1,0,0,0,0,0,0,1,0,0,1,1,0,0,0,0,0,193557.6875,195000.0
4866,1,7,1,1,0.0,4.0,2,1,2,2,1,5,0,0,0,1,0,0,1,0,0,0,0,0,1,0,1,1,0,0,0,0,0,0,0,0,0,0,0,1,1,0,0,0,1,0,0,0,0,0,182274.78125,185000.0
4812,1,7,4,3,0.0,3.0,4,1,1,1,1,5,0,0,0,1,1,0,1,0,0,0,0,0,1,0,0,0,1,1,0,0,0,0,0,0,0,0,0,1,0,0,0,1,0,0,0,0,0,0,348064.375,350000.0
4975,1,7,0,1,0.0,2.0,2,1,0,1,1,6,0,0,0,1,0,0,1,0,0,1,0,0,1,0,0,1,1,0,0,0,0,0,0,0,0,0,0,0,1,0,0,1,1,0,0,0,0,0,123574.5390625,120000.0
4789,1,7,1,1,0.0,2.0,5,1,0,1,1,8,0,0,0,1,0,0,1,0,0,0,0,0,1,0,1,0,0,0,1,0,0,0,0,0,0,0,0,0,0,0,0,0,0,0,0,0,0,0,226737.765625,225000.0
4779,1,7,2,1,0.0,0.0,3,1,1,0,1,4,0,0,0,1,0,0,1,0,0,0,0,0,1,0,0,1,1,0,0,0,0,0,0,0,0,0,0,0,0,0,0,1,1,0,0,0,0,0,159346.453125,157500.0
4864,1,7,1,1,0.0,2.0,3,1,1,1,1,6,0,0,0,1,1,0,1,0,0,0,0,0,0,0,1,1,0,0,1,0,0,0,0,0,0,0,0,0,1,0,0,1,0,0,0,0,0,0,202589.796875,205000.0
4852,1,7,3,1,0.0,4.0,4,1,1,3,1,8,0,0,0,1,1,1,0,0,0,0,0,0,1,1,0,0,0,1,0,0,1,0,0,0,0,0,0,1,1,0,0,0,1,0,0,0,0,0,453020.8125,450000.0
4859,1,4,3,3,0.0,1.0,5,1,0,0,1,11,0,0,0,1,0,0,1,0,0,0,0,0,1,0,1,1,0,0,0,0,0,0,0,0,0,0,0,1,0,0,0,1,0,0,0,0,0,0,282805.375,280000.0
4834,1,7,1,1,0.0,6.0,3,1,0,2,1,6,0,0,0,1,0,0,1,0,0,1,0,0,1,0,1,1,0,0,0,0,0,0,0,0,0,0,0,0,1,0,0,1,0,0,0,0,0,0,184863.234375,190000.0
4029,1,4,2,1,0.0,5.0,3,1,0,1,1,2,0,0,0,1,1,0,0,0,0,0,0,0,1,0,1,1,0,0,0,0,0,0,1,0,0,0,0,0,1,0,0,0,1,0,0,0,0,0,267706.46875,265000.0
4024,1,6,1,1,0.0,0.0,2,1,0,1,1,1,0,0,0,0,0,0,0,1,0,0,0,0,0,0,0,0,0,0,1,0,0,0,1,0,0,0,0,0,1,0,0,0,1,0,0,0,0,0,201093.25,200000.0
4040,0,3,1,1,0.0,1.0,2,1,0,1,0,1,0,0,0,0,0,0,1,0,0,0,0,0,1,0,1,1,0,0,0,0,0,0,1,0,0,0,0,0,1,0,0,0,1,0,0,0,0,0,778.8660888671875,830.0
2182,0,3,3,1,0.0,2.0,2,1,1,1,0,3,0,0,0,1,0,0,0,0,0,0,0,0,1,0,0,0,0,0,0,0,1,0,0,0,0,0,0,0,1,0,0,0,1,0,0,0,0,0,626.8924560546875,725.0
2184,0,3,3,1,0.0,8.0,3,1,2,1,1,4,0,0,0,1,1,0,0,0,0,0,0,0,0,0,0,0,0,0,1,0,0,0,0,0,0,0,0,0,1,0,0,0,1,0,0,0,0,0,1448.1307373046875,1200.0
633,1,7,2,1,0.0,0.0,3,1,1,1,1,5,1,0,0,1,0,0,1,0,0,0,0,0,1,0,0,0,0,0,1,0,0,0,0,0,0,0,0,0,1,0,0,1,1,0,0,0,0,0,164002.46875,165000.0
617,1,7,1,1,0.0,1.0,3,1,1,1,1,1,0,0,0,1,0,0,1,1,0,0,0,0,1,0,0,1,0,0,0,0,0,0,0,0,0,0,0,1,1,0,0,0,1,0,0,0,0,0,132660.859375,135000.0
634,1,7,1,1,0.0,3.0,2,1,1,1,0,1,1,0,0,1,0,0,1,0,0,0,0,0,1,0,0,1,0,1,0,0,0,0,0,0,0,0,0,0,1,0,0,1,1,0,0,0,0,0,121214.0390625,125000.0
636,1,2,1,1,0.0,1.0,3,1,1,1,0,6,0,0,0,0,0,1,0,0,0,0,0,0,0,0,0,0,1,0,0,0,0,0,0,0,0,0,0,0,1,0,0,0,1,0,0,0,0,0,213396.046875,210000.0
637,1,4,3,1,0.0,0.0,3,1,1,2,1,6,0,0,0,1,0,0,0,0,0,0,0,0,1,0,0,0,0,0,0,0,0,0,0,0,0,0,0,0,1,0,0,0,0,0,0,0,0,0,235964.484375,230000.0
619,1,7,2,1,0.0,4.0,3,1,0,1,1,8,0,0,0,1,1,0,1,0,0,0,0,0,1,0,0,0,0,1,1,0,0,0,0,0,0,0,0,0,1,0,0,0,1,0,0,0,0,0,226580.359375,219950.0
616,1,7,1,1,0.0,2.0,2,1,0,1,0,4,1,0,0,1,0,0,1,0,0,0,0,0,1,0,1,0,0,1,0,0,0,0,0,0,0,0,0,0,1,0,0,1,1,0,0,0,0,0,127894.0546875,127000.0
1717,1,6,0,3,0.0,4.0,3,1,0,1,1,5,0,0,0,1,0,0,1,0,0,1,0,0,1,0,0,1,0,0,1,0,0,0,1,0,0,0,0,0,1,0,0,1,1,0,0,0,0,0,80407.3203125,80000.0
1784,1,6,0,3,0.0,2.0,2,1,0,0,2,5,0,0,0,0,0,0,1,0,0,1,1,0,1,0,1,1,0,0,0,0,0,0,1,0,0,0,0,0,1,0,0,1,1,0,0,0,0,0,80189.3515625,80000.0
1751,1,6,1,1,0.0,1.0,3,1,0,1,1,5,0,0,0,0,0,0,1,0,0,1,1,0,1,0,1,0,0,0,1,0,0,0,1,0,0,0,0,0,1,0,0,1,1,0,0,0,0,0,131713.203125,130000.0
1868,1,6,0,1,0.0,1.0,3,1,1,1,1,6,0,0,0,1,0,0,1,0,0,1,0,0,1,0,1,0,0,0,1,0,0,0,1,0,0,0,0,0,1,0,0,1,1,0,0,0,0,0,87092.9609375,85000.0
1731,1,2,2,1,0.0,1.0,3,1,0,1,1,6,0,0,0,1,0,0,1,0,0,1,0,0,1,0,1,0,0,0,1,0,0,0,1,0,0,0,0,0,1,0,0,1,1,0,0,0,0,0,194172.515625,195000.0
1841,1,6,2,1,0.0,4.0,3,1,0,2,1,6,0,0,0,1,1,0,1,0,0,0,0,0,1,0,0,0,0,1,1,0,0,0,1,0,0,0,0,0,1,0,0,1,1,0,0,0,0,0,168493.40625,165000.0
1809,1,6,3,1,0.0,0.0,3,1,0,1,1,5,0,0,0,1,0,0,1,0,0,1,0,0,1,0,1,0,0,0,1,0,0,0,1,0,0,0,0,0,1,0,0,1,1,0,0,0,0,0,202617.984375,200000.0
1695,1,2,0,3,0.0,6.0,4,1,0,1,2,4,0,0,0,0,0,0,0,1,0,0,0,0,1,0,1,0,0,0,1,0,0,0,1,0,0,0,0,0,1,0,0,1,1,0,0,0,0,0,87393.1953125,85000.0
1858,1,6,0,1,0.0,8.0,3,1,0,1,1,5,0,0,0,1,0,0,1,0,0,1,0,0,1,0,1,0,0,0,1,0,0,0,1,0,0,0,0,0,1,0,0,1,1,0,0,0,0,0,133523.390625,135000.0
1777,1,2,0,1,0.0,1.0,2,1,0,1,1,3,0,0,0,0,0,0,0,1,0,0,0,0,1,0,1,0,0,0,1,0,0,0,1,0,0,0,0,0,1,0,0,1,1,0,0,0,0,0,89891.8671875,85000.0
1802,1,2,1,1,0.0,7.0,3,1,0,1,1,8,0,0,0,0,0,0,1,0,0,1,1,0,1,0,1,0,0,0,1,0,0,0,1,0,0,0,0,0,1,0,0,1,1,0,0,0,0,0,159950.40625,160000.0
1687,1,2,1,1,0.0,5.0,3,1,1,2,1,7,0,0,0,0,0,0,0,1,0,0,0,0,1,0,1,0,0,0,1,0,0,0,1,0,0,0,0,0,1,0,0,1,1,0,0,0,0,0,131184.390625,130000.0
1698,1,2,0,1,0.0,1.0,2,1,0,1,1,4,0,0,0,0,0,0,0,1,0,0,0,0,1,0,0,1,0,0,1,0,0,0,1,0,0,0,0,0,1,0,0,1,1,0,0,0,0,0,72209.1328125,70000.0
1853,1,6,0,4,0.0,9.0,4,1,0,2,1,10,0,0,0,0,0,0,1,0,0,1,0,0,0,0,0,0,0,0,0,0,0,0,1,0,0,0,0,0,1,0,0,1,1,0,0,0,0,0,125335.3984375,100000.0
1685,1,2,3,1,0.0,3.0,4,2,0,2,1,8,0,0,0,0,1,0,1,0,0,1,0,0,1,0,0,0,0,1,1,0,0,0,1,0,0,0,0,0,1,0,0,1,1,0,0,0,0,0,258792.828125,265000.0
1838,1,6,2,1,0.0,1.0,3,1,0,1,1,6,0,0,0,1,1,0,1,0,0,0,0,0,1,0,0,1,0,0,1,0,0,0,1,0,0,0,0,0,1,0,0,1,1,0,0,0,0,0,187271.203125,180000.0
932,1,7,2,1,0.0,0.0,3,1,1,0,1,5,0,0,0,1,1,0,0,0,0,0,0,0,1,0,0,1,0,1,0,0,0,0,1,0,0,0,0,0,1,0,0,1,0,0,0,0,0,0,190105.546875,190000.0
918,1,7,0,1,0.0,2.0,3,1,1,1,1,2,0,0,0,0,0,0,0,1,0,0,0,0,1,0,1,0,0,1,0,0,1,0,0,0,0,0,0,0,1,0,0,1,1,0,0,0,0,0,111096.4765625,110000.0
923,1,7,0,1,0.0,0.0,2,1,1,1,0,1,0,0,0,1,1,0,1,0,0,0,0,0,1,0,0,0,0,0,0,0,1,0,0,0,0,0,0,0,1,0,0,0,1,0,0,0,0,0,124368.9765625,128000.0
920,1,7,0,3,0.0,5.0,3,1,0,0,1,1,0,0,0,0,0,0,0,1,0,0,0,0,1,0,0,0,1,0,0,0,0,0,1,0,0,0,0,0,1,0,0,1,0,0,0,0,0,0,57054.51953125,60000.0
928,1,4,0,3,0.0,2.0,3,1,1,1,1,2,0,0,0,0,0,0,0,1,0,0,0,0,1,0,1,0,0,0,0,0,0,0,1,0,0,0,0,0,1,0,0,0,1,0,0,0,0,0,76774.71875,75000.0
2477,1,7,0,1,0.0,1.0,4,1,0,1,2,5,1,1,0,0,0,0,0,0,0,0,0,0,0,1,0,0,0,0,0,1,0,0,1,0,0,0,0,0,0,0,0,1,0,0,0,0,0,0,299637.75,300000.0
933,1,4,2,1,0.0,3.0,2,1,1,1,0,0,0,0,0,1,1,0,0,0,0,1,0,0,1,0,0,1,0,1,0,0,1,0,0,0,0,0,0,0,1,0,0,0,1,0,0,0,0,0,159437.09375,160000.0
909,1,4,2,1,0.0,1.0,4,1,0,2,1,8,0,0,0,1,0,0,1,0,0,0,0,0,1,0,1,0,0,0,0,0,1,0,0,0,0,0,0,0,1,0,0,1,0,0,0,0,0,0,212353.6875,210000.0
924,1,7,1,1,0.0,1.0,3,1,1,1,1,2,0,0,0,1,0,0,1,0,0,0,0,0,0,0,0,0,0,0,1,0,0,0,1,0,0,0,0,0,1,0,0,0,1,0,0,0,0,0,120215.1484375,125000.0
925,1,7,2,1,0.0,1.0,3,1,0,1,1,4,0,0,0,1,0,0,0,0,0,0,0,0,0,0,0,0,0,1,1,0,0,0,1,0,0,0,0,0,1,0,0,1,0,0,0,0,0,0,166045.296875,170000.0
927,1,7,0,3,0.0,2.0,3,1,0,0,1,1,0,0,0,0,0,0,0,1,0,0,0,0,1,0,1,0,0,0,0,0,0,0,1,0,0,0,0,0,1,0,0,0,1,0,0,0,0,0,72956.6015625,70000.0
259,1,7,2,1,0.0,1.0,3,1,1,1,0,4,0,0,0,1,1,0,1,0,0,0,0,0,1,0,1,1,0,0,0,0,1,0,0,0,0,0,0,0,1,0,0,0,1,0,0,0,0,0,179273.515625,180000.0
337,1,7,2,1,0.0,0.0,4,1,1,1,1,3,0,0,0,1,0,0,1,0,0,0,0,0,0,0,0,1,1,0,1,0,0,0,0,0,0,1,0,0,0,0,0,0,1,0,0,0,0,0,258631.578125,250000.0
1901,0,3,0,1,0.0,0.0,3,1,1,1,1,1,0,0,0,0,0,0,0,1,0,0,0,0,0,0,0,1,0,0,1,0,0,0,0,0,0,0,0,0,0,0,0,0,1,0,0,0,0,0,0.0,525.0
1901,0,3,0,1,0.0,4.0,3,1,1,1,1,1,0,0,0,0,0,0,0,1,0,0,0,0,0,0,0,1,0,0,1,0,0,0,0,0,0,0,0,0,0,0,0,0,1,0,0,0,0,0,335.3495178222656,525.0
333,1,7,2,1,0.0,1.0,4,1,1,1,1,6,0,0,0,1,0,0,0,0,0,0,0,0,0,0,0,0,0,0,1,0,0,0,0,0,0,0,0,0,0,0,0,0,1,0,0,0,0,0,153620.75,150000.0
263,1,7,0,1,0.0,2.0,3,1,1,1,1,2,0,0,0,1,0,0,1,0,0,0,0,0,0,0,1,0,1,0,1,0,0,0,0,0,0,0,0,0,0,0,0,0,1,0,0,0,0,0,150798.765625,150000.0
1944,1,4,2,1,0.0,1.0,3,1,1,1,1,4,0,0,0,1,0,0,1,0,0,0,0,0,0,0,0,1,0,0,1,0,0,0,0,0,0,0,0,0,0,0,0,0,1,0,0,0,0,0,172712.109375,170000.0
1972,1,7,1,1,0.0,1.0,3,1,1,1,1,3,0,0,0,0,0,0,0,1,0,0,0,0,0,0,0,1,0,0,1,0,0,0,0,0,0,0,0,0,0,0,0,0,1,0,0,0,0,0,113838.4140625,110000.0
263,1,7,1,1,0.0,3.0,3,1,1,1,1,3,0,0,0,0,0,0,0,1,0,0,0,0,0,0,0,1,1,0,1,0,0,0,0,0,0,0,0,0,0,0,0,0,1,0,0,0,0,0,123025.0,120000.0
1890,1,6,0,1,0.0,6.0,2,1,1,1,0,3,0,0,0,0,0,0,0,1,0,0,0,0,0,0,0,1,0,0,0,0,0,0,0,0,0,0,0,0,0,0,0,0,1,0,0,0,0,0,63850.953125,60000.0
257,1,7,2,1,0.0,0.0,4,1,1,1,1,5,0,0,0,0,0,0,1,1,0,0,0,0,0,0,0,1,0,0,1,0,0,0,0,0,0,0,0,0,0,0,0,0,1,0,0,0,0,0,169964.640625,170000.0
1983,1,7,0,1,0.0,1.0,2,1,1,1,1,1,0,0,0,0,0,0,0,1,0,0,0,0,0,0,0,1,1,0,1,0,0,0,0,0,0,0,0,0,0,0,0,0,1,0,0,0,0,0,89898.7109375,90000.0
1964,1,7,2,1,0.0,1.0,3,1,1,1,1,1,0,0,0,1,1,0,1,0,0,0,0,0,0,0,1,1,0,0,1,0,0,0,0,0,0,0,0,0,0,0,0,0,1,0,0,0,0,0,178371.078125,175000.0
234,1,6,2,1,0.0,2.0,2,1,1,1,0,4,0,0,0,1,0,0,0,0,0,0,0,0,0,0,0,1,0,1,1,0,0,0,0,0,0,0,0,0,0,0,0,0,1,0,0,0,0,0,150383.890625,150000.0
1908,1,4,2,1,0.0,0.0,3,1,1,1,1,4,0,0,0,1,0,0,0,0,0,0,0,0,1,0,1,0,1,0,0,0,0,0,0,0,0,0,0,0,0,0,0,0,1,0,0,0,0,0,171206.765625,170000.0
237,0,3,0,1,0.0,3.0,3,1,1,1,1,1,0,0,0,1,0,0,0,0,0,0,0,0,0,0,0,1,0,0,0,0,1,0,0,0,0,0,0,0,0,0,0,0,1,0,0,0,0,0,929.2127685546875,550.0
328,1,7,3,1,0.0,1.0,4,1,1,1,1,5,0,0,0,1,1,0,1,0,0,0,0,0,0,0,1,1,0,0,1,0,0,0,0,0,0,0,0,0,0,0,0,0,1,0,0,0,0,0,218524.109375,210000.0
333,1,7,2,1,0.0,2.0,3,1,1,1,1,6,0,0,0,1,1,0,1,0,0,0,0,0,0,0,1,0,0,0,1,0,0,0,0,0,0,0,0,0,0,0,0,0,1,0,0,0,0,0,140388.140625,140000.0
2011,1,7,4,1,0.0,0.0,4,1,1,1,1,8,0,0,0,1,1,0,1,0,0,0,0,0,0,0,0,1,1,0,1,0,0,0,0,0,0,0,0,0,0,0,0,0,1,0,0,0,0,0,316115.03125,309950.0
1987,0,3,0,1,0.0,2.0,2,1,1,1,1,3,0,0,0,0,0,0,0,1,0,0,0,0,0,0,1,1,0,0,1,0,0,0,0,0,0,0,0,0,0,0,0,0,1,0,0,0,0,0,396.9862365722656,500.0
339,1,4,1,1,0.0,2.0,3,1,2,1,1,3,0,0,0,1,0,0,0,0,0,0,0,0,1,0,1,0,1,0,0,0,0,0,0,0,0,0,0,0,0,0,0,0,1,0,0,0,0,0,118026.6875,120000.0
1981,1,7,2,1,0.0,1.0,3,1,1,1,1,2,0,0,0,1,0,0,1,0,0,0,0,0,0,0,1,0,0,1,1,0,0,0,0,0,0,0,0,0,0,0,0,0,1,0,0,0,0,0,154879.546875,160000.0
257,1,7,2,1,0.0,3.0,4,1,3,1,0,5,0,0,0,0,0,0,0,1,0,0,0,0,0,0,0,0,1,0,1,0,0,0,0,0,0,0,0,0,0,0,0,0,1,0,0,0,0,0,224493.046875,220000.0
260,1,4,0,1,0.0,0.0,2,1,1,1,1,5,0,0,0,1,0,0,1,0,0,0,0,0,0,0,0,1,0,0,0,0,0,0,0,0,0,0,0,0,0,0,0,0,1,0,0,0,0,0,101994.5859375,100000.0
2009,1,4,1,1,0.0,7.0,4,1,2,1,0,2,0,0,0,1,0,0,1,0,0,0,0,0,1,0,0,1,0,1,0,0,0,0,0,0,0,0,0,0,0,0,0,0,1,0,0,0,0,0,167116.71875,170000.0
258,1,7,1,3,0.0,0.0,2,1,1,1,1,3,0,0,0,0,0,0,0,1,0,0,0,0,0,0,0,0,0,0,0,0,0,0,0,0,0,0,0,0,0,0,0,0,1,0,0,0,0,0,115053.3828125,115000.0
1878,1,7,1,1,0.0,1.0,3,1,1,1,1,4,0,0,0,0,1,0,0,1,0,0,0,0,0,0,0,0,0,0,1,0,0,0,0,0,0,0,0,0,0,0,0,0,1,0,0,0,0,0,142910.71875,140000.0
214,1,4,0,1,0.0,1.0,3,1,1,1,1,2,0,0,0,0,0,0,0,1,0,0,0,0,1,0,0,1,0,0,0,0,1,0,0,0,0,0,0,0,0,0,0,0,1,0,0,0,0,0,92210.6328125,85000.0
230,1,4,3,1,0.0,2.0,3,1,1,1,1,4,0,0,0,1,1,0,1,0,0,0,0,0,0,0,1,1,0,0,1,0,0,0,0,0,0,0,0,0,0,0,0,0,1,0,0,0,0,0,178753.953125,180000.0
254,1,7,0,1,0.0,11.0,3,1,1,1,1,2,0,0,0,0,0,0,0,1,0,0,0,0,1,0,0,1,1,0,0,0,0,0,0,0,0,0,0,0,0,0,0,0,1,0,0,0,0,0,119738.3203125,120000.0
245,1,7,1,1,0.0,1.0,3,1,1,1,1,4,0,0,0,0,0,0,0,1,0,0,0,0,1,0,0,1,0,0,0,0,0,0,0,0,0,0,0,0,1,0,0,0,1,0,0,0,0,0,137160.609375,135000.0
445,0,3,2,1,0.0,1.0,1,1,0,0,1,3,0,0,0,0,0,0,0,0,0,0,0,0,0,0,0,0,0,0,0,0,0,0,0,0,0,0,0,1,0,0,0,0,1,0,0,0,0,0,1204.9940185546875,1200.0
453,0,3,2,1,0.0,2.0,2,1,0,1,0,2,0,0,0,0,0,0,0,1,0,0,0,0,0,0,0,0,0,0,0,0,0,1,0,0,0,0,0,1,1,0,0,0,1,0,0,0,0,0,1275.6307373046875,1200.0
409,0,3,1,1,0.0,1.0,2,1,1,1,1,1,0,0,0,0,1,0,1,0,0,1,0,0,0,1,0,0,0,0,0,0,0,0,1,0,0,0,0,1,1,0,0,0,1,0,0,0,0,0,949.9510498046875,1150.0
408,1,4,1,1,0.0,0.0,2,1,1,1,1,0,0,0,0,0,0,0,1,0,0,1,0,1,0,1,1,0,0,1,0,0,0,0,0,0,0,0,0,0,0,0,1,0,0,1,0,0,0,0,274000.1875,270000.0
421,0,3,2,1,0.0,1.0,3,1,1,1,0,2,0,0,0,0,0,0,0,1,1,0,0,0,1,0,1,0,0,1,0,0,0,0,1,0,0,0,0,1,1,0,0,0,1,0,0,0,0,0,1594.7557373046875,1650.0
469,1,4,0,1,0.0,1.0,1,1,1,1,0,0,0,0,0,0,0,0,0,1,0,0,0,0,1,0,1,0,0,1,0,0,0,0,1,0,0,0,0,1,0,0,0,1,1,0,0,0,0,0,238197.34375,240000.0
425,1,2,3,1,0.0,0.0,4,1,1,1,1,2,0,0,0,1,0,0,1,0,0,1,0,0,1,0,0,1,1,0,0,0,1,0,0,0,0,0,0,1,0,0,0,1,1,0,0,0,0,0,522647.1875,475000.0
463,1,2,4,1,0.0,4.0,3,1,0,1,1,0,0,0,0,0,0,0,0,1,0,0,0,0,1,0,1,0,0,0,1,0,1,0,0,0,0,0,0,1,1,0,0,0,1,0,0,0,0,0,338446.875,350000.0
481,1,4,1,1,0.0,1.0,2,1,1,1,0,2,0,0,0,0,0,0,0,1,0,0,0,0,0,0,0,0,0,0,0,0,1,0,0,0,0,1,0,0,1,0,0,1,1,0,0,0,0,0,192018.234375,190000.0
396,1,2,6,3,0.0,4.0,4,1,4,1,0,4,0,0,0,1,0,0,1,0,0,1,0,0,1,0,0,1,0,0,0,0,0,0,0,0,0,0,0,1,0,0,0,1,1,0,0,0,0,0,947359.5,950000.0
399,1,6,4,1,0.0,1.0,4,1,1,1,1,1,0,0,0,1,0,0,1,0,0,0,0,0,1,0,0,1,0,1,0,0,0,0,0,0,0,0,0,1,1,0,0,0,1,0,0,0,0,0,607368.6875,600000.0
462,1,7,5,1,0.0,0.0,4,1,2,1,1,1,0,0,0,1,1,0,1,0,0,0,0,0,1,0,0,1,1,0,0,0,1,0,0,0,0,0,0,1,1,0,0,0,1,0,0,0,0,0,879088.875,875000.0
471,1,2,0,1,0.0,0.0,1,1,1,1,0,1,0,0,0,0,0,0,0,0,0,0,0,0,0,0,0,0,0,0,0,0,0,0,0,0,0,0,0,1,1,0,0,0,1,0,0,0,0,0,187026.296875,190000.0
392,0,3,0,1,0.0,5.0,1,1,1,1,1,1,0,0,0,0,0,0,0,0,0,0,0,0,0,0,0,0,0,0,0,0,0,0,0,0,0,0,0,0,0,0,1,0,0,0,0,0,0,0,704.6190185546875,925.0
3634,0,3,0,1,0.0,1.0,2,1,1,1,0,3,0,0,0,0,0,0,1,0,0,0,1,1,0,1,0,0,0,0,0,0,0,0,1,0,0,0,0,1,1,0,0,0,1,0,0,0,0,0,0.0,595.0
3612,0,3,2,1,0.0,1.0,2,1,1,1,0,3,1,0,0,0,0,1,1,0,0,0,0,0,0,1,0,0,0,0,0,0,0,1,0,0,0,0,0,0,0,0,0,1,1,0,0,0,0,0,462.2401428222656,775.0
2531,1,2,1,3,0.0,0.0,3,2,0,1,2,4,0,0,0,1,0,0,1,0,0,0,0,0,1,0,1,1,0,0,0,0,1,0,0,0,0,0,0,0,1,0,0,0,1,0,0,0,0,0,149969.203125,150000.0
2528,1,4,5,1,0.0,1.0,5,1,0,2,1,7,0,0,0,1,0,0,1,0,0,1,0,0,1,0,0,1,0,1,0,0,0,0,0,0,0,0,0,0,1,0,0,0,1,0,0,0,0,0,579700.75,575000.0
2531,1,2,1,3,0.0,2.0,3,2,0,1,2,4,0,0,0,1,0,0,1,0,0,0,0,0,1,0,1,1,0,0,0,0,1,0,0,0,0,0,0,0,1,0,0,0,1,0,0,0,0,0,151034.875,150000.0
2567,1,6,6,1,0.0,0.0,5,1,1,1,1,10,0,0,0,1,1,1,0,0,0,0,0,0,1,0,0,1,0,1,0,0,0,0,0,0,0,0,0,1,1,0,0,0,1,0,0,0,0,0,587905.0625,585000.0
2527,0,3,2,1,0.0,3.0,3,1,0,1,1,5,0,0,0,1,0,0,1,0,0,0,0,0,1,0,0,1,0,0,1,0,1,0,0,0,0,0,0,0,1,0,0,0,1,0,0,0,0,0,886.2205810546875,895.0
3731,0,3,2,1,0.0,0.0,2,1,1,1,1,0,0,0,0,0,1,0,0,0,0,0,0,0,0,1,0,0,0,0,0,0,0,0,1,0,0,0,0,0,1,0,0,0,1,0,0,0,0,0,605.7401123046875,975.0
3728,1,10,2,1,0.0,2.0,2,1,1,1,1,0,0,0,1,0,1,1,0,0,0,0,0,0,0,1,0,0,0,0,0,0,0,1,0,0,0,0,0,1,0,0,0,0,0,0,0,0,0,0,90138.03125,84000.0
1165,0,3,1,1,0.0,3.0,2,1,1,0,1,2,1,0,0,0,0,0,0,0,0,1,0,1,0,0,0,0,0,0,0,0,0,0,1,0,0,0,0,0,1,0,0,1,1,0,0,0,0,0,935.5135498046875,850.0
1082,0,3,2,1,0.0,3.0,3,1,0,1,1,4,0,0,0,0,0,0,1,0,0,0,0,0,0,0,0,1,0,0,1,0,0,0,0,0,0,0,0,0,0,0,0,0,1,0,0,0,0,0,806.2674560546875,895.0
1159,0,3,4,1,0.0,3.0,4,1,0,1,1,3,0,0,0,1,1,0,1,0,0,0,0,0,1,0,1,0,0,0,1,0,1,0,0,0,0,0,0,0,1,0,0,0,1,0,0,0,0,0,1218.4471435546875,1250.0
2322,1,2,1,1,0.0,4.0,3,1,0,1,0,6,0,0,0,0,1,0,1,0,0,0,0,0,0,0,1,0,1,1,0,0,0,0,0,0,0,0,0,0,0,0,0,0,1,0,0,0,0,0,174921.015625,170000.0
2290,1,6,1,1,0.0,3.0,2,1,1,2,1,2,0,0,0,0,0,0,0,1,0,0,0,0,1,0,1,0,0,1,0,0,0,0,0,0,0,0,0,0,0,0,0,0,1,0,0,0,0,0,138271.984375,140000.0
2341,1,4,1,1,0.0,0.0,3,1,0,2,1,3,1,0,0,0,0,0,1,0,0,0,0,0,0,0,1,0,0,0,1,0,0,0,0,0,0,0,0,0,0,0,0,0,1,0,0,0,0,0,173374.890625,180000.0
2294,1,2,1,1,0.0,2.0,3,1,0,1,1,4,0,0,0,1,0,0,0,0,0,0,0,0,0,0,1,0,0,0,1,0,0,0,0,0,0,0,0,0,0,1,0,0,0,0,0,0,0,0,178963.78125,170000.0
2273,1,4,1,1,0.0,2.0,3,1,0,0,1,4,0,0,0,1,1,0,0,0,0,0,0,0,0,0,1,0,0,1,1,0,0,0,0,0,0,0,0,0,0,0,0,0,1,0,0,0,0,0,173535.390625,170000.0
2279,1,7,1,3,0.0,2.0,3,1,0,1,0,6,0,0,0,1,0,0,0,0,0,0,0,0,0,0,1,0,1,0,1,0,0,0,0,0,0,0,0,0,0,0,0,0,1,0,0,0,0,0,190450.984375,190000.0
2272,1,7,3,3,0.0,3.0,3,1,0,1,1,8,0,0,0,1,1,0,0,0,0,0,0,0,0,0,1,1,0,0,0,0,0,0,0,0,0,0,0,0,0,0,0,0,1,0,0,0,0,0,302091.75,300000.0
2307,1,6,4,3,0.0,3.0,4,1,1,2,1,6,0,0,0,1,1,0,1,0,0,0,0,0,0,0,1,0,1,1,0,0,0,0,0,0,0,0,0,0,0,0,0,0,1,0,0,0,0,0,301755.375,300000.0
2362,1,4,1,1,0.0,1.0,2,1,0,1,1,2,1,0,0,0,0,0,1,0,0,0,0,0,0,0,0,0,0,0,0,0,0,0,0,0,0,0,0,0,0,0,0,0,1,0,0,0,0,0,226439.546875,120000.0
2321,1,4,2,4,0.0,2.0,3,1,1,1,2,6,0,0,0,0,0,0,1,0,0,0,0,0,0,0,1,0,0,0,1,0,0,0,0,0,0,0,0,0,0,0,0,0,1,0,0,0,0,0,198123.15625,200000.0
2285,1,4,2,3,0.0,6.0,5,1,1,2,1,7,0,0,0,1,0,0,1,0,0,0,0,0,0,0,1,1,0,0,1,0,0,0,0,0,0,0,0,0,0,0,0,0,1,0,0,0,0,0,215993.640625,210000.0
2267,1,6,4,3,0.0,2.0,4,1,1,2,1,8,0,0,0,1,1,0,0,0,0,0,0,0,0,0,1,0,0,1,1,0,0,0,0,0,0,0,0,0,0,0,0,0,1,0,0,0,0,0,305368.75,300000.0
2312,1,4,3,1,0.0,0.0,4,1,0,2,1,8,0,0,0,1,1,0,1,0,0,0,0,0,0,0,1,1,1,0,0,0,0,0,0,0,0,0,0,0,0,0,0,0,1,0,0,0,0,0,284022.59375,280000.0
2483,0,3,0,1,0.0,5.0,2,1,1,1,0,2,0,0,0,0,0,0,0,1,0,0,0,0,0,0,0,0,0,0,0,0,0,0,0,0,0,0,0,0,1,0,0,0,1,0,0,0,0,0,0.0,525.0
2485,0,3,0,1,0.0,3.0,1,1,0,1,0,4,0,0,0,1,1,0,0,0,0,0,0,0,0,0,0,0,0,0,0,0,0,0,0,0,0,0,0,0,1,0,1,0,0,0,0,0,0,0,536.7840576171875,475.0
3914,0,3,0,1,0.0,0.0,3,1,0,1,1,2,0,0,0,0,1,0,0,0,0,0,0,0,0,0,0,1,0,1,0,0,1,0,0,0,0,0,0,0,0,0,0,0,1,0,0,0,0,0,629.9764404296875,500.0
3833,1,7,1,1,0.0,1.0,2,1,0,1,1,5,0,0,0,1,0,0,1,0,0,0,0,0,0,0,1,1,1,0,0,0,0,0,1,0,0,0,0,0,1,0,0,0,1,0,0,0,0,0,153052.5625,150000.0
3848,0,3,5,1,0.0,0.0,5,1,1,2,1,12,0,0,0,0,1,0,0,1,0,0,0,0,0,0,1,0,0,1,0,0,0,0,1,0,0,0,0,0,1,0,0,0,1,0,0,0,0,0,0.0,1200.0
3881,1,2,0,1,0.0,4.0,1,1,1,1,0,3,0,0,0,0,0,0,0,1,0,0,0,0,0,0,0,0,0,0,0,0,0,0,0,0,0,0,0,0,0,0,1,0,0,0,0,0,0,0,47653.0390625,50000.0
3888,1,4,2,1,0.0,6.0,4,1,0,0,2,9,0,0,0,1,1,0,0,0,0,0,0,0,1,0,0,1,0,0,0,1,1,0,0,0,0,0,0,0,1,0,0,0,1,0,0,1,0,0,212990.921875,210000.0
3882,1,7,2,1,0.0,1.0,3,1,0,1,1,7,0,0,0,1,1,0,0,0,0,0,0,0,1,0,1,0,1,0,0,0,0,0,0,1,0,0,0,0,1,0,0,0,1,0,0,0,0,0,203838.765625,200000.0
3874,0,3,0,1,0.0,1.0,3,1,0,1,0,3,0,0,0,1,0,0,0,0,0,0,0,0,1,0,1,0,0,0,0,0,1,0,0,0,0,0,0,0,0,0,0,0,1,0,0,0,0,0,621.9949951171875,550.0
3853,1,7,2,1,0.0,2.0,2,1,0,2,1,2,1,0,0,0,0,0,0,0,0,0,0,0,0,1,0,0,0,0,0,0,1,0,0,0,0,0,0,0,1,0,0,0,1,0,0,0,0,0,170830.671875,170000.0
3778,1,2,1,1,0.0,2.0,2,1,0,0,1,9,0,0,0,1,1,0,0,0,0,1,0,0,1,0,0,1,1,0,0,0,0,0,0,1,0,0,0,0,1,0,0,0,1,0,0,0,0,0,246425.421875,243500.0
3816,1,7,5,1,0.0,1.0,4,1,0,1,0,7,0,0,0,0,0,0,1,0,0,1,0,0,0,0,0,1,0,0,0,1,0,0,0,1,0,0,0,0,1,0,0,1,0,0,0,0,0,1,398286.125,400000.0
3855,1,2,3,1,0.0,0.0,3,1,0,1,1,6,0,0,0,1,1,0,1,0,0,0,0,0,0,0,1,0,0,1,0,0,0,0,0,1,0,0,0,0,1,0,0,0,1,0,0,0,0,0,274236.125,270000.0
3837,1,5,0,1,0.0,0.0,2,1,0,1,1,4,1,0,0,0,0,0,0,1,0,0,0,0,1,0,1,0,1,0,0,0,1,0,0,0,0,0,0,0,1,0,0,0,1,0,0,0,0,0,115445.5703125,113500.0
3817,1,2,1,1,0.0,1.0,2,1,0,1,1,4,0,0,0,0,0,0,1,0,0,0,1,0,0,0,0,0,1,0,0,0,1,0,0,0,0,0,0,0,1,0,0,0,1,0,0,0,0,0,165347.296875,160000.0
3890,1,7,2,1,0.0,3.0,3,1,0,1,1,7,0,0,0,1,1,0,0,0,0,0,0,0,1,0,1,1,0,0,0,0,1,0,0,0,0,0,0,0,1,0,0,0,1,0,0,0,0,0,193476.890625,200000.0
3787,1,2,0,1,0.0,0.0,3,1,2,1,0,5,0,0,0,0,1,0,0,0,0,0,0,0,1,0,0,1,1,0,0,0,1,0,0,0,0,0,0,0,1,0,0,0,1,0,0,0,0,0,161022.578125,160000.0
3827,1,6,3,1,0.0,1.0,4,1,0,1,1,7,0,0,0,1,1,0,0,0,0,0,0,0,0,0,1,0,1,0,0,0,1,0,0,0,0,0,0,0,1,0,0,0,1,0,0,0,0,0,255131.03125,250000.0
5233,1,7,1,1,0.0,1.0,2,1,1,1,0,3,0,0,0,0,0,0,0,1,0,0,0,0,1,0,0,0,0,0,1,0,0,0,1,0,0,0,0,0,1,0,0,0,1,0,0,0,0,0,112156.125,110000.0
206,0,3,2,1,0.0,6.0,3,1,1,1,1,4,1,0,0,0,0,0,1,0,0,1,0,0,1,0,0,0,0,1,1,0,0,0,1,0,0,0,0,0,1,0,0,0,1,0,0,0,0,0,928.1424560546875,625.0
303,1,2,2,1,0.0,1.0,3,1,1,1,1,4,0,0,0,1,0,0,1,0,0,0,0,0,1,0,0,1,0,0,1,0,0,0,1,0,0,0,0,0,1,0,0,0,1,0,0,0,0,0,148086.71875,140000.0
5235,1,7,1,1,0.0,3.0,2,1,1,1,1,4,0,0,0,0,0,0,1,0,0,0,0,0,1,0,0,0,0,1,1,0,0,0,1,0,0,0,0,0,1,0,0,1,1,0,0,0,0,0,119161.046875,120000.0
296,1,7,3,1,0.0,2.0,3,1,1,1,1,6,0,0,0,1,0,0,1,0,0,0,0,0,1,0,1,0,0,0,1,0,0,0,1,0,0,0,0,0,1,0,0,1,1,0,0,0,0,0,235875.890625,240000.0
282,1,7,1,1,0.0,0.0,2,1,0,1,0,4,0,0,0,0,1,0,1,0,0,0,0,0,1,0,1,0,0,0,1,0,0,0,0,0,0,0,0,0,1,0,0,1,1,0,0,0,0,0,94329.3203125,95000.0
1269,1,7,0,1,0.0,1.0,4,1,1,1,1,5,0,0,0,0,0,0,0,1,0,0,0,0,0,0,0,1,0,0,1,0,0,0,0,0,0,0,0,0,1,0,0,0,1,0,0,0,0,0,144601.65625,145000.0
212,1,7,2,1,0.0,2.0,3,1,0,1,1,7,0,0,0,1,0,0,1,0,0,0,0,0,1,0,1,0,0,0,1,0,1,0,0,0,0,0,0,0,1,0,0,1,1,0,0,0,0,0,188090.328125,190000.0
312,1,4,1,1,0.0,1.0,4,1,1,1,1,4,0,0,0,1,0,0,1,0,0,0,0,0,1,0,0,1,0,1,0,0,0,0,0,0,0,0,0,0,0,0,0,1,1,0,0,0,0,0,112635.2109375,110000.0
1272,1,7,1,1,0.0,0.0,2,1,1,1,0,2,1,1,0,0,0,0,1,0,0,0,0,0,0,1,0,0,0,0,0,0,0,0,1,0,0,0,0,0,1,0,1,0,0,0,0,0,0,0,95765.5546875,99950.0
278,1,7,1,1,0.0,0.0,2,1,1,1,0,2,0,0,0,0,0,0,1,0,0,0,0,1,0,1,0,0,0,0,0,0,0,0,1,0,0,0,0,0,1,0,0,1,1,0,0,0,0,0,96650.0,94950.0
1273,1,7,3,3,0.0,1.0,3,1,1,1,1,8,0,0,0,1,1,0,1,0,0,0,0,0,1,0,1,0,0,0,1,0,0,0,1,0,0,0,0,0,1,0,0,0,1,0,0,0,0,0,310510.3125,310000.0
107,1,4,1,1,0.0,4.0,2,1,1,1,0,3,1,0,0,0,0,0,0,0,0,0,0,0,1,0,0,0,0,0,0,0,1,0,0,0,0,0,0,0,1,0,0,0,1,0,0,0,0,0,118123.4296875,120000.0
109,0,3,1,1,0.0,2.0,2,1,1,1,1,5,0,0,0,0,1,0,1,0,0,0,0,0,0,0,1,1,0,0,1,0,0,0,0,0,0,0,0,0,1,0,0,0,1,0,0,0,0,0,542.9119873046875,660.0
107,0,3,1,1,0.0,2.0,2,1,1,1,0,3,1,0,0,0,0,0,0,0,0,0,0,0,1,0,0,0,0,0,0,0,1,0,0,0,0,0,0,0,1,0,0,0,1,0,0,0,0,0,891.3338623046875,625.0
103,1,7,3,3,0.0,4.0,4,1,1,3,1,5,0,0,0,1,1,0,0,0,0,0,0,0,1,0,0,0,0,0,0,0,0,0,1,0,0,0,0,0,1,0,0,0,1,0,0,0,0,0,266967.0625,260000.0
105,1,7,1,1,0.0,3.0,2,2,1,1,0,2,1,0,0,0,0,0,1,0,0,0,0,0,0,0,0,0,0,0,0,0,0,0,1,0,0,0,0,0,1,0,0,0,1,0,0,0,0,0,110321.4609375,110000.0
115,0,3,1,1,0.0,3.0,2,1,1,0,0,7,0,1,0,0,0,0,0,1,0,0,0,1,1,0,0,1,1,0,0,0,0,0,1,0,0,0,0,0,1,0,0,0,1,0,0,0,0,0,744.5467529296875,670.0
105,1,7,0,1,0.0,0.0,1,1,1,1,0,2,1,0,0,0,0,0,0,0,0,0,0,0,0,0,0,0,0,0,0,0,0,0,1,0,0,0,0,0,1,0,0,0,1,0,0,0,0,0,96143.515625,95000.0
964,1,7,5,3,0.0,0.0,4,1,1,2,1,8,0,0,0,1,1,0,0,0,0,0,0,0,1,0,0,1,0,0,0,0,0,0,1,0,0,0,0,0,1,0,1,0,0,0,0,0,0,0,403119.0,400000.0
965,0,3,3,1,0.0,1.0,3,1,1,1,1,8,0,0,0,1,1,0,0,0,0,0,0,0,1,0,0,0,0,0,0,0,0,0,1,0,0,0,0,0,0,0,0,0,0,0,1,1,0,0,524.8709716796875,925.0
125,0,3,1,1,0.0,3.0,2,1,0,2,1,5,1,0,0,0,0,0,1,0,0,0,0,0,1,0,0,0,1,0,0,0,0,0,1,0,0,0,0,0,1,0,0,0,1,0,0,0,0,0,735.9276123046875,800.0
105,0,3,1,1,0.0,2.0,2,2,0,1,1,2,1,0,1,0,0,0,0,0,0,0,0,0,0,0,0,0,0,0,0,0,0,0,1,0,0,0,0,0,1,0,0,0,1,0,0,0,0,0,552.2576904296875,615.0
4344,1,2,2,3,0.0,0.0,4,1,0,0,1,6,0,0,0,0,0,0,0,1,0,0,0,0,1,0,0,0,0,1,1,0,0,0,0,0,0,0,0,0,1,0,0,0,1,0,0,0,0,0,294508.53125,290000.0
4369,1,7,1,4,0.0,0.0,3,1,0,2,0,3,0,1,0,0,0,0,0,1,0,0,0,0,1,0,0,0,1,0,1,0,0,0,0,0,0,0,0,1,0,0,0,1,1,0,0,0,0,0,226359.609375,225000.0
4351,1,4,2,1,0.0,0.0,2,1,1,1,0,1,1,0,0,0,0,0,1,0,0,0,0,0,0,0,0,0,0,0,0,0,0,0,0,0,0,0,0,0,1,0,1,0,0,0,0,0,0,0,170337.515625,175000.0
3868,1,4,0,1,0.0,3.0,3,1,0,1,1,3,0,0,0,0,0,0,0,0,0,0,0,0,1,0,1,0,0,0,0,0,0,0,0,0,0,0,0,0,1,0,0,0,1,0,0,0,0,0,115173.1328125,120000.0
1498,1,7,4,1,0.0,0.0,3,1,2,1,1,7,0,0,0,1,1,0,0,0,0,0,0,0,1,0,0,1,0,0,0,1,0,0,1,0,0,0,0,0,1,0,0,0,1,0,0,0,0,0,481516.125,475000.0
1478,1,2,3,1,0.0,0.0,3,1,1,2,1,5,0,0,0,1,1,0,0,0,0,0,0,0,0,0,1,0,0,0,0,0,0,0,0,0,0,0,0,0,0,0,0,0,1,0,0,0,0,0,369296.625,365000.0
1450,1,2,5,1,0.0,6.0,4,1,2,2,1,11,0,0,0,1,0,0,1,0,0,0,0,0,0,0,0,0,0,0,1,0,0,0,0,0,0,0,0,0,1,0,0,0,1,0,0,0,0,0,698319.875,700000.0
4173,1,2,4,1,0.0,0.0,4,1,1,1,1,11,0,0,0,0,1,0,0,1,0,0,0,0,1,0,0,1,1,0,0,0,1,0,0,0,0,0,0,0,1,0,0,0,1,0,0,0,0,0,629465.75,635000.0
1448,0,3,4,1,0.0,1.0,4,1,1,1,1,14,0,0,0,1,1,0,0,0,0,0,0,0,0,0,0,1,0,0,1,0,1,0,0,0,0,0,0,0,1,0,0,0,1,0,0,0,0,0,0.0,2000.0
3289,1,6,1,1,0.0,5.0,3,1,1,1,1,5,0,0,0,1,1,0,0,0,0,1,0,0,1,0,1,1,0,0,0,0,0,0,0,0,0,0,0,0,0,0,0,0,1,0,0,0,0,0,168192.203125,165000.0
3286,0,3,0,1,0.0,4.0,2,1,0,1,1,4,0,0,0,0,0,0,0,1,0,0,0,0,1,0,0,0,0,0,1,0,0,0,0,0,0,0,0,0,0,0,0,0,1,0,0,0,0,0,572.3944091796875,525.0
3294,1,6,2,1,0.0,0.0,3,1,1,1,1,6,1,0,0,0,0,0,1,0,0,0,0,0,1,0,1,0,1,0,0,0,0,0,0,0,0,0,0,0,0,0,0,0,1,0,0,0,0,0,179943.015625,180000.0
3293,1,6,3,1,0.0,1.0,4,1,1,1,1,10,0,0,0,1,0,0,1,0,0,0,0,0,1,0,0,0,0,1,1,0,0,0,0,0,0,0,0,0,0,0,0,0,1,0,0,0,0,0,223876.609375,220000.0
3275,1,4,3,1,0.0,0.0,3,1,1,1,1,6,0,0,0,1,1,0,1,0,0,0,0,0,1,0,1,0,0,1,0,0,1,0,0,0,0,0,0,1,0,0,0,0,0,0,1,0,0,0,269582.46875,270000.0
3281,0,3,3,1,0.0,1.0,4,1,1,1,1,8,0,0,0,1,1,0,0,0,0,1,0,0,1,0,1,0,1,0,0,0,0,0,0,0,0,0,0,0,0,0,0,0,1,0,0,0,0,0,568.4315185546875,1000.0
538,1,4,2,1,0.0,2.0,2,1,0,1,1,6,0,0,0,0,0,0,0,1,0,0,0,0,1,0,0,0,1,1,0,0,0,0,0,0,0,0,0,1,1,0,0,0,0,0,1,0,0,0,347587.65625,325000.0
1811,1,2,1,1,0.0,4.0,3,1,0,1,0,4,0,0,0,1,1,0,1,0,0,0,0,0,0,0,1,0,0,1,1,0,0,0,1,0,0,0,0,0,1,0,0,1,1,0,0,0,0,0,150288.5625,145000.0
1836,1,6,1,1,0.0,4.0,3,1,0,1,1,6,0,0,0,0,1,0,0,0,0,0,0,0,0,0,1,0,0,1,1,0,0,0,1,0,0,0,0,0,1,0,0,1,1,0,0,0,0,0,124024.2734375,125000.0
1851,1,2,1,3,0.0,0.0,3,1,0,1,0,6,0,0,0,0,0,0,0,1,0,0,0,0,1,0,0,0,0,1,1,0,0,0,1,0,0,0,0,0,1,0,0,1,1,0,0,0,0,0,100218.4765625,100000.0
1793,1,6,0,1,0.0,4.0,3,1,0,1,1,6,0,0,0,0,1,0,1,0,0,0,0,0,0,0,1,0,0,1,1,0,0,0,1,0,0,0,0,0,1,0,0,1,1,0,0,0,0,0,105427.1953125,105000.0
1857,1,6,2,1,0.0,3.0,4,1,0,2,1,6,0,0,0,1,1,0,1,0,0,0,0,0,0,0,1,0,0,1,1,0,0,0,1,0,0,0,0,0,1,0,0,1,1,0,0,0,0,0,183225.171875,185000.0
1712,1,6,1,1,0.0,8.0,3,1,0,1,1,7,0,0,0,1,0,0,1,0,0,1,0,0,1,0,1,0,0,0,1,0,0,0,1,0,0,0,0,0,1,0,0,1,1,0,0,0,0,0,143609.359375,140000.0
1812,1,6,1,3,0.0,5.0,3,1,0,1,1,6,0,0,0,1,0,0,1,0,0,0,0,0,1,0,0,0,0,1,1,0,0,0,0,1,0,0,0,0,1,0,0,1,1,0,0,0,0,0,122303.6328125,125000.0
1701,1,6,1,1,0.0,5.0,3,1,0,1,1,6,0,0,0,0,1,0,1,0,0,0,0,0,1,0,0,0,0,1,1,0,0,0,1,0,0,0,0,0,1,0,0,1,1,0,0,0,0,0,142049.859375,135000.0
1753,1,6,1,1,0.0,4.0,3,1,0,2,1,10,0,0,0,1,1,0,1,0,0,0,0,0,1,0,0,0,0,1,1,0,0,0,1,0,0,0,0,0,1,0,0,1,1,0,0,0,0,0,180961.453125,180000.0
1740,1,6,1,1,0.0,7.0,3,1,0,1,1,6,0,0,0,1,1,0,1,0,0,0,0,0,0,0,0,1,0,1,1,0,0,0,1,0,0,0,0,0,1,0,0,1,1,0,0,0,0,0,158117.5,160000.0
1515,1,6,2,1,0.0,2.0,2,1,0,2,0,6,0,1,0,0,0,1,1,0,0,0,0,0,0,0,0,0,0,0,0,1,0,0,1,0,0,0,0,0,1,0,0,1,1,0,0,0,0,0,149520.046875,155000.0
1794,1,2,0,1,0.0,9.0,3,1,0,2,1,7,0,0,0,1,1,0,1,0,0,0,0,0,0,0,1,0,0,1,1,0,0,0,1,0,0,0,0,0,1,0,0,1,1,0,0,0,0,0,152826.4375,150000.0
1848,1,2,1,1,0.0,4.0,3,1,0,1,1,6,0,0,0,0,1,0,1,0,0,0,0,0,0,0,1,0,0,1,1,0,0,0,1,0,0,0,0,0,1,0,0,1,1,0,0,0,0,0,123718.7109375,120000.0
1748,1,6,0,3,0.0,2.0,3,1,0,1,1,4,0,0,0,0,0,0,0,1,0,0,0,0,0,0,0,1,0,1,1,0,0,0,1,0,0,0,0,0,1,0,0,1,1,0,0,0,0,0,92626.2734375,90000.0
1860,1,6,0,1,0.0,2.0,2,1,0,1,1,6,0,0,0,0,0,0,0,1,0,0,0,0,0,0,0,1,0,1,1,0,0,0,1,0,0,0,0,0,1,0,0,1,1,0,0,0,0,0,149094.546875,75000.0
1707,1,2,2,1,0.0,2.0,3,1,0,2,0,9,0,0,0,1,0,0,1,0,0,0,0,0,0,0,1,0,0,1,1,0,0,0,1,0,0,0,0,0,1,0,0,1,1,0,0,0,0,0,156502.6875,155000.0
1849,1,6,2,3,0.0,2.0,4,1,0,2,2,6,0,0,0,1,1,0,1,0,0,0,0,0,1,0,0,0,0,1,1,0,0,0,1,0,0,0,0,0,1,0,0,1,1,0,0,0,0,0,169036.796875,165000.0
1783,1,6,0,1,0.0,1.0,2,1,0,1,1,7,0,0,0,0,1,0,1,0,0,0,0,0,0,0,1,0,0,1,1,0,0,0,1,0,0,0,0,0,1,0,0,1,1,0,0,0,0,0,111991.7265625,115000.0
1781,1,2,1,1,0.0,4.0,3,1,0,1,1,5,0,0,0,0,0,0,0,1,0,0,0,0,0,0,0,1,0,1,1,0,0,0,1,0,0,0,0,0,1,0,0,1,1,0,0,0,0,0,143580.109375,140000.0
1849,1,6,2,1,0.0,6.0,4,1,1,2,1,6,0,0,0,1,1,0,1,0,0,0,0,0,0,0,0,1,0,1,1,0,0,0,1,0,0,0,0,0,1,0,0,1,1,0,0,0,0,0,180303.765625,180000.0
1740,1,2,1,3,0.0,5.0,3,1,0,0,1,6,0,0,0,0,1,0,1,0,0,0,0,0,0,0,0,1,0,1,1,0,0,0,1,0,0,0,0,0,1,0,0,1,1,0,0,0,0,0,136375.015625,140000.0
1844,1,2,2,1,0.0,4.0,3,1,1,1,1,11,0,0,0,1,1,0,1,0,0,0,0,0,0,0,0,1,0,1,1,0,0,0,1,0,0,0,0,0,1,0,0,1,1,0,0,0,0,0,245969.546875,240000.0
1837,1,6,0,1,0.0,3.0,4,1,0,2,1,6,0,0,0,1,0,0,1,0,0,0,0,0,1,0,0,0,0,1,1,0,0,0,1,0,0,0,0,0,1,0,0,1,1,0,0,0,0,0,94941.9765625,90000.0
1702,1,6,0,3,0.0,7.0,2,1,0,1,0,6,0,0,0,0,1,0,1,0,0,0,0,0,0,0,0,1,0,1,1,0,0,0,1,0,0,0,0,0,1,0,0,1,1,0,0,0,0,0,66609.90625,85000.0
1723,1,6,1,2,0.0,1.0,3,1,0,2,1,5,0,0,0,0,0,0,0,1,0,0,0,0,1,0,0,0,0,1,1,0,0,0,1,0,0,0,0,0,1,0,0,1,1,0,0,0,0,0,128510.2578125,130000.0
1803,1,2,0,1,0.0,4.0,3,1,0,2,1,4,0,0,0,0,0,0,0,1,0,0,0,0,0,0,0,1,0,1,1,0,0,0,1,0,0,0,0,0,1,0,0,1,1,0,0,0,0,0,122287.2109375,120000.0
1865,1,6,1,1,0.0,4.0,3,1,0,2,1,6,0,0,0,0,1,0,1,0,0,0,0,0,0,0,1,0,0,1,1,0,0,0,1,0,0,0,0,0,1,0,0,1,1,0,0,0,0,0,108958.6640625,110000.0
522,0,3,4,1,0.0,2.0,3,1,1,1,0,4,0,0,0,0,0,0,0,1,0,0,0,0,0,0,1,0,0,0,0,1,0,0,1,0,0,0,0,0,0,0,0,0,1,0,0,0,0,0,1331.7674560546875,1200.0
516,0,3,5,1,0.0,1.0,3,1,1,2,1,6,0,0,0,1,0,0,0,0,0,0,0,0,1,0,0,1,0,1,0,0,0,0,0,0,0,0,0,0,1,0,0,0,1,0,0,0,0,0,1122.8065185546875,1000.0
524,0,3,3,1,0.0,1.0,2,0,0,1,1,3,1,0,0,0,0,0,1,0,0,0,0,1,0,1,0,0,0,0,0,0,0,0,1,0,0,0,0,0,1,0,1,0,0,0,0,0,0,0,713.0252685546875,700.0
4189,1,4,2,3,0.0,3.0,2,1,0,1,0,2,0,0,0,0,0,0,0,0,0,0,0,0,0,0,0,0,0,0,0,0,0,0,0,0,0,0,0,0,1,0,1,0,0,0,0,0,0,0,248256.453125,255000.0
695,1,4,5,4,0.0,0.0,4,1,1,1,1,8,0,0,0,0,1,0,0,1,0,0,0,0,1,0,0,1,0,0,0,0,0,0,1,0,0,0,0,1,0,0,0,1,1,0,0,0,0,0,447072.5,450000.0
2593,0,3,0,1,0.0,4.0,1,1,1,1,1,1,0,0,0,0,0,0,0,0,0,0,0,0,0,0,0,0,0,0,0,0,0,1,0,0,0,0,0,0,0,0,0,0,1,0,0,0,0,0,718.3065185546875,660.0
38,0,3,4,1,0.0,1.0,4,1,1,2,1,1,0,0,0,1,1,0,0,0,0,0,0,0,0,0,0,1,0,1,0,0,1,0,0,0,0,0,0,0,0,0,0,0,1,0,0,0,0,0,1695.5096435546875,2250.0
2666,0,3,2,1,0.0,3.0,2,0,1,1,1,1,0,0,0,1,0,0,0,0,0,0,0,0,1,0,0,1,0,0,0,0,0,0,0,0,0,0,0,0,1,0,0,0,1,0,0,0,0,0,1224.8026123046875,800.0
2626,0,3,1,1,0.0,0.0,3,1,1,1,1,1,0,0,0,1,1,0,0,0,0,0,0,0,1,0,0,1,0,0,0,0,0,0,0,0,0,0,0,0,1,0,0,0,1,0,0,0,0,0,670.0252685546875,1050.0
2604,0,3,2,1,0.0,1.0,3,1,1,1,1,0,0,0,0,0,0,0,0,1,0,0,0,0,1,0,0,1,0,0,0,0,0,0,1,0,0,0,0,0,1,0,0,0,1,0,0,0,0,0,481.2049865722656,900.0
2602,0,3,0,1,0.0,0.0,1,1,1,1,1,1,0,0,0,0,0,0,0,0,0,0,0,0,0,1,0,0,0,0,0,0,0,0,0,0,0,0,0,0,0,0,1,0,0,0,0,0,0,0,132.75186157226562,650.0
2649,0,3,0,1,0.0,1.0,2,1,1,1,1,0,0,0,0,0,0,0,0,0,1,0,0,0,0,1,0,0,0,0,0,0,0,0,0,0,0,0,0,0,0,0,0,0,0,0,0,0,0,0,732.0018310546875,750.0
2589,0,3,0,1,0.0,0.0,2,1,1,1,0,1,0,0,0,0,0,0,0,1,0,0,0,0,1,0,0,0,0,0,0,0,0,0,0,0,0,0,0,0,1,0,0,0,1,0,0,0,0,0,711.8533935546875,850.0
2667,0,3,0,1,0.0,2.0,1,0,1,1,1,1,0,0,0,0,0,0,1,0,0,0,0,0,0,0,0,0,0,0,0,0,1,0,0,0,0,0,0,0,0,0,1,0,0,0,0,0,0,0,589.3455810546875,725.0
2601,0,3,3,1,0.0,6.0,3,1,1,1,1,3,0,0,0,1,1,0,0,0,0,0,0,0,1,0,0,1,0,0,0,0,0,0,0,0,0,0,0,0,1,0,0,0,1,0,0,0,0,0,883.9705810546875,1150.0
1770,0,3,0,1,0.0,5.0,2,1,0,1,1,5,0,0,0,0,0,0,0,1,0,0,0,0,1,0,1,0,0,0,1,0,0,0,1,0,0,0,0,0,1,0,0,1,1,0,0,0,0,0,628.3631591796875,550.0
1545,0,3,1,1,0.0,1.0,2,1,1,1,0,1,1,0,0,0,0,0,1,0,0,0,0,0,0,0,0,0,0,0,0,0,1,0,0,0,0,0,0,0,1,0,1,0,0,0,0,0,0,0,571.0447998046875,550.0
1635,0,3,3,1,0.0,2.0,3,1,0,1,1,8,0,0,0,1,1,0,0,0,0,0,0,0,1,0,0,1,0,0,0,0,1,0,0,0,0,0,0,0,1,0,0,1,0,0,0,0,0,0,753.0389404296875,800.0
1534,0,3,0,1,0.0,1.0,2,1,1,1,0,1,0,0,0,0,0,0,0,1,1,0,0,0,0,0,0,0,0,0,0,0,0,0,1,0,0,0,0,0,0,0,1,0,0,0,0,0,0,0,635.3651123046875,595.0
1534,0,3,0,1,0.0,2.0,2,1,1,1,0,1,0,0,0,0,0,0,0,1,0,0,0,0,0,0,0,0,0,0,0,0,0,0,1,0,0,0,0,0,0,0,1,0,0,0,0,0,0,0,593.2401123046875,495.0
1558,0,3,2,1,0.0,1.0,2,1,0,1,1,2,1,0,0,0,0,0,0,0,0,0,0,0,0,1,0,0,0,0,0,0,0,0,1,0,0,0,0,0,0,0,0,0,0,1,0,0,0,0,965.0076904296875,650.0
1566,0,3,2,1,0.0,2.0,2,1,1,1,0,2,1,0,0,0,0,0,1,0,0,0,0,0,0,0,0,0,0,0,0,0,1,0,0,0,0,0,0,0,1,0,1,0,0,0,0,0,0,0,600.7752685546875,675.0
1593,1,6,3,1,0.0,0.0,3,1,0,1,1,11,0,0,0,1,1,0,1,0,0,0,0,0,1,0,0,0,0,0,0,0,1,0,0,0,0,0,0,0,1,0,0,0,1,0,0,0,0,0,281364.34375,275000.0
1566,0,3,2,1,0.0,1.0,2,1,1,1,0,1,1,0,0,0,0,0,1,0,0,0,0,0,0,0,0,0,0,0,0,0,1,0,0,0,0,0,0,0,1,0,1,0,0,0,0,0,0,0,526.1737060546875,550.0
1530,0,3,1,1,0.0,3.0,3,1,0,1,1,7,0,0,0,0,0,0,0,1,0,0,0,0,0,0,0,1,0,0,1,0,1,0,0,0,0,0,0,0,1,0,0,0,1,0,0,0,0,0,668.5721435546875,650.0
1553,1,7,0,1,0.0,0.0,1,1,1,1,1,3,0,0,0,1,0,0,1,0,0,0,0,0,1,0,0,0,0,0,0,0,1,0,0,0,0,0,0,0,0,0,0,0,1,0,0,0,0,0,95917.5078125,95000.0
2820,1,4,1,1,0.0,2.0,4,1,0,2,1,5,0,0,0,1,1,0,1,0,0,0,0,0,1,0,0,0,0,1,1,0,0,0,1,0,0,0,0,1,1,0,0,0,1,0,0,0,0,0,281021.375,275000.0
2786,1,4,2,1,0.0,9.0,2,1,0,1,1,5,0,0,0,1,1,0,1,0,0,0,0,0,1,0,0,0,0,1,1,0,0,0,1,0,0,0,0,0,1,0,0,1,1,0,0,0,0,0,218509.46875,210000.0
2853,1,4,3,1,0.0,1.0,4,1,1,2,1,5,0,0,0,1,1,0,1,0,0,0,0,0,1,0,0,0,0,1,1,0,1,0,0,0,0,1,0,0,1,0,0,1,1,0,0,0,0,0,364640.53125,367500.0
2891,1,4,3,1,0.0,0.0,3,1,1,2,1,7,0,0,0,1,1,0,1,0,0,0,0,0,1,0,0,0,0,1,1,0,0,0,0,0,0,1,0,1,1,0,0,0,1,0,0,0,0,0,356643.875,350000.0
2699,1,7,2,1,0.0,1.0,3,1,1,2,1,7,0,0,0,1,0,0,1,0,0,1,0,0,1,0,0,0,0,1,1,0,0,0,0,0,0,0,0,0,1,0,0,1,1,0,0,0,0,0,367329.09375,375000.0
2907,0,3,3,1,0.0,3.0,4,1,1,1,1,7,0,0,0,1,1,0,1,0,0,0,0,0,0,0,0,1,0,1,1,0,0,0,1,0,0,0,0,1,1,0,0,0,1,0,0,0,0,0,1220.8416748046875,1350.0
2910,1,4,3,1,0.0,4.0,3,1,1,2,1,4,0,0,0,1,0,0,1,0,0,1,0,0,1,0,0,0,0,1,1,0,1,0,0,0,0,1,0,1,1,0,0,0,1,0,0,0,0,0,300562.15625,300000.0
2853,1,7,3,1,0.0,0.0,3,1,1,2,1,4,0,0,0,1,0,0,1,0,0,1,0,0,1,0,0,0,0,1,1,0,0,0,0,0,0,0,0,0,1,0,0,1,1,0,0,0,0,0,277769.15625,280000.0
2847,1,4,3,1,0.0,0.0,3,1,0,2,1,5,0,0,0,1,1,0,1,0,0,0,0,0,1,0,0,0,0,1,1,0,1,0,0,0,0,1,0,0,1,0,0,1,1,0,0,0,0,0,328242.53125,318000.0
2769,1,4,3,1,0.0,5.0,3,1,1,2,1,5,0,0,0,1,1,0,1,0,0,0,0,0,1,0,0,0,0,1,1,0,0,0,1,0,0,0,0,0,1,0,0,1,1,0,0,0,0,0,448024.0,375000.0
2912,1,4,2,1,0.0,4.0,3,1,1,2,1,5,0,0,0,1,1,0,1,0,0,0,0,0,1,0,0,0,0,1,1,0,1,0,0,0,0,0,0,1,1,0,0,1,0,0,0,0,0,0,304725.75,300000.0
2709,1,4,5,1,0.0,8.0,4,1,1,1,1,8,0,0,0,1,0,0,1,0,0,1,0,0,0,0,0,0,1,1,1,0,1,0,0,0,0,0,0,0,1,0,0,1,1,0,0,0,0,0,509903.6875,520000.0
2697,1,4,5,3,0.0,5.0,3,1,0,1,1,4,1,0,0,1,1,0,0,0,0,0,0,0,0,0,1,1,0,1,0,0,1,0,0,0,0,1,0,0,1,0,0,1,1,0,0,0,0,0,406151.375,400000.0
2814,1,4,2,3,0.0,5.0,2,1,1,2,0,3,0,0,0,0,0,0,0,0,0,0,0,0,1,0,0,1,0,1,0,0,1,0,0,0,0,0,0,1,0,0,0,1,1,0,0,0,0,0,265434.03125,270000.0
2774,1,4,2,1,0.0,2.0,3,1,0,2,2,6,0,0,0,1,1,0,1,0,0,0,0,0,1,0,0,0,0,1,1,0,0,0,0,0,0,0,0,1,1,0,0,1,0,0,0,0,0,0,318510.75,340000.0
2800,1,4,2,1,0.0,10.0,3,1,1,2,1,9,0,0,0,1,1,0,1,0,0,0,0,0,1,0,0,0,0,1,1,0,0,0,0,0,0,0,0,1,1,0,0,1,0,0,0,0,0,0,313786.875,315000.0
2767,1,2,2,1,0.0,2.0,3,1,0,2,1,6,0,0,1,0,1,0,1,0,0,0,0,0,1,0,0,1,0,0,1,0,0,0,0,0,0,0,0,0,1,0,0,1,1,0,0,0,0,0,289157.28125,290000.0
2837,1,2,1,1,0.0,4.0,4,1,1,2,1,6,0,0,0,1,1,0,1,0,0,0,0,0,1,0,0,1,0,0,1,0,0,0,1,0,0,0,0,0,1,0,0,1,1,0,0,0,0,0,359724.0625,360000.0
2723,1,4,0,3,0.0,0.0,2,1,0,1,1,5,0,1,0,0,0,0,0,1,0,0,0,0,1,1,0,0,0,0,1,0,0,0,1,0,0,0,0,1,0,0,0,1,1,0,0,0,0,0,141767.5,150000.0
2746,1,4,1,1,0.0,1.0,3,1,1,1,0,5,0,0,0,1,0,0,1,0,0,1,0,0,1,0,0,1,0,1,0,0,0,0,1,0,0,0,0,0,1,0,0,1,1,0,0,0,0,0,261861.078125,260000.0
2745,0,3,2,1,0.0,1.0,2,1,1,1,1,2,1,0,1,0,0,0,0,0,0,1,0,0,0,0,0,0,0,0,0,0,0,1,0,1,0,1,0,0,1,0,1,0,0,0,0,0,0,0,0.0,875.0
2837,1,4,2,1,0.0,1.0,2,1,1,2,1,4,0,0,0,1,1,0,1,0,0,0,0,0,1,0,1,0,0,0,1,0,0,0,0,0,0,0,0,0,1,0,0,1,1,0,0,0,0,0,283677.3125,260000.0
2717,1,2,5,1,0.0,0.0,5,2,2,3,1,8,0,0,0,1,0,0,1,0,0,1,0,0,1,0,0,0,1,1,0,0,0,0,1,0,0,0,0,0,1,0,0,1,1,0,0,0,0,0,537488.5,540000.0
2916,1,4,3,1,0.0,2.0,4,1,0,2,1,6,0,0,1,1,1,0,0,0,0,0,0,0,1,0,0,0,0,1,1,0,1,0,0,0,0,0,0,1,1,0,0,0,1,0,0,0,0,0,355179.78125,350000.0
3027,1,4,1,1,0.0,5.0,2,1,1,1,0,4,1,0,0,0,0,0,1,0,0,0,0,1,0,1,0,0,0,0,0,0,0,0,0,0,0,0,0,1,1,0,0,0,1,0,0,0,0,0,201394.609375,200000.0
2697,1,4,2,1,0.0,2.0,2,1,1,1,1,6,1,0,0,0,0,0,1,0,0,1,0,0,1,0,0,0,0,1,1,0,0,0,1,0,0,0,0,0,1,0,0,1,1,0,0,0,0,0,371567.25,375000.0
2817,1,2,2,1,0.0,2.0,3,1,1,2,1,8,0,0,0,1,1,0,1,0,0,0,0,0,1,0,0,1,0,0,1,0,0,0,1,0,0,0,0,0,1,0,0,1,1,0,0,0,0,0,360548.875,360000.0
2916,1,4,3,1,0.0,1.0,3,1,0,2,1,4,1,0,0,0,0,0,1,0,0,1,0,0,1,0,0,0,0,1,1,0,1,0,0,0,0,0,0,0,1,0,0,1,1,0,0,0,0,0,303437.65625,300000.0
2777,1,2,1,1,0.0,9.0,3,1,1,2,1,5,0,0,0,1,1,0,1,0,0,0,0,0,1,0,0,1,0,0,1,0,0,0,1,0,0,0,0,1,1,0,0,1,0,0,0,0,0,0,277962.25,275000.0
2705,1,2,2,4,0.0,1.0,3,1,1,1,1,5,0,0,0,1,0,0,1,0,0,1,0,0,0,0,0,1,0,1,1,0,0,0,1,0,0,0,0,0,1,0,0,1,1,0,0,0,0,0,325004.40625,325000.0
2757,1,4,1,1,0.0,3.0,2,1,1,1,0,3,1,0,0,0,0,0,1,0,0,1,0,0,0,1,0,0,0,0,0,0,0,0,1,0,0,0,0,0,1,0,0,1,1,0,0,0,0,0,196023.078125,200000.0
2811,1,4,2,1,0.0,1.0,3,1,0,1,1,5,0,0,0,1,1,0,1,0,0,0,0,0,1,0,0,1,0,0,1,0,0,0,0,0,0,0,0,0,1,0,0,1,1,0,0,0,0,0,270854.78125,270000.0
2872,1,4,3,1,0.0,0.0,4,1,1,2,1,5,0,0,0,1,1,0,1,0,0,0,0,0,1,0,0,0,0,1,1,0,1,0,0,0,0,1,0,0,1,0,0,1,1,0,0,0,0,0,348982.5,330000.0
2820,1,2,0,1,0.0,3.0,1,1,0,1,1,2,1,0,0,0,1,0,0,1,0,0,0,0,0,0,0,0,0,0,0,0,0,0,0,0,0,0,0,0,1,0,0,1,1,0,0,0,0,0,156312.421875,156000.0
2879,1,4,0,1,0.0,5.0,1,1,1,1,0,2,0,0,0,0,0,0,0,1,0,0,0,0,1,0,0,0,0,1,1,0,0,0,1,0,0,0,0,1,1,0,0,0,1,0,0,0,0,0,166879.28125,170000.0
2904,1,4,3,1,0.0,0.0,3,1,2,1,1,4,0,0,0,0,0,0,1,1,0,0,0,0,1,0,0,0,0,1,1,0,0,0,1,0,0,0,0,0,1,0,0,1,1,0,0,0,0,0,373742.1875,375000.0
2868,1,2,1,1,0.0,4.0,2,1,1,1,1,7,0,0,0,1,1,0,1,0,0,0,0,0,1,0,0,1,0,0,1,0,0,0,1,0,0,0,0,0,1,0,0,1,1,0,0,0,0,0,295142.0625,288995.0
2804,1,2,1,1,0.0,0.0,3,1,0,1,1,4,0,0,0,0,0,0,0,1,0,0,0,0,1,0,0,0,0,1,1,0,0,0,1,0,0,0,0,0,1,0,0,1,1,0,0,0,0,0,279590.1875,269500.0
2711,1,2,5,1,0.0,0.0,3,1,1,1,1,8,0,0,0,1,1,0,1,0,0,0,0,0,0,0,0,1,1,0,1,0,0,0,1,0,0,0,0,0,1,0,0,0,0,0,1,0,0,1,588470.125,600000.0
2743,1,4,0,1,0.0,1.0,1,1,1,1,0,1,1,0,0,0,0,0,1,0,0,0,0,0,0,0,0,0,0,0,0,0,1,0,0,0,0,0,0,0,1,0,0,1,1,0,0,0,0,0,136047.453125,135000.0
2725,1,4,4,4,0.0,7.0,3,1,1,1,1,6,0,0,0,1,1,0,1,0,0,0,0,0,1,0,0,0,0,1,1,0,0,0,1,0,0,0,0,0,1,0,0,1,1,0,0,0,0,0,311054.34375,310000.0
2727,1,4,1,1,0.0,3.0,2,1,1,1,1,2,0,0,0,1,0,0,1,0,0,0,0,0,0,0,0,0,0,0,0,0,0,0,0,0,0,0,0,0,1,0,0,1,1,0,0,0,0,0,222149.9375,220000.0
2791,1,4,1,1,0.0,1.0,3,1,0,2,1,4,0,0,0,1,0,0,1,0,0,1,0,0,1,0,0,0,0,1,1,0,0,0,1,0,0,0,0,0,1,0,0,1,1,0,0,0,0,0,260357.828125,260000.0
2871,1,4,2,1,0.0,8.0,3,1,0,1,1,5,0,0,0,1,1,0,1,0,0,0,0,0,1,0,0,0,0,1,1,0,0,0,1,0,0,0,0,0,1,0,0,1,1,0,0,0,0,0,268870.0,265000.0
2837,1,2,2,1,0.0,2.0,2,1,1,2,1,2,1,0,0,1,0,0,1,0,0,0,0,0,1,0,0,0,0,1,1,0,0,0,0,0,0,0,0,1,1,0,0,0,1,0,0,0,0,0,247730.265625,250000.0
3020,1,4,3,1,0.0,3.0,3,1,1,2,1,5,0,0,0,0,1,0,1,1,0,0,0,0,1,0,0,0,0,1,1,0,0,0,1,0,0,0,0,0,1,0,0,1,1,0,0,0,0,0,422214.53125,425000.0
2747,1,4,2,1,0.0,3.0,3,1,0,1,1,5,0,0,0,1,0,0,1,0,0,1,0,0,1,0,0,0,0,1,1,0,0,0,1,0,0,0,0,0,1,0,0,1,1,0,0,0,0,0,241422.828125,290000.0
2900,1,4,5,1,0.0,0.0,4,1,1,1,1,8,0,0,0,1,1,1,0,0,0,0,0,0,0,0,0,0,1,1,1,0,0,0,1,0,0,0,0,0,1,0,0,1,1,0,0,0,0,0,580933.6875,575000.0
2789,1,4,2,1,0.0,3.0,3,1,1,1,2,4,0,0,0,1,0,0,1,0,0,0,0,1,1,0,0,0,0,1,1,0,0,0,1,0,0,0,0,0,1,0,0,1,1,0,0,0,0,0,304394.65625,300000.0
1071,1,6,2,1,0.0,1.0,3,1,0,0,1,0,0,0,0,0,0,0,0,1,0,0,0,0,1,0,0,1,0,0,0,0,1,0,0,0,0,0,0,0,1,0,0,0,1,0,0,0,0,0,115056.3984375,115000.0
1078,1,6,4,1,0.0,0.0,3,1,0,1,0,2,0,0,0,1,1,0,1,0,0,0,0,0,0,0,0,1,1,1,0,0,1,0,0,0,0,0,0,0,1,0,0,0,1,0,0,0,0,0,199051.21875,199999.0
1073,1,6,3,1,0.0,0.0,3,1,0,1,1,0,0,0,0,1,0,0,1,0,0,0,0,0,1,0,0,1,1,0,0,0,1,0,0,0,0,0,0,1,1,0,0,0,1,0,0,0,0,0,156195.453125,155000.0
1075,1,6,2,1,0.0,1.0,1,1,0,1,1,0,0,0,0,0,0,0,1,0,0,0,0,0,1,0,0,1,0,0,0,0,1,0,0,0,0,0,0,1,1,0,0,0,1,0,0,0,0,0,152847.109375,95000.0
1064,1,6,3,1,0.0,1.0,5,1,0,1,0,2,0,0,0,0,0,0,1,0,0,0,0,0,1,1,0,0,0,0,0,0,1,0,0,0,0,0,0,0,0,0,0,0,1,0,0,0,0,0,300717.5625,170000.0
1070,1,1,0,1,0.0,0.0,1,1,0,0,0,2,0,0,0,1,0,0,0,1,0,0,0,0,0,1,0,0,0,1,0,0,1,0,0,0,0,0,0,1,1,0,0,0,1,0,0,0,0,0,61900.2421875,59995.0
2105,1,6,2,1,0.0,1.0,2,1,0,2,1,0,0,1,0,0,0,0,1,0,0,0,0,0,0,1,1,1,0,0,0,0,0,0,1,0,0,0,0,1,1,0,0,0,0,0,0,0,0,0,198191.359375,290000.0
2102,0,3,1,1,0.0,3.0,2,1,2,1,0,0,0,0,0,0,0,0,1,0,0,0,0,0,1,0,0,1,0,0,0,0,0,0,0,0,0,0,0,1,0,0,0,0,0,0,0,0,0,0,608.4783935546875,1500.0
3510,1,4,0,1,0.0,1.0,3,1,0,1,0,6,0,0,0,1,1,0,1,0,0,0,0,0,1,0,1,0,1,0,0,0,0,0,0,0,0,0,0,0,1,0,0,1,1,0,0,0,0,0,153017.546875,150000.0
491,0,3,2,1,0.0,2.0,3,1,1,1,1,5,0,0,0,0,0,1,1,0,0,1,0,0,1,0,0,0,0,0,0,0,0,0,1,0,0,0,0,1,1,0,0,0,0,0,0,0,0,0,1279.4315185546875,1875.0
504,0,3,2,1,0.0,2.0,3,1,1,1,1,3,0,0,0,0,0,0,0,1,0,0,0,0,1,0,0,0,0,0,0,0,0,0,1,0,0,0,0,0,0,0,0,0,1,0,0,0,0,1,1331.0252685546875,1700.0
496,0,3,3,1,0.0,2.0,2,1,1,2,1,3,1,0,0,0,0,0,0,0,0,0,0,0,1,0,0,0,0,0,0,0,0,0,1,0,0,0,0,1,1,1,0,0,0,0,0,0,0,0,1434.8240966796875,1625.0
510,1,4,2,1,0.0,10.0,3,1,0,1,1,9,0,0,0,0,0,1,1,0,0,1,0,0,1,0,0,0,1,0,0,0,0,0,0,0,0,0,0,1,1,0,0,1,0,0,0,0,0,0,335699.9375,335500.0
502,0,3,1,1,0.0,2.0,2,1,1,2,0,2,0,1,0,0,0,0,0,0,0,0,0,0,1,0,0,0,0,0,0,0,0,0,1,0,0,0,0,0,0,0,0,0,0,1,0,0,0,0,1277.1209716796875,860.0
502,0,3,1,1,0.0,4.0,2,1,1,2,0,2,0,1,0,0,0,0,0,0,0,0,0,0,1,0,0,0,0,0,0,0,0,0,1,0,0,0,0,0,0,0,0,0,0,1,0,0,0,0,1136.3963623046875,900.0
505,0,3,4,1,0.0,1.0,5,1,1,1,1,7,0,0,0,1,0,0,0,0,0,0,0,0,1,0,0,0,0,0,0,0,0,0,1,0,0,0,0,0,0,0,0,0,1,0,0,0,0,0,2651.744140625,3000.0
505,0,3,4,1,0.0,6.0,5,1,1,1,1,7,0,0,0,1,0,0,0,0,0,0,0,0,1,0,0,0,0,0,0,0,0,0,1,0,0,0,0,0,0,0,0,0,1,0,0,0,0,0,2227.095703125,2250.0
505,0,3,4,1,0.0,0.0,5,1,1,1,1,7,0,0,0,1,0,0,0,0,0,0,0,0,1,0,0,0,0,0,0,0,0,0,1,0,0,0,0,0,0,0,0,0,1,0,0,0,0,0,2746.587890625,3000.0
505,0,3,4,1,0.0,0.0,5,1,1,1,1,7,0,0,0,1,0,0,0,0,0,0,0,0,1,0,0,0,0,0,0,0,0,0,1,0,0,0,0,0,0,0,0,0,1,0,0,0,0,0,2746.587890625,3000.0
2545,1,6,2,1,0.0,2.0,4,1,1,1,1,1,1,0,0,0,0,0,1,1,0,0,0,0,1,0,0,0,0,0,0,1,0,0,1,0,0,0,0,0,1,0,1,0,0,0,0,0,0,1,239261.28125,240000.0
1360,1,7,4,1,0.0,0.0,3,1,1,0,0,6,0,0,0,0,0,0,0,1,1,0,0,0,0,1,0,0,1,0,0,0,0,0,0,0,0,0,0,0,1,0,0,0,1,0,0,0,0,0,305889.375,299000.0
1397,1,7,2,4,0.0,2.0,3,1,1,1,1,3,0,0,0,0,0,0,0,1,0,0,0,0,0,0,0,0,1,0,1,0,0,0,0,0,0,0,0,0,0,0,1,0,0,0,0,0,0,0,170309.078125,170000.0
2743,0,3,1,1,0.0,3.0,2,1,1,1,1,1,0,0,0,0,0,0,0,1,0,0,0,0,1,0,0,0,0,1,1,0,0,0,0,0,0,0,0,0,1,0,0,1,1,0,0,0,0,0,751.1541748046875,775.0
2876,1,2,1,1,0.0,3.0,2,1,1,1,0,6,0,0,0,1,1,0,1,0,0,0,0,0,0,0,1,0,0,1,1,0,0,0,1,0,0,0,0,0,1,0,0,1,1,0,0,0,0,0,214558.640625,210000.0
2908,1,2,3,1,0.0,0.0,4,1,1,2,1,6,0,0,0,1,1,0,1,0,0,0,0,0,1,0,0,0,0,1,1,0,1,0,0,0,0,1,0,1,1,0,0,0,1,0,0,0,0,0,359445.0625,350000.0
2726,1,4,1,1,0.0,2.0,2,1,1,1,1,3,0,0,0,0,0,0,0,1,0,0,0,0,1,0,0,0,0,1,1,0,0,0,1,0,0,0,0,0,1,0,0,1,1,0,0,0,0,0,253720.171875,240000.0
2872,1,2,3,1,0.0,2.0,3,1,1,2,1,5,1,0,0,1,0,0,1,0,0,0,0,0,1,0,0,1,0,0,1,0,0,0,0,0,0,0,0,1,1,0,0,1,0,0,0,0,0,0,341313.75,325000.0
3494,1,4,1,1,0.0,1.0,3,1,0,0,1,10,0,0,0,0,1,0,1,0,0,0,0,0,1,0,0,0,0,0,0,0,0,0,0,0,0,0,0,0,0,0,0,0,0,0,0,0,0,0,179896.140625,180000.0
3481,0,3,2,1,0.0,7.0,3,1,1,1,1,7,1,0,0,0,0,0,1,0,0,0,0,0,1,0,0,0,1,0,0,0,0,0,1,0,0,0,0,0,1,0,0,0,1,0,0,0,0,0,784.3846435546875,850.0
3568,0,3,1,1,0.0,1.0,2,1,1,1,1,5,0,0,0,1,1,0,0,0,0,0,0,0,1,0,0,0,1,0,0,0,0,0,1,0,0,0,0,0,1,0,0,0,1,0,0,0,0,0,542.6971435546875,720.0
1963,0,3,2,1,0.0,0.0,4,1,1,2,1,4,0,0,0,1,0,0,0,0,0,0,0,0,1,0,0,0,0,0,0,0,0,0,0,0,0,0,0,0,0,0,0,0,1,0,0,0,0,0,839.6307373046875,850.0
805,0,3,0,1,0.0,0.0,2,1,1,1,1,0,0,0,0,0,0,0,0,1,0,0,0,0,1,0,0,1,0,0,0,0,0,0,1,0,0,0,0,0,1,0,0,0,1,0,0,0,0,0,565.4197998046875,400.0
1425,1,2,4,1,0.0,0.0,4,1,1,1,1,6,0,0,0,1,0,0,1,0,0,0,0,0,1,0,1,0,0,1,0,0,0,0,0,0,0,0,0,0,1,0,0,0,1,0,0,0,0,0,548993.75,550000.0
4167,1,4,4,1,0.0,2.0,4,1,1,1,1,5,0,0,0,1,0,0,1,0,0,1,0,0,1,0,0,1,0,1,0,0,0,0,0,0,0,0,0,0,1,0,0,0,1,0,0,0,0,0,519773.71875,525000.0
4165,1,4,3,1,0.0,0.0,3,1,1,1,0,3,0,0,0,0,0,0,1,0,0,0,0,0,1,0,0,0,0,1,0,0,0,0,0,0,0,0,0,0,0,0,0,0,0,0,0,0,0,0,401033.90625,400000.0
4183,1,4,3,1,0.0,3.0,2,1,1,1,1,2,1,0,0,0,0,0,0,0,0,0,0,0,1,0,0,0,0,1,0,0,1,0,0,0,0,0,0,1,1,0,0,0,0,0,0,0,0,0,324078.375,325000.0
4129,1,4,2,1,0.0,6.0,2,1,1,1,0,1,0,0,0,0,0,0,0,0,0,0,0,0,0,0,0,0,0,0,0,0,0,0,0,0,0,0,0,0,0,0,0,0,1,0,0,0,0,0,201129.328125,200000.0
4143,1,4,2,1,0.0,8.0,4,1,1,1,1,6,0,0,0,0,0,0,1,0,0,0,0,0,1,0,0,1,1,0,0,0,0,0,0,0,0,0,0,0,0,0,0,0,1,0,0,0,0,0,483850.5625,475000.0
4059,1,2,6,1,0.0,2.0,5,1,1,1,1,6,0,0,0,0,1,0,1,0,0,0,0,0,1,0,0,0,0,1,0,0,0,0,0,0,0,0,0,0,0,0,0,0,1,0,0,0,0,0,754285.9375,750000.0
4097,1,4,3,1,0.0,1.0,3,1,1,1,0,5,0,0,0,0,0,0,1,0,0,0,0,0,1,0,0,0,0,0,1,0,0,0,0,0,0,0,0,0,0,0,0,0,1,0,0,0,0,0,495420.40625,500000.0
4054,1,4,2,1,0.0,1.0,3,1,1,1,1,4,0,0,0,0,0,0,1,0,0,0,0,0,1,0,0,0,0,1,1,0,0,0,0,0,0,0,0,0,0,0,0,0,1,0,0,0,0,0,502709.125,500000.0
4164,1,4,6,1,0.0,0.0,3,1,1,1,1,6,0,0,0,1,1,1,0,0,0,0,0,0,0,0,0,0,0,1,1,0,0,0,0,0,0,0,0,0,0,0,0,0,1,0,0,0,0,0,957635.375,960000.0
1426,1,4,1,1,0.0,2.0,2,1,1,1,1,2,0,1,0,0,0,0,0,0,0,0,0,0,0,1,0,0,0,0,0,0,0,0,0,0,0,0,0,0,0,0,1,0,0,0,0,0,0,0,219143.359375,220000.0
4183,1,4,3,1,0.0,2.0,2,1,1,1,1,2,0,0,0,1,0,0,1,0,0,0,0,0,1,0,0,0,0,1,1,0,0,0,0,0,0,0,0,0,0,0,0,0,1,0,0,0,0,0,326267.1875,325000.0
4045,1,4,1,1,0.0,8.0,1,1,1,1,0,2,0,1,0,0,0,0,1,0,0,0,0,0,0,1,0,0,0,0,0,0,0,0,0,0,0,0,0,0,0,0,1,0,0,0,0,0,0,0,182811.140625,190000.0
4110,1,4,3,1,0.0,5.0,2,1,1,1,0,3,0,0,0,0,0,0,1,0,0,0,0,0,1,0,0,0,0,1,0,0,0,0,0,0,0,0,0,0,0,0,0,0,0,0,1,0,0,0,451931.40625,450000.0
1495,1,4,2,1,0.0,2.0,2,1,1,1,1,1,0,0,0,0,0,0,0,1,0,0,0,0,1,0,0,1,0,1,0,0,0,0,1,0,0,0,0,0,1,0,0,0,1,0,0,0,0,0,357455.34375,350000.0
1493,1,2,2,1,0.0,1.0,3,1,1,1,1,1,0,0,0,1,0,0,1,0,0,1,0,0,1,0,1,0,0,1,0,0,0,0,1,0,0,0,0,0,0,0,0,0,0,0,1,0,0,0,294692.78125,300000.0
1484,1,2,4,1,0.0,1.0,4,1,1,2,1,0,0,0,0,1,1,0,1,0,0,0,0,0,1,0,1,0,0,0,1,0,0,0,1,0,0,0,0,0,1,0,0,0,1,0,0,0,0,0,397922.84375,390000.0
1486,1,4,4,1,0.0,2.0,3,1,1,1,1,1,0,0,0,1,1,0,1,0,0,0,0,0,0,0,1,1,0,1,0,0,0,0,1,0,0,0,0,0,1,0,0,0,1,0,0,0,0,0,351709.65625,350000.0
1491,1,2,3,1,0.0,3.0,3,1,0,2,1,1,0,0,0,1,1,0,1,0,0,0,0,0,0,0,1,0,1,1,0,0,0,0,1,0,0,0,0,0,1,0,0,0,1,0,0,1,0,0,344203.3125,335000.0
1490,1,4,3,1,0.0,1.0,3,1,0,2,1,2,0,0,0,1,1,0,1,0,0,0,0,0,1,0,1,0,0,1,0,0,0,0,1,0,0,0,0,0,1,0,0,0,1,0,0,0,0,0,352191.625,355000.0
583,1,4,0,3,0.0,5.0,1,1,1,1,0,1,0,0,0,0,0,0,0,1,0,0,0,0,0,1,0,0,0,0,0,0,0,0,1,0,0,0,0,0,1,0,0,0,1,0,0,0,0,0,95104.6171875,95000.0
577,1,4,0,3,0.0,5.0,1,1,1,1,0,1,0,0,0,0,0,0,0,1,0,0,0,0,1,0,0,0,0,1,0,0,1,0,0,0,0,0,0,0,1,0,0,0,1,0,0,0,0,0,93511.3984375,95000.0
584,1,4,0,3,0.0,2.0,1,1,1,0,0,2,0,0,0,0,0,0,0,1,0,0,0,0,1,1,0,1,0,0,0,0,0,0,1,0,0,0,0,0,1,0,0,0,1,0,0,0,0,0,96879.8203125,95000.0
571,1,4,0,3,0.0,2.0,1,1,1,1,0,1,0,1,0,0,0,0,0,0,0,0,0,0,1,1,0,0,0,0,0,0,0,0,1,0,0,0,0,0,1,0,0,0,1,0,0,0,0,0,93183.3359375,95000.0
588,1,4,1,4,0.0,2.0,2,1,1,2,0,1,0,0,0,0,0,0,0,1,0,0,0,0,1,0,0,1,0,0,0,0,0,0,1,0,0,0,0,1,1,0,0,0,0,0,0,0,0,0,147358.3125,145000.0
590,1,4,1,4,0.0,3.0,3,1,1,1,0,1,0,0,0,0,0,0,0,1,0,0,0,0,1,0,0,1,0,0,0,0,0,0,1,0,0,0,0,1,1,0,0,0,0,0,0,0,0,0,163042.921875,165000.0
1383,0,3,0,1,0.0,0.0,1,1,1,1,1,2,1,0,0,0,0,0,1,0,0,1,0,0,0,0,0,0,0,0,0,0,0,0,0,0,0,0,0,0,0,0,0,0,1,0,0,0,0,0,653.0975341796875,550.0
1381,1,4,2,4,0.0,1.0,2,1,1,1,0,6,0,0,0,1,0,0,1,0,0,1,0,0,1,0,0,1,0,0,0,0,0,0,0,0,0,0,0,1,0,0,0,0,0,0,0,0,0,0,151407.421875,150000.0
1331,1,4,1,1,0.0,2.0,2,1,1,1,1,2,0,0,0,0,0,0,0,1,0,0,0,0,1,0,0,0,1,1,0,0,0,0,0,0,0,0,0,0,1,0,0,0,1,0,0,0,0,0,212756.546875,210000.0
1393,0,3,0,1,0.0,1.0,1,1,1,1,0,2,0,0,0,1,0,0,1,0,0,0,0,0,0,0,0,0,1,0,0,0,0,0,0,0,0,0,0,0,1,0,0,0,1,0,0,0,0,0,594.5994873046875,695.0
1406,0,3,1,1,0.0,1.0,2,1,1,1,0,1,0,0,0,0,0,0,0,1,0,0,0,0,0,0,0,0,1,1,0,0,0,0,0,0,0,0,0,0,0,0,0,0,1,0,0,0,0,0,784.1776123046875,640.0
1374,1,4,2,4,0.0,3.0,3,1,1,1,1,4,0,0,0,1,1,1,0,0,0,0,0,0,1,0,1,0,0,1,0,0,0,0,0,0,0,0,0,0,0,0,1,0,0,0,0,0,0,0,208430.640625,210000.0
1336,0,3,2,1,0.0,4.0,3,1,1,1,1,4,0,0,0,1,1,0,0,0,0,1,0,0,1,0,0,1,1,0,0,0,0,0,0,0,0,0,0,0,1,0,0,0,1,0,0,0,0,0,867.0721435546875,895.0
1384,0,3,2,1,0.0,2.0,3,1,1,1,1,3,0,0,0,1,1,0,1,0,0,0,0,0,0,0,1,0,0,0,1,0,0,0,0,0,0,0,0,0,1,0,0,0,1,0,0,0,0,0,912.9783935546875,950.0
1402,1,2,5,4,0.0,1.0,3,2,1,2,2,11,0,0,0,1,1,0,1,0,0,0,0,0,0,0,0,0,0,1,0,1,0,1,0,0,1,0,0,0,0,0,0,0,1,0,0,0,0,0,315461.84375,325000.0
1362,1,2,1,1,0.0,0.0,3,1,1,1,1,1,0,0,0,0,0,0,0,1,1,0,0,0,0,0,0,0,0,0,0,0,0,0,0,0,0,0,0,0,1,0,0,0,1,0,0,0,0,0,240669.015625,240000.0
1404,0,3,1,1,0.0,1.0,2,1,1,1,1,1,0,0,0,0,1,0,0,0,0,0,0,0,0,0,0,0,0,0,0,0,0,0,0,0,0,0,0,0,0,0,0,0,1,0,0,0,0,0,834.5799560546875,650.0
1389,1,4,2,3,0.0,0.0,3,1,1,1,1,4,0,0,0,1,0,0,0,1,0,0,0,0,1,0,0,0,1,1,0,0,0,0,0,0,0,0,0,0,1,0,0,0,1,0,0,0,0,0,207718.421875,209950.0
1409,0,3,1,1,0.0,1.0,3,1,1,1,1,4,0,0,0,1,0,0,1,0,0,0,0,0,1,0,0,1,0,0,0,0,0,0,0,0,0,0,0,1,1,0,0,0,0,0,0,0,0,0,655.5194091796875,650.0
1403,1,7,4,1,0.0,1.0,4,1,1,1,0,6,0,0,0,1,1,0,1,0,0,0,0,0,1,0,0,0,1,1,0,0,0,0,0,0,0,0,0,0,1,1,0,0,0,0,0,0,0,1,596032.5,575000.0
1398,1,7,2,1,0.0,3.0,2,1,1,1,1,4,0,0,0,0,0,0,1,0,0,1,0,0,0,0,0,0,0,1,1,1,0,0,0,0,0,0,0,0,1,0,1,0,0,0,0,0,0,0,301119.5,310000.0
1401,0,3,3,1,0.0,1.0,2,1,1,1,0,4,0,0,0,0,0,0,0,1,0,0,0,0,1,0,0,0,0,1,0,0,0,0,0,0,0,0,0,0,1,0,0,0,1,0,0,0,0,0,1287.7362060546875,850.0
1368,0,3,4,1,0.0,1.0,3,1,1,0,1,3,0,1,0,0,1,0,0,0,0,0,0,0,0,1,0,0,0,0,0,0,0,0,0,0,0,0,0,0,1,0,1,0,0,0,0,0,0,0,1793.7557373046875,1950.0
1913,1,7,2,1,0.0,3.0,4,1,0,1,1,6,0,0,0,0,1,0,1,0,0,0,0,0,1,0,1,1,0,0,0,0,0,0,0,0,0,0,0,0,1,0,0,0,1,0,0,0,0,0,186525.078125,185000.0
2026,1,7,0,1,0.0,1.0,3,1,0,1,1,5,0,0,0,0,0,0,0,1,0,0,0,0,1,0,1,0,0,0,1,0,0,0,0,0,0,0,0,0,0,0,0,0,1,0,0,0,0,0,134261.859375,135000.0
2039,1,7,3,1,0.0,1.0,4,1,0,3,1,5,0,0,0,0,0,0,0,1,0,0,0,0,0,0,1,1,0,0,1,0,0,0,0,0,0,0,0,0,1,0,0,0,1,0,0,0,0,0,385324.65625,385000.0
331,1,7,2,1,0.0,2.0,5,2,0,1,1,10,0,0,0,0,1,0,1,0,0,0,0,0,1,0,0,1,1,0,0,0,0,0,0,0,0,0,0,0,1,0,0,0,1,0,0,0,0,0,171016.765625,170000.0
2093,1,7,2,4,0.0,1.0,3,1,0,1,1,4,0,0,0,0,1,0,1,0,0,0,0,0,1,0,0,1,0,1,0,0,0,0,0,0,0,0,0,0,1,0,0,0,1,0,0,1,0,0,195268.96875,190000.0
2050,1,7,0,4,0.0,1.0,3,1,0,1,0,3,0,0,0,0,0,0,0,1,0,0,0,0,0,1,0,0,0,0,0,0,0,0,0,0,0,0,0,1,0,0,0,0,0,0,0,0,0,0,111207.59375,110000.0
1933,1,7,2,1,0.0,1.0,2,1,0,1,1,3,0,0,0,0,0,0,0,1,0,0,0,0,1,0,1,0,0,1,0,0,0,0,0,0,0,0,0,0,1,0,0,0,1,0,0,0,0,0,201059.859375,200000.0
2033,1,6,0,1,0.0,1.0,2,1,0,1,1,2,0,0,0,0,0,0,0,1,0,0,0,0,0,0,1,1,0,0,0,0,0,0,0,0,0,0,0,0,1,0,0,0,1,0,0,0,0,0,111281.8203125,110000.0
1939,1,6,1,1,0.0,2.0,4,1,0,1,1,3,0,0,0,1,0,0,1,0,0,0,0,0,0,0,1,1,0,0,1,0,0,0,0,0,0,0,0,0,1,0,0,0,1,0,0,0,0,0,191937.90625,200000.0
1935,1,7,1,1,0.0,1.0,3,1,1,1,1,4,0,0,0,0,0,0,0,1,0,0,0,0,1,0,0,0,0,0,0,0,0,0,0,0,0,0,0,0,1,0,0,0,1,0,0,0,0,0,150693.859375,220000.0
1931,1,6,0,1,0.0,3.0,2,1,0,0,1,5,0,0,0,0,0,0,0,1,0,0,0,0,1,0,0,1,1,0,0,0,0,0,0,0,0,0,0,0,1,0,0,0,1,0,0,0,0,0,157666.359375,155000.0
2023,1,4,1,1,0.0,2.0,2,1,0,0,1,7,0,0,0,1,1,0,1,0,0,0,0,0,0,0,1,0,0,0,1,0,0,0,0,0,0,0,0,0,1,0,0,0,1,0,0,0,0,0,203985.765625,210000.0
1937,1,6,0,1,0.0,2.0,3,1,0,1,1,5,0,0,0,0,0,0,0,1,0,0,0,0,0,0,1,1,0,0,0,0,0,0,0,0,0,0,0,0,1,0,0,0,1,0,0,0,0,0,129366.28125,130000.0
3433,1,7,0,1,0.0,1.0,2,1,0,1,0,3,0,0,0,0,0,0,0,1,0,0,0,0,1,0,1,1,0,0,0,0,0,0,0,0,0,0,0,0,0,0,0,0,1,0,0,0,0,0,87584.6015625,85000.0
2039,1,7,3,1,0.0,0.0,4,1,0,1,1,11,0,0,0,0,0,0,0,1,0,0,0,0,0,0,1,1,0,0,1,0,0,0,0,0,0,0,0,0,1,0,0,0,1,0,0,0,0,0,389164.5,470000.0
1915,1,7,2,1,0.0,1.0,3,1,0,1,1,5,0,0,0,1,0,0,1,0,0,0,0,0,1,0,0,1,1,0,0,0,0,0,0,0,0,0,0,1,1,0,0,0,0,0,0,0,0,0,253183.734375,250000.0
3477,1,7,4,1,0.0,2.0,4,1,0,2,3,7,0,0,0,1,1,0,1,0,0,0,0,0,1,0,1,1,0,0,0,0,0,0,0,0,0,0,0,0,1,0,0,0,1,0,0,0,0,0,335772.1875,350000.0
2040,1,7,3,1,0.0,1.0,3,1,0,2,1,7,1,0,0,0,1,0,1,0,0,0,0,0,0,0,0,0,0,0,0,0,0,0,0,0,0,0,0,0,1,0,0,0,1,0,0,0,0,0,254344.3125,250000.0
3116,0,3,4,1,0.0,2.0,4,1,0,0,1,10,0,0,0,1,0,0,1,0,0,0,0,0,1,0,0,0,1,0,0,0,0,0,0,0,0,0,0,0,0,0,0,1,1,0,0,0,0,0,1764.7635498046875,1750.0
4476,0,3,3,1,0.0,0.0,3,1,2,2,0,1,0,0,0,1,1,0,1,0,0,0,0,0,1,0,0,1,0,0,0,0,0,0,0,0,0,0,0,0,0,0,0,0,1,0,0,0,0,0,769.3162841796875,1200.0
4443,1,6,3,1,0.0,1.0,3,1,1,1,1,3,0,0,0,1,0,0,1,0,0,0,0,0,1,0,1,1,0,0,0,0,0,0,0,0,0,0,0,0,1,0,0,0,1,0,0,0,0,0,334037.1875,340000.0
4458,1,6,5,1,0.0,0.0,4,1,0,2,1,6,0,0,0,1,1,0,1,0,0,0,0,0,1,0,1,0,1,0,0,0,0,0,0,0,0,0,0,0,1,0,0,1,1,0,0,0,0,0,449794.28125,450000.0
547,0,3,0,1,0.0,2.0,1,1,0,1,1,1,0,0,0,0,0,0,0,1,0,0,0,0,1,0,0,1,0,0,0,0,0,0,0,0,0,0,0,0,1,0,0,1,1,0,0,0,0,0,689.3026123046875,750.0
4448,0,3,3,1,0.0,3.0,2,1,0,1,0,3,0,0,0,0,0,1,1,0,0,0,0,0,1,0,0,1,1,0,0,0,0,0,0,0,0,0,0,0,1,0,0,0,1,0,0,0,0,0,0.0,1100.0
